182 90
3 6
1 2 2 3 2 3 2 3 3 2 2 3 3 3 2 3 3 3 2 3 3 3 3 2 2 3 3 3 3 3 2 3 3 3 3 3 2 3 3 3 3 3 3 2 2 3 3 3 3 3 3 3 2 3 3 3 3 3 3 3 2 3 3 3 3 3 3 3 3 2 2 3 3 3 3 3 3 3 3 3 1 2 2 2 2 2 2 2 2 2 1 1 2 2 3 2 3 2 3 3 2 2 3 3 3 2 3 3 3 2 3 3 3 3 2 2 3 3 3 3 3 2 3 3 3 3 3 2 3 3 3 3 3 3 2 2 3 3 3 3 3 3 3 2 3 3 3 3 3 3 3 2 3 3 3 3 3 3 3 3 2 2 3 3 3 3 3 3 3 3 3 1 2 2 2 2 2 2 2 2 2 1 
4 4 6 4 6 6 4 6 6 4 6 6 6 6 4 6 6 6 4 6 6 6 6 6 6 4 6 6 6 6 4 6 6 6 6 6 6 6 6 4 4 4 4 4 4 4 4 6 4 6 6 4 6 6 4 6 6 6 6 4 6 6 6 4 6 6 6 6 6 6 4 6 6 6 6 4 6 6 6 6 6 6 6 6 4 4 4 4 4 4 
46 0 0 
46 47 0 
46 48 0 
46 47 48 
48 49 0 
47 48 50 
47 50 0 
48 49 51 
48 50 51 
50 52 0 
49 53 0 
49 51 53 
50 51 54 
50 52 54 
53 55 0 
51 53 56 
51 54 56 
52 54 57 
52 57 0 
53 55 58 
53 56 58 
54 56 59 
54 57 59 
57 60 0 
55 61 0 
55 58 61 
56 58 62 
56 59 62 
57 59 63 
57 60 63 
61 64 0 
58 61 65 
58 62 65 
59 62 66 
59 63 66 
60 63 67 
60 67 0 
61 64 68 
61 65 68 
62 65 69 
62 66 69 
63 66 70 
63 67 70 
67 71 0 
64 72 0 
64 68 72 
65 68 73 
65 69 73 
66 69 74 
66 70 74 
67 70 75 
67 71 75 
72 76 0 
68 72 77 
68 73 77 
69 73 78 
69 74 78 
70 74 79 
70 75 79 
71 75 80 
71 80 0 
72 76 81 
72 77 81 
73 77 82 
73 78 82 
74 78 83 
74 79 83 
75 79 84 
75 80 84 
80 85 0 
76 86 0 
76 81 86 
77 81 87 
77 82 87 
78 82 88 
78 83 88 
79 83 89 
79 84 89 
80 84 90 
80 85 90 
86 0 0 
81 86 0 
81 87 0 
82 87 0 
82 88 0 
83 88 0 
83 89 0 
84 89 0 
84 90 0 
85 90 0 
85 0 0 
1 0 0 
1 2 0 
1 3 0 
1 2 3 
3 4 0 
2 3 5 
2 5 0 
3 4 6 
3 5 6 
5 7 0 
4 8 0 
4 6 8 
5 6 9 
5 7 9 
8 10 0 
6 8 11 
6 9 11 
7 9 12 
7 12 0 
8 10 13 
8 11 13 
9 11 14 
9 12 14 
12 15 0 
10 16 0 
10 13 16 
11 13 17 
11 14 17 
12 14 18 
12 15 18 
16 19 0 
13 16 20 
13 17 20 
14 17 21 
14 18 21 
15 18 22 
15 22 0 
16 19 23 
16 20 23 
17 20 24 
17 21 24 
18 21 25 
18 22 25 
22 26 0 
19 27 0 
19 23 27 
20 23 28 
20 24 28 
21 24 29 
21 25 29 
22 25 30 
22 26 30 
27 31 0 
23 27 32 
23 28 32 
24 28 33 
24 29 33 
25 29 34 
25 30 34 
26 30 35 
26 35 0 
27 31 36 
27 32 36 
28 32 37 
28 33 37 
29 33 38 
29 34 38 
30 34 39 
30 35 39 
35 40 0 
31 41 0 
31 36 41 
32 36 42 
32 37 42 
33 37 43 
33 38 43 
34 38 44 
34 39 44 
35 39 45 
35 40 45 
41 0 0 
36 41 0 
36 42 0 
37 42 0 
37 43 0 
38 43 0 
38 44 0 
39 44 0 
39 45 0 
40 45 0 
40 0 0 
92 93 94 95 0 0 
93 95 97 98 0 0 
94 95 96 97 99 100 
96 99 102 103 0 0 
97 98 100 101 104 105 
99 100 103 104 107 108 
101 105 109 110 0 0 
102 103 106 107 111 112 
104 105 108 109 113 114 
106 111 116 117 0 0 
107 108 112 113 118 119 
109 110 114 115 120 121 
111 112 117 118 123 124 
113 114 119 120 125 126 
115 121 127 128 0 0 
116 117 122 123 129 130 
118 119 124 125 131 132 
120 121 126 127 133 134 
122 129 136 137 0 0 
123 124 130 131 138 139 
125 126 132 133 140 141 
127 128 134 135 142 143 
129 130 137 138 145 146 
131 132 139 140 147 148 
133 134 141 142 149 150 
135 143 151 152 0 0 
136 137 144 145 153 154 
138 139 146 147 155 156 
140 141 148 149 157 158 
142 143 150 151 159 160 
144 153 162 163 0 0 
145 146 154 155 164 165 
147 148 156 157 166 167 
149 150 158 159 168 169 
151 152 160 161 170 171 
153 154 163 164 173 174 
155 156 165 166 175 176 
157 158 167 168 177 178 
159 160 169 170 179 180 
161 171 181 182 0 0 
162 163 172 173 0 0 
164 165 174 175 0 0 
166 167 176 177 0 0 
168 169 178 179 0 0 
170 171 180 181 0 0 
1 2 3 4 0 0 
2 4 6 7 0 0 
3 4 5 6 8 9 
5 8 11 12 0 0 
6 7 9 10 13 14 
8 9 12 13 16 17 
10 14 18 19 0 0 
11 12 15 16 20 21 
13 14 17 18 22 23 
15 20 25 26 0 0 
16 17 21 22 27 28 
18 19 23 24 29 30 
20 21 26 27 32 33 
22 23 28 29 34 35 
24 30 36 37 0 0 
25 26 31 32 38 39 
27 28 33 34 40 41 
29 30 35 36 42 43 
31 38 45 46 0 0 
32 33 39 40 47 48 
34 35 41 42 49 50 
36 37 43 44 51 52 
38 39 46 47 54 55 
40 41 48 49 56 57 
42 43 50 51 58 59 
44 52 60 61 0 0 
45 46 53 54 62 63 
47 48 55 56 64 65 
49 50 57 58 66 67 
51 52 59 60 68 69 
53 62 71 72 0 0 
54 55 63 64 73 74 
56 57 65 66 75 76 
58 59 67 68 77 78 
60 61 69 70 79 80 
62 63 72 73 82 83 
64 65 74 75 84 85 
66 67 76 77 86 87 
68 69 78 79 88 89 
70 80 90 91 0 0 
71 72 81 82 0 0 
73 74 83 84 0 0 
75 76 85 86 0 0 
77 78 87 88 0 0 
79 80 89 90 0 0 
