31 32
7 8
5 2 7 4 4 6 5 5 4 6 6 6 4 4 6 6 7 4 6 6 6 6 7 4 3 5 5 5 5 5 4 
4 4 4 8 4 4 4 4 8 4 8 4 4 4 4 4 4 4 8 4 4 4 4 8 4 8 4 4 4 4 7 7 
1 1 	2 1 	16 2 	17 2 	31 2 	0 0 	0 0 	
2 1 	17 2 	0 0 	0 0 	0 0 	0 0 	0 0 	
1 1 	2 1 	4 1 	16 2 	17 2 	19 2 	31 2 	
2 1 	4 1 	17 2 	19 2 	0 0 	0 0 	0 0 	
1 1 	3 1 	16 2 	18 2 	0 0 	0 0 	0 0 	
1 1 	3 1 	4 1 	16 2 	18 2 	19 2 	0 0 	
4 1 	5 1 	19 2 	20 2 	31 2 	0 0 	0 0 	
5 1 	6 1 	20 2 	21 2 	31 2 	0 0 	0 0 	
3 1 	9 1 	18 2 	24 2 	0 0 	0 0 	0 0 	
3 1 	4 1 	9 1 	18 2 	19 2 	24 2 	0 0 	
4 1 	5 1 	11 1 	19 2 	20 2 	26 2 	0 0 	
5 1 	6 1 	11 1 	20 2 	21 2 	26 2 	0 0 	
7 1 	8 1 	22 2 	23 2 	0 0 	0 0 	0 0 	
8 1 	9 1 	23 2 	24 2 	0 0 	0 0 	0 0 	
4 1 	9 1 	10 1 	19 2 	24 2 	25 2 	0 0 	
4 1 	10 1 	11 1 	19 2 	25 2 	26 2 	0 0 	
6 1 	11 1 	12 1 	21 2 	26 2 	27 2 	31 2 	
6 1 	12 1 	21 2 	27 2 	0 0 	0 0 	0 0 	
7 1 	8 1 	13 1 	22 2 	23 2 	28 2 	0 0 	
8 1 	9 1 	13 1 	23 2 	24 2 	28 2 	0 0 	
9 1 	10 1 	14 1 	24 2 	25 2 	29 2 	0 0 	
10 1 	11 1 	14 1 	25 2 	26 2 	29 2 	0 0 	
11 1 	12 1 	15 1 	26 2 	27 2 	30 2 	31 2 	
12 1 	15 1 	27 2 	30 2 	0 0 	0 0 	0 0 	
7 1 	22 2 	32 1 	0 0 	0 0 	0 0 	0 0 	
7 1 	13 1 	22 2 	28 2 	32 1 	0 0 	0 0 	
9 1 	13 1 	24 2 	28 2 	32 1 	0 0 	0 0 	
9 1 	14 1 	24 2 	29 2 	32 1 	0 0 	0 0 	
11 1 	14 1 	26 2 	29 2 	32 1 	0 0 	0 0 	
11 1 	15 1 	26 2 	30 2 	32 1 	0 0 	0 0 	
15 1 	30 2 	31 2 	32 1 	0 0 	0 0 	0 0 	
1 1 	3 1 	5 1 	6 1 	0 0 	0 0 	0 0 	0 0 	
1 1 	2 1 	3 1 	4 1 	0 0 	0 0 	0 0 	0 0 	
5 1 	6 1 	9 1 	10 1 	0 0 	0 0 	0 0 	0 0 	
3 1 	4 1 	6 1 	7 1 	10 1 	11 1 	15 1 	16 1 	
7 1 	8 1 	11 1 	12 1 	0 0 	0 0 	0 0 	0 0 	
8 1 	12 1 	17 1 	18 1 	0 0 	0 0 	0 0 	0 0 	
13 1 	19 1 	25 1 	26 1 	0 0 	0 0 	0 0 	0 0 	
13 1 	14 1 	19 1 	20 1 	0 0 	0 0 	0 0 	0 0 	
9 1 	10 1 	14 1 	15 1 	20 1 	21 1 	27 1 	28 1 	
15 1 	16 1 	21 1 	22 1 	0 0 	0 0 	0 0 	0 0 	
11 1 	12 1 	16 1 	17 1 	22 1 	23 1 	29 1 	30 1 	
17 1 	18 1 	23 1 	24 1 	0 0 	0 0 	0 0 	0 0 	
19 1 	20 1 	26 1 	27 1 	0 0 	0 0 	0 0 	0 0 	
21 1 	22 1 	28 1 	29 1 	0 0 	0 0 	0 0 	0 0 	
23 1 	24 1 	30 1 	31 1 	0 0 	0 0 	0 0 	0 0 	
1 2 	3 2 	5 2 	6 2 	0 0 	0 0 	0 0 	0 0 	
1 2 	2 2 	3 2 	4 2 	0 0 	0 0 	0 0 	0 0 	
5 2 	6 2 	9 2 	10 2 	0 0 	0 0 	0 0 	0 0 	
3 2 	4 2 	6 2 	7 2 	10 2 	11 2 	15 2 	16 2 	
7 2 	8 2 	11 2 	12 2 	0 0 	0 0 	0 0 	0 0 	
8 2 	12 2 	17 2 	18 2 	0 0 	0 0 	0 0 	0 0 	
13 2 	19 2 	25 2 	26 2 	0 0 	0 0 	0 0 	0 0 	
13 2 	14 2 	19 2 	20 2 	0 0 	0 0 	0 0 	0 0 	
9 2 	10 2 	14 2 	15 2 	20 2 	21 2 	27 2 	28 2 	
15 2 	16 2 	21 2 	22 2 	0 0 	0 0 	0 0 	0 0 	
11 2 	12 2 	16 2 	17 2 	22 2 	23 2 	29 2 	30 2 	
17 2 	18 2 	23 2 	24 2 	0 0 	0 0 	0 0 	0 0 	
19 2 	20 2 	26 2 	27 2 	0 0 	0 0 	0 0 	0 0 	
21 2 	22 2 	28 2 	29 2 	0 0 	0 0 	0 0 	0 0 	
23 2 	24 2 	30 2 	31 2 	0 0 	0 0 	0 0 	0 0 	
1 2 	3 2 	7 2 	8 2 	17 2 	23 2 	31 2 	0 0 	
25 1 	26 1 	27 1 	28 1 	29 1 	30 1 	31 1 	0 0 	
