338 168
3 6
1 2 2 3 2 3 2 3 3 2 2 3 3 3 2 3 3 3 2 3 3 3 3 2 2 3 3 3 3 3 2 3 3 3 3 3 2 3 3 3 3 3 3 2 2 3 3 3 3 3 3 3 2 3 3 3 3 3 3 3 2 3 3 3 3 3 3 3 3 2 2 3 3 3 3 3 3 3 3 3 2 3 3 3 3 3 3 3 3 3 2 3 3 3 3 3 3 3 3 3 3 2 2 3 3 3 3 3 3 3 3 3 3 3 2 3 3 3 3 3 3 3 3 3 3 3 2 3 3 3 3 3 3 3 3 3 3 3 3 2 2 3 3 3 3 3 3 3 3 3 3 3 3 3 1 2 2 2 2 2 2 2 2 2 2 2 2 2 1 1 2 2 3 2 3 2 3 3 2 2 3 3 3 2 3 3 3 2 3 3 3 3 2 2 3 3 3 3 3 2 3 3 3 3 3 2 3 3 3 3 3 3 2 2 3 3 3 3 3 3 3 2 3 3 3 3 3 3 3 2 3 3 3 3 3 3 3 3 2 2 3 3 3 3 3 3 3 3 3 2 3 3 3 3 3 3 3 3 3 2 3 3 3 3 3 3 3 3 3 3 2 2 3 3 3 3 3 3 3 3 3 3 3 2 3 3 3 3 3 3 3 3 3 3 3 2 3 3 3 3 3 3 3 3 3 3 3 3 2 2 3 3 3 3 3 3 3 3 3 3 3 3 3 1 2 2 2 2 2 2 2 2 2 2 2 2 2 1 
4 4 6 4 6 6 4 6 6 4 6 6 6 6 4 6 6 6 4 6 6 6 6 6 6 4 6 6 6 6 4 6 6 6 6 6 6 6 6 4 6 6 6 6 6 4 6 6 6 6 6 6 6 6 6 6 4 6 6 6 6 6 6 4 6 6 6 6 6 6 6 6 6 6 6 6 4 4 4 4 4 4 4 4 4 4 6 4 6 6 4 6 6 4 6 6 6 6 4 6 6 6 4 6 6 6 6 6 6 4 6 6 6 6 4 6 6 6 6 6 6 6 6 4 6 6 6 6 6 4 6 6 6 6 6 6 6 6 6 6 4 6 6 6 6 6 6 4 6 6 6 6 6 6 6 6 6 6 6 6 4 4 4 4 4 4 4 4 
85 0 0 
85 86 0 
85 87 0 
85 86 87 
87 88 0 
86 87 89 
86 89 0 
87 88 90 
87 89 90 
89 91 0 
88 92 0 
88 90 92 
89 90 93 
89 91 93 
92 94 0 
90 92 95 
90 93 95 
91 93 96 
91 96 0 
92 94 97 
92 95 97 
93 95 98 
93 96 98 
96 99 0 
94 100 0 
94 97 100 
95 97 101 
95 98 101 
96 98 102 
96 99 102 
100 103 0 
97 100 104 
97 101 104 
98 101 105 
98 102 105 
99 102 106 
99 106 0 
100 103 107 
100 104 107 
101 104 108 
101 105 108 
102 105 109 
102 106 109 
106 110 0 
103 111 0 
103 107 111 
104 107 112 
104 108 112 
105 108 113 
105 109 113 
106 109 114 
106 110 114 
111 115 0 
107 111 116 
107 112 116 
108 112 117 
108 113 117 
109 113 118 
109 114 118 
110 114 119 
110 119 0 
111 115 120 
111 116 120 
112 116 121 
112 117 121 
113 117 122 
113 118 122 
114 118 123 
114 119 123 
119 124 0 
115 125 0 
115 120 125 
116 120 126 
116 121 126 
117 121 127 
117 122 127 
118 122 128 
118 123 128 
119 123 129 
119 124 129 
125 130 0 
120 125 131 
120 126 131 
121 126 132 
121 127 132 
122 127 133 
122 128 133 
123 128 134 
123 129 134 
124 129 135 
124 135 0 
125 130 136 
125 131 136 
126 131 137 
126 132 137 
127 132 138 
127 133 138 
128 133 139 
128 134 139 
129 134 140 
129 135 140 
135 141 0 
130 142 0 
130 136 142 
131 136 143 
131 137 143 
132 137 144 
132 138 144 
133 138 145 
133 139 145 
134 139 146 
134 140 146 
135 140 147 
135 141 147 
142 148 0 
136 142 149 
136 143 149 
137 143 150 
137 144 150 
138 144 151 
138 145 151 
139 145 152 
139 146 152 
140 146 153 
140 147 153 
141 147 154 
141 154 0 
142 148 155 
142 149 155 
143 149 156 
143 150 156 
144 150 157 
144 151 157 
145 151 158 
145 152 158 
146 152 159 
146 153 159 
147 153 160 
147 154 160 
154 161 0 
148 162 0 
148 155 162 
149 155 163 
149 156 163 
150 156 164 
150 157 164 
151 157 165 
151 158 165 
152 158 166 
152 159 166 
153 159 167 
153 160 167 
154 160 168 
154 161 168 
162 0 0 
155 162 0 
155 163 0 
156 163 0 
156 164 0 
157 164 0 
157 165 0 
158 165 0 
158 166 0 
159 166 0 
159 167 0 
160 167 0 
160 168 0 
161 168 0 
161 0 0 
1 0 0 
1 2 0 
1 3 0 
1 2 3 
3 4 0 
2 3 5 
2 5 0 
3 4 6 
3 5 6 
5 7 0 
4 8 0 
4 6 8 
5 6 9 
5 7 9 
8 10 0 
6 8 11 
6 9 11 
7 9 12 
7 12 0 
8 10 13 
8 11 13 
9 11 14 
9 12 14 
12 15 0 
10 16 0 
10 13 16 
11 13 17 
11 14 17 
12 14 18 
12 15 18 
16 19 0 
13 16 20 
13 17 20 
14 17 21 
14 18 21 
15 18 22 
15 22 0 
16 19 23 
16 20 23 
17 20 24 
17 21 24 
18 21 25 
18 22 25 
22 26 0 
19 27 0 
19 23 27 
20 23 28 
20 24 28 
21 24 29 
21 25 29 
22 25 30 
22 26 30 
27 31 0 
23 27 32 
23 28 32 
24 28 33 
24 29 33 
25 29 34 
25 30 34 
26 30 35 
26 35 0 
27 31 36 
27 32 36 
28 32 37 
28 33 37 
29 33 38 
29 34 38 
30 34 39 
30 35 39 
35 40 0 
31 41 0 
31 36 41 
32 36 42 
32 37 42 
33 37 43 
33 38 43 
34 38 44 
34 39 44 
35 39 45 
35 40 45 
41 46 0 
36 41 47 
36 42 47 
37 42 48 
37 43 48 
38 43 49 
38 44 49 
39 44 50 
39 45 50 
40 45 51 
40 51 0 
41 46 52 
41 47 52 
42 47 53 
42 48 53 
43 48 54 
43 49 54 
44 49 55 
44 50 55 
45 50 56 
45 51 56 
51 57 0 
46 58 0 
46 52 58 
47 52 59 
47 53 59 
48 53 60 
48 54 60 
49 54 61 
49 55 61 
50 55 62 
50 56 62 
51 56 63 
51 57 63 
58 64 0 
52 58 65 
52 59 65 
53 59 66 
53 60 66 
54 60 67 
54 61 67 
55 61 68 
55 62 68 
56 62 69 
56 63 69 
57 63 70 
57 70 0 
58 64 71 
58 65 71 
59 65 72 
59 66 72 
60 66 73 
60 67 73 
61 67 74 
61 68 74 
62 68 75 
62 69 75 
63 69 76 
63 70 76 
70 77 0 
64 78 0 
64 71 78 
65 71 79 
65 72 79 
66 72 80 
66 73 80 
67 73 81 
67 74 81 
68 74 82 
68 75 82 
69 75 83 
69 76 83 
70 76 84 
70 77 84 
78 0 0 
71 78 0 
71 79 0 
72 79 0 
72 80 0 
73 80 0 
73 81 0 
74 81 0 
74 82 0 
75 82 0 
75 83 0 
76 83 0 
76 84 0 
77 84 0 
77 0 0 
170 171 172 173 0 0 
171 173 175 176 0 0 
172 173 174 175 177 178 
174 177 180 181 0 0 
175 176 178 179 182 183 
177 178 181 182 185 186 
179 183 187 188 0 0 
180 181 184 185 189 190 
182 183 186 187 191 192 
184 189 194 195 0 0 
185 186 190 191 196 197 
187 188 192 193 198 199 
189 190 195 196 201 202 
191 192 197 198 203 204 
193 199 205 206 0 0 
194 195 200 201 207 208 
196 197 202 203 209 210 
198 199 204 205 211 212 
200 207 214 215 0 0 
201 202 208 209 216 217 
203 204 210 211 218 219 
205 206 212 213 220 221 
207 208 215 216 223 224 
209 210 217 218 225 226 
211 212 219 220 227 228 
213 221 229 230 0 0 
214 215 222 223 231 232 
216 217 224 225 233 234 
218 219 226 227 235 236 
220 221 228 229 237 238 
222 231 240 241 0 0 
223 224 232 233 242 243 
225 226 234 235 244 245 
227 228 236 237 246 247 
229 230 238 239 248 249 
231 232 241 242 251 252 
233 234 243 244 253 254 
235 236 245 246 255 256 
237 238 247 248 257 258 
239 249 259 260 0 0 
240 241 250 251 261 262 
242 243 252 253 263 264 
244 245 254 255 265 266 
246 247 256 257 267 268 
248 249 258 259 269 270 
250 261 272 273 0 0 
251 252 262 263 274 275 
253 254 264 265 276 277 
255 256 266 267 278 279 
257 258 268 269 280 281 
259 260 270 271 282 283 
261 262 273 274 285 286 
263 264 275 276 287 288 
265 266 277 278 289 290 
267 268 279 280 291 292 
269 270 281 282 293 294 
271 283 295 296 0 0 
272 273 284 285 297 298 
274 275 286 287 299 300 
276 277 288 289 301 302 
278 279 290 291 303 304 
280 281 292 293 305 306 
282 283 294 295 307 308 
284 297 310 311 0 0 
285 286 298 299 312 313 
287 288 300 301 314 315 
289 290 302 303 316 317 
291 292 304 305 318 319 
293 294 306 307 320 321 
295 296 308 309 322 323 
297 298 311 312 325 326 
299 300 313 314 327 328 
301 302 315 316 329 330 
303 304 317 318 331 332 
305 306 319 320 333 334 
307 308 321 322 335 336 
309 323 337 338 0 0 
310 311 324 325 0 0 
312 313 326 327 0 0 
314 315 328 329 0 0 
316 317 330 331 0 0 
318 319 332 333 0 0 
320 321 334 335 0 0 
322 323 336 337 0 0 
1 2 3 4 0 0 
2 4 6 7 0 0 
3 4 5 6 8 9 
5 8 11 12 0 0 
6 7 9 10 13 14 
8 9 12 13 16 17 
10 14 18 19 0 0 
11 12 15 16 20 21 
13 14 17 18 22 23 
15 20 25 26 0 0 
16 17 21 22 27 28 
18 19 23 24 29 30 
20 21 26 27 32 33 
22 23 28 29 34 35 
24 30 36 37 0 0 
25 26 31 32 38 39 
27 28 33 34 40 41 
29 30 35 36 42 43 
31 38 45 46 0 0 
32 33 39 40 47 48 
34 35 41 42 49 50 
36 37 43 44 51 52 
38 39 46 47 54 55 
40 41 48 49 56 57 
42 43 50 51 58 59 
44 52 60 61 0 0 
45 46 53 54 62 63 
47 48 55 56 64 65 
49 50 57 58 66 67 
51 52 59 60 68 69 
53 62 71 72 0 0 
54 55 63 64 73 74 
56 57 65 66 75 76 
58 59 67 68 77 78 
60 61 69 70 79 80 
62 63 72 73 82 83 
64 65 74 75 84 85 
66 67 76 77 86 87 
68 69 78 79 88 89 
70 80 90 91 0 0 
71 72 81 82 92 93 
73 74 83 84 94 95 
75 76 85 86 96 97 
77 78 87 88 98 99 
79 80 89 90 100 101 
81 92 103 104 0 0 
82 83 93 94 105 106 
84 85 95 96 107 108 
86 87 97 98 109 110 
88 89 99 100 111 112 
90 91 101 102 113 114 
92 93 104 105 116 117 
94 95 106 107 118 119 
96 97 108 109 120 121 
98 99 110 111 122 123 
100 101 112 113 124 125 
102 114 126 127 0 0 
103 104 115 116 128 129 
105 106 117 118 130 131 
107 108 119 120 132 133 
109 110 121 122 134 135 
111 112 123 124 136 137 
113 114 125 126 138 139 
115 128 141 142 0 0 
116 117 129 130 143 144 
118 119 131 132 145 146 
120 121 133 134 147 148 
122 123 135 136 149 150 
124 125 137 138 151 152 
126 127 139 140 153 154 
128 129 142 143 156 157 
130 131 144 145 158 159 
132 133 146 147 160 161 
134 135 148 149 162 163 
136 137 150 151 164 165 
138 139 152 153 166 167 
140 154 168 169 0 0 
141 142 155 156 0 0 
143 144 157 158 0 0 
145 146 159 160 0 0 
147 148 161 162 0 0 
149 150 163 164 0 0 
151 152 165 166 0 0 
153 154 167 168 0 0 
