1010110000000000000000000000000000000000000000000
1111000000000000000000000000000000000000000000000
0000110011000000000000000000000000000000000000000
0011011001100011000000000000000000000000000000000
0000001100110000000000000000000000000000000000000
0000000100010000110000000000000000000000000000000
0000000000001000001000001100000000000000000000000
0000000000001100001100000000000000000000000000000
0000000011000110000110000011000000000000000000000
0000000000000011000011000000000000000000000000000
0000000000110001100001100000110000000000000000000
0000000000000000110000110000000000000000000000000
0000000000000000000000001100000011000000000000000
0000000000000000001100000110000001100000011000000
0000000000000000000000000011000000110000000000000
0000000000000000000011000001100000011000000110000
0000000000000000000000000000110000001100000000000
0000000000000000000000110000011000000110000001100
0000000000000000000000000000001100000011000000000
0000000000000000000000000000000100000001000000011
0000000000000000000000000000000011000000110000000
0000000000000000000000000000000000110000001100000
0000000000000000000000000000000000001100000011000
0000000000000000000000000000000000000011000000110
2020220000000000000000000000000000000000000000000
2222000000000000000000000000000000000000000000000
0000220022000000000000000000000000000000000000000
0022022002200022000000000000000000000000000000000
0000002200220000000000000000000000000000000000000
0000000200020000220000000000000000000000000000000
0000000000002000002000002200000000000000000000000
0000000000002200002200000000000000000000000000000
0000000022000220000220000022000000000000000000000
0000000000000022000022000000000000000000000000000
0000000000220002200002200000220000000000000000000
0000000000000000220000220000000000000000000000000
0000000000000000000000002200000022000000000000000
0000000000000000002200000220000002200000022000000
0000000000000000000000000022000000220000000000000
0000000000000000000022000002200000022000000220000
0000000000000000000000000000220000002200000000000
0000000000000000000000220000022000000220000002200
0000000000000000000000000000002200000022000000000
0000000000000000000000000000000200000002000000022
0000000000000000000000000000000022000000220000000
0000000000000000000000000000000000220000002200000
0000000000000000000000000000000000002200000022000
0000000000000000000000000000000000000022000000220
