122 60
3 6
1 2 2 3 2 3 2 3 3 2 2 3 3 3 2 3 3 3 2 3 3 3 3 2 2 3 3 3 3 3 2 3 3 3 3 3 2 3 3 3 3 3 3 2 2 3 3 3 3 3 3 3 1 2 2 2 2 2 2 2 1 1 2 2 3 2 3 2 3 3 2 2 3 3 3 2 3 3 3 2 3 3 3 3 2 2 3 3 3 3 3 2 3 3 3 3 3 2 3 3 3 3 3 3 2 2 3 3 3 3 3 3 3 1 2 2 2 2 2 2 2 1 
4 4 6 4 6 6 4 6 6 4 6 6 6 6 4 6 6 6 4 6 6 6 6 6 6 4 4 4 4 4 4 4 6 4 6 6 4 6 6 4 6 6 6 6 4 6 6 6 4 6 6 6 6 6 6 4 4 4 4 4 
31 0 0 
31 32 0 
31 33 0 
31 32 33 
33 34 0 
32 33 35 
32 35 0 
33 34 36 
33 35 36 
35 37 0 
34 38 0 
34 36 38 
35 36 39 
35 37 39 
38 40 0 
36 38 41 
36 39 41 
37 39 42 
37 42 0 
38 40 43 
38 41 43 
39 41 44 
39 42 44 
42 45 0 
40 46 0 
40 43 46 
41 43 47 
41 44 47 
42 44 48 
42 45 48 
46 49 0 
43 46 50 
43 47 50 
44 47 51 
44 48 51 
45 48 52 
45 52 0 
46 49 53 
46 50 53 
47 50 54 
47 51 54 
48 51 55 
48 52 55 
52 56 0 
49 57 0 
49 53 57 
50 53 58 
50 54 58 
51 54 59 
51 55 59 
52 55 60 
52 56 60 
57 0 0 
53 57 0 
53 58 0 
54 58 0 
54 59 0 
55 59 0 
55 60 0 
56 60 0 
56 0 0 
1 0 0 
1 2 0 
1 3 0 
1 2 3 
3 4 0 
2 3 5 
2 5 0 
3 4 6 
3 5 6 
5 7 0 
4 8 0 
4 6 8 
5 6 9 
5 7 9 
8 10 0 
6 8 11 
6 9 11 
7 9 12 
7 12 0 
8 10 13 
8 11 13 
9 11 14 
9 12 14 
12 15 0 
10 16 0 
10 13 16 
11 13 17 
11 14 17 
12 14 18 
12 15 18 
16 19 0 
13 16 20 
13 17 20 
14 17 21 
14 18 21 
15 18 22 
15 22 0 
16 19 23 
16 20 23 
17 20 24 
17 21 24 
18 21 25 
18 22 25 
22 26 0 
19 27 0 
19 23 27 
20 23 28 
20 24 28 
21 24 29 
21 25 29 
22 25 30 
22 26 30 
27 0 0 
23 27 0 
23 28 0 
24 28 0 
24 29 0 
25 29 0 
25 30 0 
26 30 0 
26 0 0 
62 63 64 65 0 0 
63 65 67 68 0 0 
64 65 66 67 69 70 
66 69 72 73 0 0 
67 68 70 71 74 75 
69 70 73 74 77 78 
71 75 79 80 0 0 
72 73 76 77 81 82 
74 75 78 79 83 84 
76 81 86 87 0 0 
77 78 82 83 88 89 
79 80 84 85 90 91 
81 82 87 88 93 94 
83 84 89 90 95 96 
85 91 97 98 0 0 
86 87 92 93 99 100 
88 89 94 95 101 102 
90 91 96 97 103 104 
92 99 106 107 0 0 
93 94 100 101 108 109 
95 96 102 103 110 111 
97 98 104 105 112 113 
99 100 107 108 115 116 
101 102 109 110 117 118 
103 104 111 112 119 120 
105 113 121 122 0 0 
106 107 114 115 0 0 
108 109 116 117 0 0 
110 111 118 119 0 0 
112 113 120 121 0 0 
1 2 3 4 0 0 
2 4 6 7 0 0 
3 4 5 6 8 9 
5 8 11 12 0 0 
6 7 9 10 13 14 
8 9 12 13 16 17 
10 14 18 19 0 0 
11 12 15 16 20 21 
13 14 17 18 22 23 
15 20 25 26 0 0 
16 17 21 22 27 28 
18 19 23 24 29 30 
20 21 26 27 32 33 
22 23 28 29 34 35 
24 30 36 37 0 0 
25 26 31 32 38 39 
27 28 33 34 40 41 
29 30 35 36 42 43 
31 38 45 46 0 0 
32 33 39 40 47 48 
34 35 41 42 49 50 
36 37 43 44 51 52 
38 39 46 47 54 55 
40 41 48 49 56 57 
42 43 50 51 58 59 
44 52 60 61 0 0 
45 46 53 54 0 0 
47 48 55 56 0 0 
49 50 57 58 0 0 
51 52 59 60 0 0 
