662 330
3 6
1 2 2 3 2 3 2 3 3 2 2 3 3 3 2 3 3 3 2 3 3 3 3 2 2 3 3 3 3 3 2 3 3 3 3 3 2 3 3 3 3 3 3 2 2 3 3 3 3 3 3 3 2 3 3 3 3 3 3 3 2 3 3 3 3 3 3 3 3 2 2 3 3 3 3 3 3 3 3 3 2 3 3 3 3 3 3 3 3 3 2 3 3 3 3 3 3 3 3 3 3 2 2 3 3 3 3 3 3 3 3 3 3 3 2 3 3 3 3 3 3 3 3 3 3 3 2 3 3 3 3 3 3 3 3 3 3 3 3 2 2 3 3 3 3 3 3 3 3 3 3 3 3 3 2 3 3 3 3 3 3 3 3 3 3 3 3 3 2 3 3 3 3 3 3 3 3 3 3 3 3 3 3 2 2 3 3 3 3 3 3 3 3 3 3 3 3 3 3 3 2 3 3 3 3 3 3 3 3 3 3 3 3 3 3 3 2 3 3 3 3 3 3 3 3 3 3 3 3 3 3 3 3 2 2 3 3 3 3 3 3 3 3 3 3 3 3 3 3 3 3 3 2 3 3 3 3 3 3 3 3 3 3 3 3 3 3 3 3 3 2 3 3 3 3 3 3 3 3 3 3 3 3 3 3 3 3 3 3 2 2 3 3 3 3 3 3 3 3 3 3 3 3 3 3 3 3 3 3 3 1 2 2 2 2 2 2 2 2 2 2 2 2 2 2 2 2 2 2 2 1 1 2 2 3 2 3 2 3 3 2 2 3 3 3 2 3 3 3 2 3 3 3 3 2 2 3 3 3 3 3 2 3 3 3 3 3 2 3 3 3 3 3 3 2 2 3 3 3 3 3 3 3 2 3 3 3 3 3 3 3 2 3 3 3 3 3 3 3 3 2 2 3 3 3 3 3 3 3 3 3 2 3 3 3 3 3 3 3 3 3 2 3 3 3 3 3 3 3 3 3 3 2 2 3 3 3 3 3 3 3 3 3 3 3 2 3 3 3 3 3 3 3 3 3 3 3 2 3 3 3 3 3 3 3 3 3 3 3 3 2 2 3 3 3 3 3 3 3 3 3 3 3 3 3 2 3 3 3 3 3 3 3 3 3 3 3 3 3 2 3 3 3 3 3 3 3 3 3 3 3 3 3 3 2 2 3 3 3 3 3 3 3 3 3 3 3 3 3 3 3 2 3 3 3 3 3 3 3 3 3 3 3 3 3 3 3 2 3 3 3 3 3 3 3 3 3 3 3 3 3 3 3 3 2 2 3 3 3 3 3 3 3 3 3 3 3 3 3 3 3 3 3 2 3 3 3 3 3 3 3 3 3 3 3 3 3 3 3 3 3 2 3 3 3 3 3 3 3 3 3 3 3 3 3 3 3 3 3 3 2 2 3 3 3 3 3 3 3 3 3 3 3 3 3 3 3 3 3 3 3 1 2 2 2 2 2 2 2 2 2 2 2 2 2 2 2 2 2 2 2 1 
4 4 6 4 6 6 4 6 6 4 6 6 6 6 4 6 6 6 4 6 6 6 6 6 6 4 6 6 6 6 4 6 6 6 6 6 6 6 6 4 6 6 6 6 6 4 6 6 6 6 6 6 6 6 6 6 4 6 6 6 6 6 6 4 6 6 6 6 6 6 6 6 6 6 6 6 4 6 6 6 6 6 6 6 4 6 6 6 6 6 6 6 6 6 6 6 6 6 6 4 6 6 6 6 6 6 6 6 4 6 6 6 6 6 6 6 6 6 6 6 6 6 6 6 6 4 6 6 6 6 6 6 6 6 6 4 6 6 6 6 6 6 6 6 6 6 6 6 6 6 6 6 6 6 4 4 4 4 4 4 4 4 4 4 4 4 4 6 4 6 6 4 6 6 4 6 6 6 6 4 6 6 6 4 6 6 6 6 6 6 4 6 6 6 6 4 6 6 6 6 6 6 6 6 4 6 6 6 6 6 4 6 6 6 6 6 6 6 6 6 6 4 6 6 6 6 6 6 4 6 6 6 6 6 6 6 6 6 6 6 6 4 6 6 6 6 6 6 6 4 6 6 6 6 6 6 6 6 6 6 6 6 6 6 4 6 6 6 6 6 6 6 6 4 6 6 6 6 6 6 6 6 6 6 6 6 6 6 6 6 4 6 6 6 6 6 6 6 6 6 4 6 6 6 6 6 6 6 6 6 6 6 6 6 6 6 6 6 6 4 4 4 4 4 4 4 4 4 4 4 
166 0 0 
166 167 0 
166 168 0 
166 167 168 
168 169 0 
167 168 170 
167 170 0 
168 169 171 
168 170 171 
170 172 0 
169 173 0 
169 171 173 
170 171 174 
170 172 174 
173 175 0 
171 173 176 
171 174 176 
172 174 177 
172 177 0 
173 175 178 
173 176 178 
174 176 179 
174 177 179 
177 180 0 
175 181 0 
175 178 181 
176 178 182 
176 179 182 
177 179 183 
177 180 183 
181 184 0 
178 181 185 
178 182 185 
179 182 186 
179 183 186 
180 183 187 
180 187 0 
181 184 188 
181 185 188 
182 185 189 
182 186 189 
183 186 190 
183 187 190 
187 191 0 
184 192 0 
184 188 192 
185 188 193 
185 189 193 
186 189 194 
186 190 194 
187 190 195 
187 191 195 
192 196 0 
188 192 197 
188 193 197 
189 193 198 
189 194 198 
190 194 199 
190 195 199 
191 195 200 
191 200 0 
192 196 201 
192 197 201 
193 197 202 
193 198 202 
194 198 203 
194 199 203 
195 199 204 
195 200 204 
200 205 0 
196 206 0 
196 201 206 
197 201 207 
197 202 207 
198 202 208 
198 203 208 
199 203 209 
199 204 209 
200 204 210 
200 205 210 
206 211 0 
201 206 212 
201 207 212 
202 207 213 
202 208 213 
203 208 214 
203 209 214 
204 209 215 
204 210 215 
205 210 216 
205 216 0 
206 211 217 
206 212 217 
207 212 218 
207 213 218 
208 213 219 
208 214 219 
209 214 220 
209 215 220 
210 215 221 
210 216 221 
216 222 0 
211 223 0 
211 217 223 
212 217 224 
212 218 224 
213 218 225 
213 219 225 
214 219 226 
214 220 226 
215 220 227 
215 221 227 
216 221 228 
216 222 228 
223 229 0 
217 223 230 
217 224 230 
218 224 231 
218 225 231 
219 225 232 
219 226 232 
220 226 233 
220 227 233 
221 227 234 
221 228 234 
222 228 235 
222 235 0 
223 229 236 
223 230 236 
224 230 237 
224 231 237 
225 231 238 
225 232 238 
226 232 239 
226 233 239 
227 233 240 
227 234 240 
228 234 241 
228 235 241 
235 242 0 
229 243 0 
229 236 243 
230 236 244 
230 237 244 
231 237 245 
231 238 245 
232 238 246 
232 239 246 
233 239 247 
233 240 247 
234 240 248 
234 241 248 
235 241 249 
235 242 249 
243 250 0 
236 243 251 
236 244 251 
237 244 252 
237 245 252 
238 245 253 
238 246 253 
239 246 254 
239 247 254 
240 247 255 
240 248 255 
241 248 256 
241 249 256 
242 249 257 
242 257 0 
243 250 258 
243 251 258 
244 251 259 
244 252 259 
245 252 260 
245 253 260 
246 253 261 
246 254 261 
247 254 262 
247 255 262 
248 255 263 
248 256 263 
249 256 264 
249 257 264 
257 265 0 
250 266 0 
250 258 266 
251 258 267 
251 259 267 
252 259 268 
252 260 268 
253 260 269 
253 261 269 
254 261 270 
254 262 270 
255 262 271 
255 263 271 
256 263 272 
256 264 272 
257 264 273 
257 265 273 
266 274 0 
258 266 275 
258 267 275 
259 267 276 
259 268 276 
260 268 277 
260 269 277 
261 269 278 
261 270 278 
262 270 279 
262 271 279 
263 271 280 
263 272 280 
264 272 281 
264 273 281 
265 273 282 
265 282 0 
266 274 283 
266 275 283 
267 275 284 
267 276 284 
268 276 285 
268 277 285 
269 277 286 
269 278 286 
270 278 287 
270 279 287 
271 279 288 
271 280 288 
272 280 289 
272 281 289 
273 281 290 
273 282 290 
282 291 0 
274 292 0 
274 283 292 
275 283 293 
275 284 293 
276 284 294 
276 285 294 
277 285 295 
277 286 295 
278 286 296 
278 287 296 
279 287 297 
279 288 297 
280 288 298 
280 289 298 
281 289 299 
281 290 299 
282 290 300 
282 291 300 
292 301 0 
283 292 302 
283 293 302 
284 293 303 
284 294 303 
285 294 304 
285 295 304 
286 295 305 
286 296 305 
287 296 306 
287 297 306 
288 297 307 
288 298 307 
289 298 308 
289 299 308 
290 299 309 
290 300 309 
291 300 310 
291 310 0 
292 301 311 
292 302 311 
293 302 312 
293 303 312 
294 303 313 
294 304 313 
295 304 314 
295 305 314 
296 305 315 
296 306 315 
297 306 316 
297 307 316 
298 307 317 
298 308 317 
299 308 318 
299 309 318 
300 309 319 
300 310 319 
310 320 0 
301 321 0 
301 311 321 
302 311 322 
302 312 322 
303 312 323 
303 313 323 
304 313 324 
304 314 324 
305 314 325 
305 315 325 
306 315 326 
306 316 326 
307 316 327 
307 317 327 
308 317 328 
308 318 328 
309 318 329 
309 319 329 
310 319 330 
310 320 330 
321 0 0 
311 321 0 
311 322 0 
312 322 0 
312 323 0 
313 323 0 
313 324 0 
314 324 0 
314 325 0 
315 325 0 
315 326 0 
316 326 0 
316 327 0 
317 327 0 
317 328 0 
318 328 0 
318 329 0 
319 329 0 
319 330 0 
320 330 0 
320 0 0 
1 0 0 
1 2 0 
1 3 0 
1 2 3 
3 4 0 
2 3 5 
2 5 0 
3 4 6 
3 5 6 
5 7 0 
4 8 0 
4 6 8 
5 6 9 
5 7 9 
8 10 0 
6 8 11 
6 9 11 
7 9 12 
7 12 0 
8 10 13 
8 11 13 
9 11 14 
9 12 14 
12 15 0 
10 16 0 
10 13 16 
11 13 17 
11 14 17 
12 14 18 
12 15 18 
16 19 0 
13 16 20 
13 17 20 
14 17 21 
14 18 21 
15 18 22 
15 22 0 
16 19 23 
16 20 23 
17 20 24 
17 21 24 
18 21 25 
18 22 25 
22 26 0 
19 27 0 
19 23 27 
20 23 28 
20 24 28 
21 24 29 
21 25 29 
22 25 30 
22 26 30 
27 31 0 
23 27 32 
23 28 32 
24 28 33 
24 29 33 
25 29 34 
25 30 34 
26 30 35 
26 35 0 
27 31 36 
27 32 36 
28 32 37 
28 33 37 
29 33 38 
29 34 38 
30 34 39 
30 35 39 
35 40 0 
31 41 0 
31 36 41 
32 36 42 
32 37 42 
33 37 43 
33 38 43 
34 38 44 
34 39 44 
35 39 45 
35 40 45 
41 46 0 
36 41 47 
36 42 47 
37 42 48 
37 43 48 
38 43 49 
38 44 49 
39 44 50 
39 45 50 
40 45 51 
40 51 0 
41 46 52 
41 47 52 
42 47 53 
42 48 53 
43 48 54 
43 49 54 
44 49 55 
44 50 55 
45 50 56 
45 51 56 
51 57 0 
46 58 0 
46 52 58 
47 52 59 
47 53 59 
48 53 60 
48 54 60 
49 54 61 
49 55 61 
50 55 62 
50 56 62 
51 56 63 
51 57 63 
58 64 0 
52 58 65 
52 59 65 
53 59 66 
53 60 66 
54 60 67 
54 61 67 
55 61 68 
55 62 68 
56 62 69 
56 63 69 
57 63 70 
57 70 0 
58 64 71 
58 65 71 
59 65 72 
59 66 72 
60 66 73 
60 67 73 
61 67 74 
61 68 74 
62 68 75 
62 69 75 
63 69 76 
63 70 76 
70 77 0 
64 78 0 
64 71 78 
65 71 79 
65 72 79 
66 72 80 
66 73 80 
67 73 81 
67 74 81 
68 74 82 
68 75 82 
69 75 83 
69 76 83 
70 76 84 
70 77 84 
78 85 0 
71 78 86 
71 79 86 
72 79 87 
72 80 87 
73 80 88 
73 81 88 
74 81 89 
74 82 89 
75 82 90 
75 83 90 
76 83 91 
76 84 91 
77 84 92 
77 92 0 
78 85 93 
78 86 93 
79 86 94 
79 87 94 
80 87 95 
80 88 95 
81 88 96 
81 89 96 
82 89 97 
82 90 97 
83 90 98 
83 91 98 
84 91 99 
84 92 99 
92 100 0 
85 101 0 
85 93 101 
86 93 102 
86 94 102 
87 94 103 
87 95 103 
88 95 104 
88 96 104 
89 96 105 
89 97 105 
90 97 106 
90 98 106 
91 98 107 
91 99 107 
92 99 108 
92 100 108 
101 109 0 
93 101 110 
93 102 110 
94 102 111 
94 103 111 
95 103 112 
95 104 112 
96 104 113 
96 105 113 
97 105 114 
97 106 114 
98 106 115 
98 107 115 
99 107 116 
99 108 116 
100 108 117 
100 117 0 
101 109 118 
101 110 118 
102 110 119 
102 111 119 
103 111 120 
103 112 120 
104 112 121 
104 113 121 
105 113 122 
105 114 122 
106 114 123 
106 115 123 
107 115 124 
107 116 124 
108 116 125 
108 117 125 
117 126 0 
109 127 0 
109 118 127 
110 118 128 
110 119 128 
111 119 129 
111 120 129 
112 120 130 
112 121 130 
113 121 131 
113 122 131 
114 122 132 
114 123 132 
115 123 133 
115 124 133 
116 124 134 
116 125 134 
117 125 135 
117 126 135 
127 136 0 
118 127 137 
118 128 137 
119 128 138 
119 129 138 
120 129 139 
120 130 139 
121 130 140 
121 131 140 
122 131 141 
122 132 141 
123 132 142 
123 133 142 
124 133 143 
124 134 143 
125 134 144 
125 135 144 
126 135 145 
126 145 0 
127 136 146 
127 137 146 
128 137 147 
128 138 147 
129 138 148 
129 139 148 
130 139 149 
130 140 149 
131 140 150 
131 141 150 
132 141 151 
132 142 151 
133 142 152 
133 143 152 
134 143 153 
134 144 153 
135 144 154 
135 145 154 
145 155 0 
136 156 0 
136 146 156 
137 146 157 
137 147 157 
138 147 158 
138 148 158 
139 148 159 
139 149 159 
140 149 160 
140 150 160 
141 150 161 
141 151 161 
142 151 162 
142 152 162 
143 152 163 
143 153 163 
144 153 164 
144 154 164 
145 154 165 
145 155 165 
156 0 0 
146 156 0 
146 157 0 
147 157 0 
147 158 0 
148 158 0 
148 159 0 
149 159 0 
149 160 0 
150 160 0 
150 161 0 
151 161 0 
151 162 0 
152 162 0 
152 163 0 
153 163 0 
153 164 0 
154 164 0 
154 165 0 
155 165 0 
155 0 0 
332 333 334 335 0 0 
333 335 337 338 0 0 
334 335 336 337 339 340 
336 339 342 343 0 0 
337 338 340 341 344 345 
339 340 343 344 347 348 
341 345 349 350 0 0 
342 343 346 347 351 352 
344 345 348 349 353 354 
346 351 356 357 0 0 
347 348 352 353 358 359 
349 350 354 355 360 361 
351 352 357 358 363 364 
353 354 359 360 365 366 
355 361 367 368 0 0 
356 357 362 363 369 370 
358 359 364 365 371 372 
360 361 366 367 373 374 
362 369 376 377 0 0 
363 364 370 371 378 379 
365 366 372 373 380 381 
367 368 374 375 382 383 
369 370 377 378 385 386 
371 372 379 380 387 388 
373 374 381 382 389 390 
375 383 391 392 0 0 
376 377 384 385 393 394 
378 379 386 387 395 396 
380 381 388 389 397 398 
382 383 390 391 399 400 
384 393 402 403 0 0 
385 386 394 395 404 405 
387 388 396 397 406 407 
389 390 398 399 408 409 
391 392 400 401 410 411 
393 394 403 404 413 414 
395 396 405 406 415 416 
397 398 407 408 417 418 
399 400 409 410 419 420 
401 411 421 422 0 0 
402 403 412 413 423 424 
404 405 414 415 425 426 
406 407 416 417 427 428 
408 409 418 419 429 430 
410 411 420 421 431 432 
412 423 434 435 0 0 
413 414 424 425 436 437 
415 416 426 427 438 439 
417 418 428 429 440 441 
419 420 430 431 442 443 
421 422 432 433 444 445 
423 424 435 436 447 448 
425 426 437 438 449 450 
427 428 439 440 451 452 
429 430 441 442 453 454 
431 432 443 444 455 456 
433 445 457 458 0 0 
434 435 446 447 459 460 
436 437 448 449 461 462 
438 439 450 451 463 464 
440 441 452 453 465 466 
442 443 454 455 467 468 
444 445 456 457 469 470 
446 459 472 473 0 0 
447 448 460 461 474 475 
449 450 462 463 476 477 
451 452 464 465 478 479 
453 454 466 467 480 481 
455 456 468 469 482 483 
457 458 470 471 484 485 
459 460 473 474 487 488 
461 462 475 476 489 490 
463 464 477 478 491 492 
465 466 479 480 493 494 
467 468 481 482 495 496 
469 470 483 484 497 498 
471 485 499 500 0 0 
472 473 486 487 501 502 
474 475 488 489 503 504 
476 477 490 491 505 506 
478 479 492 493 507 508 
480 481 494 495 509 510 
482 483 496 497 511 512 
484 485 498 499 513 514 
486 501 516 517 0 0 
487 488 502 503 518 519 
489 490 504 505 520 521 
491 492 506 507 522 523 
493 494 508 509 524 525 
495 496 510 511 526 527 
497 498 512 513 528 529 
499 500 514 515 530 531 
501 502 517 518 533 534 
503 504 519 520 535 536 
505 506 521 522 537 538 
507 508 523 524 539 540 
509 510 525 526 541 542 
511 512 527 528 543 544 
513 514 529 530 545 546 
515 531 547 548 0 0 
516 517 532 533 549 550 
518 519 534 535 551 552 
520 521 536 537 553 554 
522 523 538 539 555 556 
524 525 540 541 557 558 
526 527 542 543 559 560 
528 529 544 545 561 562 
530 531 546 547 563 564 
532 549 566 567 0 0 
533 534 550 551 568 569 
535 536 552 553 570 571 
537 538 554 555 572 573 
539 540 556 557 574 575 
541 542 558 559 576 577 
543 544 560 561 578 579 
545 546 562 563 580 581 
547 548 564 565 582 583 
549 550 567 568 585 586 
551 552 569 570 587 588 
553 554 571 572 589 590 
555 556 573 574 591 592 
557 558 575 576 593 594 
559 560 577 578 595 596 
561 562 579 580 597 598 
563 564 581 582 599 600 
565 583 601 602 0 0 
566 567 584 585 603 604 
568 569 586 587 605 606 
570 571 588 589 607 608 
572 573 590 591 609 610 
574 575 592 593 611 612 
576 577 594 595 613 614 
578 579 596 597 615 616 
580 581 598 599 617 618 
582 583 600 601 619 620 
584 603 622 623 0 0 
585 586 604 605 624 625 
587 588 606 607 626 627 
589 590 608 609 628 629 
591 592 610 611 630 631 
593 594 612 613 632 633 
595 596 614 615 634 635 
597 598 616 617 636 637 
599 600 618 619 638 639 
601 602 620 621 640 641 
603 604 623 624 643 644 
605 606 625 626 645 646 
607 608 627 628 647 648 
609 610 629 630 649 650 
611 612 631 632 651 652 
613 614 633 634 653 654 
615 616 635 636 655 656 
617 618 637 638 657 658 
619 620 639 640 659 660 
621 641 661 662 0 0 
622 623 642 643 0 0 
624 625 644 645 0 0 
626 627 646 647 0 0 
628 629 648 649 0 0 
630 631 650 651 0 0 
632 633 652 653 0 0 
634 635 654 655 0 0 
636 637 656 657 0 0 
638 639 658 659 0 0 
640 641 660 661 0 0 
1 2 3 4 0 0 
2 4 6 7 0 0 
3 4 5 6 8 9 
5 8 11 12 0 0 
6 7 9 10 13 14 
8 9 12 13 16 17 
10 14 18 19 0 0 
11 12 15 16 20 21 
13 14 17 18 22 23 
15 20 25 26 0 0 
16 17 21 22 27 28 
18 19 23 24 29 30 
20 21 26 27 32 33 
22 23 28 29 34 35 
24 30 36 37 0 0 
25 26 31 32 38 39 
27 28 33 34 40 41 
29 30 35 36 42 43 
31 38 45 46 0 0 
32 33 39 40 47 48 
34 35 41 42 49 50 
36 37 43 44 51 52 
38 39 46 47 54 55 
40 41 48 49 56 57 
42 43 50 51 58 59 
44 52 60 61 0 0 
45 46 53 54 62 63 
47 48 55 56 64 65 
49 50 57 58 66 67 
51 52 59 60 68 69 
53 62 71 72 0 0 
54 55 63 64 73 74 
56 57 65 66 75 76 
58 59 67 68 77 78 
60 61 69 70 79 80 
62 63 72 73 82 83 
64 65 74 75 84 85 
66 67 76 77 86 87 
68 69 78 79 88 89 
70 80 90 91 0 0 
71 72 81 82 92 93 
73 74 83 84 94 95 
75 76 85 86 96 97 
77 78 87 88 98 99 
79 80 89 90 100 101 
81 92 103 104 0 0 
82 83 93 94 105 106 
84 85 95 96 107 108 
86 87 97 98 109 110 
88 89 99 100 111 112 
90 91 101 102 113 114 
92 93 104 105 116 117 
94 95 106 107 118 119 
96 97 108 109 120 121 
98 99 110 111 122 123 
100 101 112 113 124 125 
102 114 126 127 0 0 
103 104 115 116 128 129 
105 106 117 118 130 131 
107 108 119 120 132 133 
109 110 121 122 134 135 
111 112 123 124 136 137 
113 114 125 126 138 139 
115 128 141 142 0 0 
116 117 129 130 143 144 
118 119 131 132 145 146 
120 121 133 134 147 148 
122 123 135 136 149 150 
124 125 137 138 151 152 
126 127 139 140 153 154 
128 129 142 143 156 157 
130 131 144 145 158 159 
132 133 146 147 160 161 
134 135 148 149 162 163 
136 137 150 151 164 165 
138 139 152 153 166 167 
140 154 168 169 0 0 
141 142 155 156 170 171 
143 144 157 158 172 173 
145 146 159 160 174 175 
147 148 161 162 176 177 
149 150 163 164 178 179 
151 152 165 166 180 181 
153 154 167 168 182 183 
155 170 185 186 0 0 
156 157 171 172 187 188 
158 159 173 174 189 190 
160 161 175 176 191 192 
162 163 177 178 193 194 
164 165 179 180 195 196 
166 167 181 182 197 198 
168 169 183 184 199 200 
170 171 186 187 202 203 
172 173 188 189 204 205 
174 175 190 191 206 207 
176 177 192 193 208 209 
178 179 194 195 210 211 
180 181 196 197 212 213 
182 183 198 199 214 215 
184 200 216 217 0 0 
185 186 201 202 218 219 
187 188 203 204 220 221 
189 190 205 206 222 223 
191 192 207 208 224 225 
193 194 209 210 226 227 
195 196 211 212 228 229 
197 198 213 214 230 231 
199 200 215 216 232 233 
201 218 235 236 0 0 
202 203 219 220 237 238 
204 205 221 222 239 240 
206 207 223 224 241 242 
208 209 225 226 243 244 
210 211 227 228 245 246 
212 213 229 230 247 248 
214 215 231 232 249 250 
216 217 233 234 251 252 
218 219 236 237 254 255 
220 221 238 239 256 257 
222 223 240 241 258 259 
224 225 242 243 260 261 
226 227 244 245 262 263 
228 229 246 247 264 265 
230 231 248 249 266 267 
232 233 250 251 268 269 
234 252 270 271 0 0 
235 236 253 254 272 273 
237 238 255 256 274 275 
239 240 257 258 276 277 
241 242 259 260 278 279 
243 244 261 262 280 281 
245 246 263 264 282 283 
247 248 265 266 284 285 
249 250 267 268 286 287 
251 252 269 270 288 289 
253 272 291 292 0 0 
254 255 273 274 293 294 
256 257 275 276 295 296 
258 259 277 278 297 298 
260 261 279 280 299 300 
262 263 281 282 301 302 
264 265 283 284 303 304 
266 267 285 286 305 306 
268 269 287 288 307 308 
270 271 289 290 309 310 
272 273 292 293 312 313 
274 275 294 295 314 315 
276 277 296 297 316 317 
278 279 298 299 318 319 
280 281 300 301 320 321 
282 283 302 303 322 323 
284 285 304 305 324 325 
286 287 306 307 326 327 
288 289 308 309 328 329 
290 310 330 331 0 0 
291 292 311 312 0 0 
293 294 313 314 0 0 
295 296 315 316 0 0 
297 298 317 318 0 0 
299 300 319 320 0 0 
301 302 321 322 0 0 
303 304 323 324 0 0 
305 306 325 326 0 0 
307 308 327 328 0 0 
309 310 329 330 0 0 
