1111000000000000000000000000000000000000000000000000000000000000000000000000000000000000000
0101011000000000000000000000000000000000000000000000000000000000000000000000000000000000000
0011110110000000000000000000000000000000000000000000000000000000000000000000000000000000000
0000100100110000000000000000000000000000000000000000000000000000000000000000000000000000000
0000011011001100000000000000000000000000000000000000000000000000000000000000000000000000000
0000000110011001100000000000000000000000000000000000000000000000000000000000000000000000000
0000000001000100011000000000000000000000000000000000000000000000000000000000000000000000000
0000000000110011000110000000000000000000000000000000000000000000000000000000000000000000000
0000000000001100110001100000000000000000000000000000000000000000000000000000000000000000000
0000000000000010000100001100000000000000000000000000000000000000000000000000000000000000000
0000000000000001100011000011000000000000000000000000000000000000000000000000000000000000000
0000000000000000011000110000110000000000000000000000000000000000000000000000000000000000000
0000000000000000000110000110000110000000000000000000000000000000000000000000000000000000000
0000000000000000000001100001100001100000000000000000000000000000000000000000000000000000000
0000000000000000000000010000010000011000000000000000000000000000000000000000000000000000000
0000000000000000000000001100001100000110000000000000000000000000000000000000000000000000000
0000000000000000000000000011000011000001100000000000000000000000000000000000000000000000000
0000000000000000000000000000110000110000011000000000000000000000000000000000000000000000000
0000000000000000000000000000001000000100000011000000000000000000000000000000000000000000000
0000000000000000000000000000000110000011000000110000000000000000000000000000000000000000000
0000000000000000000000000000000001100000110000001100000000000000000000000000000000000000000
0000000000000000000000000000000000011000001100000011000000000000000000000000000000000000000
0000000000000000000000000000000000000110000001100000011000000000000000000000000000000000000
0000000000000000000000000000000000000001100000011000000110000000000000000000000000000000000
0000000000000000000000000000000000000000011000000110000001100000000000000000000000000000000
0000000000000000000000000000000000000000000100000001000000011000000000000000000000000000000
0000000000000000000000000000000000000000000011000000110000000110000000000000000000000000000
0000000000000000000000000000000000000000000000110000001100000001100000000000000000000000000
0000000000000000000000000000000000000000000000001100000011000000011000000000000000000000000
0000000000000000000000000000000000000000000000000011000000110000000110000000000000000000000
0000000000000000000000000000000000000000000000000000100000000100000000110000000000000000000
0000000000000000000000000000000000000000000000000000011000000011000000001100000000000000000
0000000000000000000000000000000000000000000000000000000110000000110000000011000000000000000
0000000000000000000000000000000000000000000000000000000001100000001100000000110000000000000
0000000000000000000000000000000000000000000000000000000000011000000011000000001100000000000
0000000000000000000000000000000000000000000000000000000000000110000000011000000001100000000
0000000000000000000000000000000000000000000000000000000000000001100000000110000000011000000
0000000000000000000000000000000000000000000000000000000000000000011000000001100000000110000
0000000000000000000000000000000000000000000000000000000000000000000110000000011000000001100
0000000000000000000000000000000000000000000000000000000000000000000001000000000100000000011
0000000000000000000000000000000000000000000000000000000000000000000000110000000011000000000
0000000000000000000000000000000000000000000000000000000000000000000000001100000000110000000
0000000000000000000000000000000000000000000000000000000000000000000000000011000000001100000
0000000000000000000000000000000000000000000000000000000000000000000000000000110000000011000
0000000000000000000000000000000000000000000000000000000000000000000000000000001100000000110
2222000000000000000000000000000000000000000000000000000000000000000000000000000000000000000
0202022000000000000000000000000000000000000000000000000000000000000000000000000000000000000
0022220220000000000000000000000000000000000000000000000000000000000000000000000000000000000
0000200200220000000000000000000000000000000000000000000000000000000000000000000000000000000
0000022022002200000000000000000000000000000000000000000000000000000000000000000000000000000
0000000220022002200000000000000000000000000000000000000000000000000000000000000000000000000
0000000002000200022000000000000000000000000000000000000000000000000000000000000000000000000
0000000000220022000220000000000000000000000000000000000000000000000000000000000000000000000
0000000000002200220002200000000000000000000000000000000000000000000000000000000000000000000
0000000000000020000200002200000000000000000000000000000000000000000000000000000000000000000
0000000000000002200022000022000000000000000000000000000000000000000000000000000000000000000
0000000000000000022000220000220000000000000000000000000000000000000000000000000000000000000
0000000000000000000220000220000220000000000000000000000000000000000000000000000000000000000
0000000000000000000002200002200002200000000000000000000000000000000000000000000000000000000
0000000000000000000000020000020000022000000000000000000000000000000000000000000000000000000
0000000000000000000000002200002200000220000000000000000000000000000000000000000000000000000
0000000000000000000000000022000022000002200000000000000000000000000000000000000000000000000
0000000000000000000000000000220000220000022000000000000000000000000000000000000000000000000
0000000000000000000000000000002000000200000022000000000000000000000000000000000000000000000
0000000000000000000000000000000220000022000000220000000000000000000000000000000000000000000
0000000000000000000000000000000002200000220000002200000000000000000000000000000000000000000
0000000000000000000000000000000000022000002200000022000000000000000000000000000000000000000
0000000000000000000000000000000000000220000002200000022000000000000000000000000000000000000
0000000000000000000000000000000000000002200000022000000220000000000000000000000000000000000
0000000000000000000000000000000000000000022000000220000002200000000000000000000000000000000
0000000000000000000000000000000000000000000200000002000000022000000000000000000000000000000
0000000000000000000000000000000000000000000022000000220000000220000000000000000000000000000
0000000000000000000000000000000000000000000000220000002200000002200000000000000000000000000
0000000000000000000000000000000000000000000000002200000022000000022000000000000000000000000
0000000000000000000000000000000000000000000000000022000000220000000220000000000000000000000
0000000000000000000000000000000000000000000000000000200000000200000000220000000000000000000
0000000000000000000000000000000000000000000000000000022000000022000000002200000000000000000
0000000000000000000000000000000000000000000000000000000220000000220000000022000000000000000
0000000000000000000000000000000000000000000000000000000002200000002200000000220000000000000
0000000000000000000000000000000000000000000000000000000000022000000022000000002200000000000
0000000000000000000000000000000000000000000000000000000000000220000000022000000002200000000
0000000000000000000000000000000000000000000000000000000000000002200000000220000000022000000
0000000000000000000000000000000000000000000000000000000000000000022000000002200000000220000
0000000000000000000000000000000000000000000000000000000000000000000220000000022000000002200
0000000000000000000000000000000000000000000000000000000000000000000002000000000200000000022
0000000000000000000000000000000000000000000000000000000000000000000000220000000022000000000
0000000000000000000000000000000000000000000000000000000000000000000000002200000000220000000
0000000000000000000000000000000000000000000000000000000000000000000000000022000000002200000
0000000000000000000000000000000000000000000000000000000000000000000000000000220000000022000
0000000000000000000000000000000000000000000000000000000000000000000000000000002200000000220
2020200002202022020200000020200002000000020200000020000000020000000002000000000000000000002
0000000000000000000000000000000000000000000000000000000000000000000000000000000011111111111
