511 510
6 8
4 2 6 4 4 6 4 4 4 6 6 6 4 4 6 6 6 4 6 6 6 6 6 4 4 6 6 6 6 6 4 4 4 6 6 6 6 6 6 6 4 4 6 6 6 6 6 6 6 4 6 6 6 6 6 6 6 6 6 4 4 6 6 6 6 6 6 6 6 6 4 4 4 6 6 6 6 6 6 6 6 6 6 6 4 4 6 6 6 6 6 6 6 6 6 6 6 4 6 6 6 6 6 6 6 6 6 6 6 6 6 4 4 6 6 6 6 6 6 6 6 6 6 6 6 6 4 4 4 6 6 6 6 6 6 6 6 6 6 6 6 6 6 6 4 4 6 6 6 6 6 6 6 6 6 6 6 6 6 6 6 4 6 6 6 6 6 6 6 6 6 6 6 6 6 6 6 6 6 4 4 6 6 6 6 6 6 6 6 6 6 6 6 6 6 6 6 6 4 4 4 6 6 6 6 6 6 6 6 6 6 6 6 6 6 6 6 6 6 6 4 4 6 6 6 6 6 6 6 6 6 6 6 6 6 6 6 6 6 6 6 4 6 6 6 6 6 6 6 6 6 6 6 6 6 6 6 6 6 6 6 6 6 4 4 6 6 6 6 6 6 6 6 6 6 6 6 6 6 6 6 6 6 6 6 6 4 4 4 6 6 6 6 6 6 6 6 6 6 6 6 6 6 6 6 6 6 6 6 6 6 6 4 4 6 6 6 6 6 6 6 6 6 6 6 6 6 6 6 6 6 6 6 6 6 6 6 4 6 6 6 6 6 6 6 6 6 6 6 6 6 6 6 6 6 6 6 6 6 6 6 6 6 4 4 6 6 6 6 6 6 6 6 6 6 6 6 6 6 6 6 6 6 6 6 6 6 6 6 6 4 4 4 6 6 6 6 6 6 6 6 6 6 6 6 6 6 6 6 6 6 6 6 6 6 6 6 6 6 6 4 4 6 6 6 6 6 6 6 6 6 6 6 6 6 6 6 6 6 6 6 6 6 6 6 6 6 6 6 4 6 6 6 6 6 6 6 6 6 6 6 6 6 6 6 6 6 6 6 6 6 6 6 6 6 6 6 6 6 4 2 4 4 4 4 4 4 4 4 4 4 4 4 4 4 4 4 4 4 4 4 4 4 4 4 4 4 4 4 4 2 
4 4 4 8 4 4 4 4 8 4 8 4 4 8 4 8 4 8 4 4 4 4 8 4 8 4 8 4 8 4 4 8 4 8 4 8 4 8 4 8 4 4 4 4 8 4 8 4 8 4 8 4 8 4 8 4 4 8 4 8 4 8 4 8 4 8 4 8 4 8 4 4 4 4 8 4 8 4 8 4 8 4 8 4 8 4 8 4 8 4 4 8 4 8 4 8 4 8 4 8 4 8 4 8 4 8 4 8 4 4 4 4 8 4 8 4 8 4 8 4 8 4 8 4 8 4 8 4 8 4 8 4 4 8 4 8 4 8 4 8 4 8 4 8 4 8 4 8 4 8 4 8 4 8 4 4 4 4 8 4 8 4 8 4 8 4 8 4 8 4 8 4 8 4 8 4 8 4 8 4 8 4 4 8 4 8 4 8 4 8 4 8 4 8 4 8 4 8 4 8 4 8 4 8 4 8 4 8 4 4 4 4 8 4 8 4 8 4 8 4 8 4 8 4 8 4 8 4 8 4 8 4 8 4 8 4 8 4 8 4 4 4 4 4 4 4 4 4 4 4 4 4 4 4 4 4 4 4 8 4 4 4 4 8 4 8 4 4 8 4 8 4 8 4 4 4 4 8 4 8 4 8 4 8 4 4 8 4 8 4 8 4 8 4 8 4 4 4 4 8 4 8 4 8 4 8 4 8 4 8 4 4 8 4 8 4 8 4 8 4 8 4 8 4 8 4 4 4 4 8 4 8 4 8 4 8 4 8 4 8 4 8 4 8 4 4 8 4 8 4 8 4 8 4 8 4 8 4 8 4 8 4 8 4 4 4 4 8 4 8 4 8 4 8 4 8 4 8 4 8 4 8 4 8 4 8 4 4 8 4 8 4 8 4 8 4 8 4 8 4 8 4 8 4 8 4 8 4 8 4 4 4 4 8 4 8 4 8 4 8 4 8 4 8 4 8 4 8 4 8 4 8 4 8 4 8 4 4 8 4 8 4 8 4 8 4 8 4 8 4 8 4 8 4 8 4 8 4 8 4 8 4 8 4 4 4 4 8 4 8 4 8 4 8 4 8 4 8 4 8 4 8 4 8 4 8 4 8 4 8 4 8 4 8 4 4 4 4 4 4 4 4 4 4 4 4 4 4 4 4 
1 1 	2 1 	256 2 	257 2 	0 0 	0 0 	
2 1 	257 2 	0 0 	0 0 	0 0 	0 0 	
1 1 	2 1 	4 1 	256 2 	257 2 	259 2 	
2 1 	4 1 	257 2 	259 2 	0 0 	0 0 	
1 1 	3 1 	256 2 	258 2 	0 0 	0 0 	
1 1 	3 1 	4 1 	256 2 	258 2 	259 2 	
4 1 	5 1 	259 2 	260 2 	0 0 	0 0 	
5 1 	6 1 	260 2 	261 2 	0 0 	0 0 	
3 1 	9 1 	258 2 	264 2 	0 0 	0 0 	
3 1 	4 1 	9 1 	258 2 	259 2 	264 2 	
4 1 	5 1 	11 1 	259 2 	260 2 	266 2 	
5 1 	6 1 	11 1 	260 2 	261 2 	266 2 	
7 1 	8 1 	262 2 	263 2 	0 0 	0 0 	
8 1 	9 1 	263 2 	264 2 	0 0 	0 0 	
4 1 	9 1 	10 1 	259 2 	264 2 	265 2 	
4 1 	10 1 	11 1 	259 2 	265 2 	266 2 	
6 1 	11 1 	12 1 	261 2 	266 2 	267 2 	
6 1 	12 1 	261 2 	267 2 	0 0 	0 0 	
7 1 	8 1 	14 1 	262 2 	263 2 	269 2 	
8 1 	9 1 	14 1 	263 2 	264 2 	269 2 	
9 1 	10 1 	16 1 	264 2 	265 2 	271 2 	
10 1 	11 1 	16 1 	265 2 	266 2 	271 2 	
11 1 	12 1 	18 1 	266 2 	267 2 	273 2 	
12 1 	18 1 	267 2 	273 2 	0 0 	0 0 	
7 1 	13 1 	262 2 	268 2 	0 0 	0 0 	
7 1 	13 1 	14 1 	262 2 	268 2 	269 2 	
9 1 	14 1 	15 1 	264 2 	269 2 	270 2 	
9 1 	15 1 	16 1 	264 2 	270 2 	271 2 	
11 1 	16 1 	17 1 	266 2 	271 2 	272 2 	
11 1 	17 1 	18 1 	266 2 	272 2 	273 2 	
18 1 	19 1 	273 2 	274 2 	0 0 	0 0 	
19 1 	20 1 	274 2 	275 2 	0 0 	0 0 	
13 1 	23 1 	268 2 	278 2 	0 0 	0 0 	
13 1 	14 1 	23 1 	268 2 	269 2 	278 2 	
14 1 	15 1 	25 1 	269 2 	270 2 	280 2 	
15 1 	16 1 	25 1 	270 2 	271 2 	280 2 	
16 1 	17 1 	27 1 	271 2 	272 2 	282 2 	
17 1 	18 1 	27 1 	272 2 	273 2 	282 2 	
18 1 	19 1 	29 1 	273 2 	274 2 	284 2 	
19 1 	20 1 	29 1 	274 2 	275 2 	284 2 	
21 1 	22 1 	276 2 	277 2 	0 0 	0 0 	
22 1 	23 1 	277 2 	278 2 	0 0 	0 0 	
14 1 	23 1 	24 1 	269 2 	278 2 	279 2 	
14 1 	24 1 	25 1 	269 2 	279 2 	280 2 	
16 1 	25 1 	26 1 	271 2 	280 2 	281 2 	
16 1 	26 1 	27 1 	271 2 	281 2 	282 2 	
18 1 	27 1 	28 1 	273 2 	282 2 	283 2 	
18 1 	28 1 	29 1 	273 2 	283 2 	284 2 	
20 1 	29 1 	30 1 	275 2 	284 2 	285 2 	
20 1 	30 1 	275 2 	285 2 	0 0 	0 0 	
21 1 	22 1 	32 1 	276 2 	277 2 	287 2 	
22 1 	23 1 	32 1 	277 2 	278 2 	287 2 	
23 1 	24 1 	34 1 	278 2 	279 2 	289 2 	
24 1 	25 1 	34 1 	279 2 	280 2 	289 2 	
25 1 	26 1 	36 1 	280 2 	281 2 	291 2 	
26 1 	27 1 	36 1 	281 2 	282 2 	291 2 	
27 1 	28 1 	38 1 	282 2 	283 2 	293 2 	
28 1 	29 1 	38 1 	283 2 	284 2 	293 2 	
29 1 	30 1 	40 1 	284 2 	285 2 	295 2 	
30 1 	40 1 	285 2 	295 2 	0 0 	0 0 	
21 1 	31 1 	276 2 	286 2 	0 0 	0 0 	
21 1 	31 1 	32 1 	276 2 	286 2 	287 2 	
23 1 	32 1 	33 1 	278 2 	287 2 	288 2 	
23 1 	33 1 	34 1 	278 2 	288 2 	289 2 	
25 1 	34 1 	35 1 	280 2 	289 2 	290 2 	
25 1 	35 1 	36 1 	280 2 	290 2 	291 2 	
27 1 	36 1 	37 1 	282 2 	291 2 	292 2 	
27 1 	37 1 	38 1 	282 2 	292 2 	293 2 	
29 1 	38 1 	39 1 	284 2 	293 2 	294 2 	
29 1 	39 1 	40 1 	284 2 	294 2 	295 2 	
40 1 	41 1 	295 2 	296 2 	0 0 	0 0 	
41 1 	42 1 	296 2 	297 2 	0 0 	0 0 	
31 1 	45 1 	286 2 	300 2 	0 0 	0 0 	
31 1 	32 1 	45 1 	286 2 	287 2 	300 2 	
32 1 	33 1 	47 1 	287 2 	288 2 	302 2 	
33 1 	34 1 	47 1 	288 2 	289 2 	302 2 	
34 1 	35 1 	49 1 	289 2 	290 2 	304 2 	
35 1 	36 1 	49 1 	290 2 	291 2 	304 2 	
36 1 	37 1 	51 1 	291 2 	292 2 	306 2 	
37 1 	38 1 	51 1 	292 2 	293 2 	306 2 	
38 1 	39 1 	53 1 	293 2 	294 2 	308 2 	
39 1 	40 1 	53 1 	294 2 	295 2 	308 2 	
40 1 	41 1 	55 1 	295 2 	296 2 	310 2 	
41 1 	42 1 	55 1 	296 2 	297 2 	310 2 	
43 1 	44 1 	298 2 	299 2 	0 0 	0 0 	
44 1 	45 1 	299 2 	300 2 	0 0 	0 0 	
32 1 	45 1 	46 1 	287 2 	300 2 	301 2 	
32 1 	46 1 	47 1 	287 2 	301 2 	302 2 	
34 1 	47 1 	48 1 	289 2 	302 2 	303 2 	
34 1 	48 1 	49 1 	289 2 	303 2 	304 2 	
36 1 	49 1 	50 1 	291 2 	304 2 	305 2 	
36 1 	50 1 	51 1 	291 2 	305 2 	306 2 	
38 1 	51 1 	52 1 	293 2 	306 2 	307 2 	
38 1 	52 1 	53 1 	293 2 	307 2 	308 2 	
40 1 	53 1 	54 1 	295 2 	308 2 	309 2 	
40 1 	54 1 	55 1 	295 2 	309 2 	310 2 	
42 1 	55 1 	56 1 	297 2 	310 2 	311 2 	
42 1 	56 1 	297 2 	311 2 	0 0 	0 0 	
43 1 	44 1 	58 1 	298 2 	299 2 	313 2 	
44 1 	45 1 	58 1 	299 2 	300 2 	313 2 	
45 1 	46 1 	60 1 	300 2 	301 2 	315 2 	
46 1 	47 1 	60 1 	301 2 	302 2 	315 2 	
47 1 	48 1 	62 1 	302 2 	303 2 	317 2 	
48 1 	49 1 	62 1 	303 2 	304 2 	317 2 	
49 1 	50 1 	64 1 	304 2 	305 2 	319 2 	
50 1 	51 1 	64 1 	305 2 	306 2 	319 2 	
51 1 	52 1 	66 1 	306 2 	307 2 	321 2 	
52 1 	53 1 	66 1 	307 2 	308 2 	321 2 	
53 1 	54 1 	68 1 	308 2 	309 2 	323 2 	
54 1 	55 1 	68 1 	309 2 	310 2 	323 2 	
55 1 	56 1 	70 1 	310 2 	311 2 	325 2 	
56 1 	70 1 	311 2 	325 2 	0 0 	0 0 	
43 1 	57 1 	298 2 	312 2 	0 0 	0 0 	
43 1 	57 1 	58 1 	298 2 	312 2 	313 2 	
45 1 	58 1 	59 1 	300 2 	313 2 	314 2 	
45 1 	59 1 	60 1 	300 2 	314 2 	315 2 	
47 1 	60 1 	61 1 	302 2 	315 2 	316 2 	
47 1 	61 1 	62 1 	302 2 	316 2 	317 2 	
49 1 	62 1 	63 1 	304 2 	317 2 	318 2 	
49 1 	63 1 	64 1 	304 2 	318 2 	319 2 	
51 1 	64 1 	65 1 	306 2 	319 2 	320 2 	
51 1 	65 1 	66 1 	306 2 	320 2 	321 2 	
53 1 	66 1 	67 1 	308 2 	321 2 	322 2 	
53 1 	67 1 	68 1 	308 2 	322 2 	323 2 	
55 1 	68 1 	69 1 	310 2 	323 2 	324 2 	
55 1 	69 1 	70 1 	310 2 	324 2 	325 2 	
70 1 	71 1 	325 2 	326 2 	0 0 	0 0 	
71 1 	72 1 	326 2 	327 2 	0 0 	0 0 	
57 1 	75 1 	312 2 	330 2 	0 0 	0 0 	
57 1 	58 1 	75 1 	312 2 	313 2 	330 2 	
58 1 	59 1 	77 1 	313 2 	314 2 	332 2 	
59 1 	60 1 	77 1 	314 2 	315 2 	332 2 	
60 1 	61 1 	79 1 	315 2 	316 2 	334 2 	
61 1 	62 1 	79 1 	316 2 	317 2 	334 2 	
62 1 	63 1 	81 1 	317 2 	318 2 	336 2 	
63 1 	64 1 	81 1 	318 2 	319 2 	336 2 	
64 1 	65 1 	83 1 	319 2 	320 2 	338 2 	
65 1 	66 1 	83 1 	320 2 	321 2 	338 2 	
66 1 	67 1 	85 1 	321 2 	322 2 	340 2 	
67 1 	68 1 	85 1 	322 2 	323 2 	340 2 	
68 1 	69 1 	87 1 	323 2 	324 2 	342 2 	
69 1 	70 1 	87 1 	324 2 	325 2 	342 2 	
70 1 	71 1 	89 1 	325 2 	326 2 	344 2 	
71 1 	72 1 	89 1 	326 2 	327 2 	344 2 	
73 1 	74 1 	328 2 	329 2 	0 0 	0 0 	
74 1 	75 1 	329 2 	330 2 	0 0 	0 0 	
58 1 	75 1 	76 1 	313 2 	330 2 	331 2 	
58 1 	76 1 	77 1 	313 2 	331 2 	332 2 	
60 1 	77 1 	78 1 	315 2 	332 2 	333 2 	
60 1 	78 1 	79 1 	315 2 	333 2 	334 2 	
62 1 	79 1 	80 1 	317 2 	334 2 	335 2 	
62 1 	80 1 	81 1 	317 2 	335 2 	336 2 	
64 1 	81 1 	82 1 	319 2 	336 2 	337 2 	
64 1 	82 1 	83 1 	319 2 	337 2 	338 2 	
66 1 	83 1 	84 1 	321 2 	338 2 	339 2 	
66 1 	84 1 	85 1 	321 2 	339 2 	340 2 	
68 1 	85 1 	86 1 	323 2 	340 2 	341 2 	
68 1 	86 1 	87 1 	323 2 	341 2 	342 2 	
70 1 	87 1 	88 1 	325 2 	342 2 	343 2 	
70 1 	88 1 	89 1 	325 2 	343 2 	344 2 	
72 1 	89 1 	90 1 	327 2 	344 2 	345 2 	
72 1 	90 1 	327 2 	345 2 	0 0 	0 0 	
73 1 	74 1 	92 1 	328 2 	329 2 	347 2 	
74 1 	75 1 	92 1 	329 2 	330 2 	347 2 	
75 1 	76 1 	94 1 	330 2 	331 2 	349 2 	
76 1 	77 1 	94 1 	331 2 	332 2 	349 2 	
77 1 	78 1 	96 1 	332 2 	333 2 	351 2 	
78 1 	79 1 	96 1 	333 2 	334 2 	351 2 	
79 1 	80 1 	98 1 	334 2 	335 2 	353 2 	
80 1 	81 1 	98 1 	335 2 	336 2 	353 2 	
81 1 	82 1 	100 1 	336 2 	337 2 	355 2 	
82 1 	83 1 	100 1 	337 2 	338 2 	355 2 	
83 1 	84 1 	102 1 	338 2 	339 2 	357 2 	
84 1 	85 1 	102 1 	339 2 	340 2 	357 2 	
85 1 	86 1 	104 1 	340 2 	341 2 	359 2 	
86 1 	87 1 	104 1 	341 2 	342 2 	359 2 	
87 1 	88 1 	106 1 	342 2 	343 2 	361 2 	
88 1 	89 1 	106 1 	343 2 	344 2 	361 2 	
89 1 	90 1 	108 1 	344 2 	345 2 	363 2 	
90 1 	108 1 	345 2 	363 2 	0 0 	0 0 	
73 1 	91 1 	328 2 	346 2 	0 0 	0 0 	
73 1 	91 1 	92 1 	328 2 	346 2 	347 2 	
75 1 	92 1 	93 1 	330 2 	347 2 	348 2 	
75 1 	93 1 	94 1 	330 2 	348 2 	349 2 	
77 1 	94 1 	95 1 	332 2 	349 2 	350 2 	
77 1 	95 1 	96 1 	332 2 	350 2 	351 2 	
79 1 	96 1 	97 1 	334 2 	351 2 	352 2 	
79 1 	97 1 	98 1 	334 2 	352 2 	353 2 	
81 1 	98 1 	99 1 	336 2 	353 2 	354 2 	
81 1 	99 1 	100 1 	336 2 	354 2 	355 2 	
83 1 	100 1 	101 1 	338 2 	355 2 	356 2 	
83 1 	101 1 	102 1 	338 2 	356 2 	357 2 	
85 1 	102 1 	103 1 	340 2 	357 2 	358 2 	
85 1 	103 1 	104 1 	340 2 	358 2 	359 2 	
87 1 	104 1 	105 1 	342 2 	359 2 	360 2 	
87 1 	105 1 	106 1 	342 2 	360 2 	361 2 	
89 1 	106 1 	107 1 	344 2 	361 2 	362 2 	
89 1 	107 1 	108 1 	344 2 	362 2 	363 2 	
108 1 	109 1 	363 2 	364 2 	0 0 	0 0 	
109 1 	110 1 	364 2 	365 2 	0 0 	0 0 	
91 1 	113 1 	346 2 	368 2 	0 0 	0 0 	
91 1 	92 1 	113 1 	346 2 	347 2 	368 2 	
92 1 	93 1 	115 1 	347 2 	348 2 	370 2 	
93 1 	94 1 	115 1 	348 2 	349 2 	370 2 	
94 1 	95 1 	117 1 	349 2 	350 2 	372 2 	
95 1 	96 1 	117 1 	350 2 	351 2 	372 2 	
96 1 	97 1 	119 1 	351 2 	352 2 	374 2 	
97 1 	98 1 	119 1 	352 2 	353 2 	374 2 	
98 1 	99 1 	121 1 	353 2 	354 2 	376 2 	
99 1 	100 1 	121 1 	354 2 	355 2 	376 2 	
100 1 	101 1 	123 1 	355 2 	356 2 	378 2 	
101 1 	102 1 	123 1 	356 2 	357 2 	378 2 	
102 1 	103 1 	125 1 	357 2 	358 2 	380 2 	
103 1 	104 1 	125 1 	358 2 	359 2 	380 2 	
104 1 	105 1 	127 1 	359 2 	360 2 	382 2 	
105 1 	106 1 	127 1 	360 2 	361 2 	382 2 	
106 1 	107 1 	129 1 	361 2 	362 2 	384 2 	
107 1 	108 1 	129 1 	362 2 	363 2 	384 2 	
108 1 	109 1 	131 1 	363 2 	364 2 	386 2 	
109 1 	110 1 	131 1 	364 2 	365 2 	386 2 	
111 1 	112 1 	366 2 	367 2 	0 0 	0 0 	
112 1 	113 1 	367 2 	368 2 	0 0 	0 0 	
92 1 	113 1 	114 1 	347 2 	368 2 	369 2 	
92 1 	114 1 	115 1 	347 2 	369 2 	370 2 	
94 1 	115 1 	116 1 	349 2 	370 2 	371 2 	
94 1 	116 1 	117 1 	349 2 	371 2 	372 2 	
96 1 	117 1 	118 1 	351 2 	372 2 	373 2 	
96 1 	118 1 	119 1 	351 2 	373 2 	374 2 	
98 1 	119 1 	120 1 	353 2 	374 2 	375 2 	
98 1 	120 1 	121 1 	353 2 	375 2 	376 2 	
100 1 	121 1 	122 1 	355 2 	376 2 	377 2 	
100 1 	122 1 	123 1 	355 2 	377 2 	378 2 	
102 1 	123 1 	124 1 	357 2 	378 2 	379 2 	
102 1 	124 1 	125 1 	357 2 	379 2 	380 2 	
104 1 	125 1 	126 1 	359 2 	380 2 	381 2 	
104 1 	126 1 	127 1 	359 2 	381 2 	382 2 	
106 1 	127 1 	128 1 	361 2 	382 2 	383 2 	
106 1 	128 1 	129 1 	361 2 	383 2 	384 2 	
108 1 	129 1 	130 1 	363 2 	384 2 	385 2 	
108 1 	130 1 	131 1 	363 2 	385 2 	386 2 	
110 1 	131 1 	132 1 	365 2 	386 2 	387 2 	
110 1 	132 1 	365 2 	387 2 	0 0 	0 0 	
111 1 	112 1 	134 1 	366 2 	367 2 	389 2 	
112 1 	113 1 	134 1 	367 2 	368 2 	389 2 	
113 1 	114 1 	136 1 	368 2 	369 2 	391 2 	
114 1 	115 1 	136 1 	369 2 	370 2 	391 2 	
115 1 	116 1 	138 1 	370 2 	371 2 	393 2 	
116 1 	117 1 	138 1 	371 2 	372 2 	393 2 	
117 1 	118 1 	140 1 	372 2 	373 2 	395 2 	
118 1 	119 1 	140 1 	373 2 	374 2 	395 2 	
119 1 	120 1 	142 1 	374 2 	375 2 	397 2 	
120 1 	121 1 	142 1 	375 2 	376 2 	397 2 	
121 1 	122 1 	144 1 	376 2 	377 2 	399 2 	
122 1 	123 1 	144 1 	377 2 	378 2 	399 2 	
123 1 	124 1 	146 1 	378 2 	379 2 	401 2 	
124 1 	125 1 	146 1 	379 2 	380 2 	401 2 	
125 1 	126 1 	148 1 	380 2 	381 2 	403 2 	
126 1 	127 1 	148 1 	381 2 	382 2 	403 2 	
127 1 	128 1 	150 1 	382 2 	383 2 	405 2 	
128 1 	129 1 	150 1 	383 2 	384 2 	405 2 	
129 1 	130 1 	152 1 	384 2 	385 2 	407 2 	
130 1 	131 1 	152 1 	385 2 	386 2 	407 2 	
131 1 	132 1 	154 1 	386 2 	387 2 	409 2 	
132 1 	154 1 	387 2 	409 2 	0 0 	0 0 	
111 1 	133 1 	366 2 	388 2 	0 0 	0 0 	
111 1 	133 1 	134 1 	366 2 	388 2 	389 2 	
113 1 	134 1 	135 1 	368 2 	389 2 	390 2 	
113 1 	135 1 	136 1 	368 2 	390 2 	391 2 	
115 1 	136 1 	137 1 	370 2 	391 2 	392 2 	
115 1 	137 1 	138 1 	370 2 	392 2 	393 2 	
117 1 	138 1 	139 1 	372 2 	393 2 	394 2 	
117 1 	139 1 	140 1 	372 2 	394 2 	395 2 	
119 1 	140 1 	141 1 	374 2 	395 2 	396 2 	
119 1 	141 1 	142 1 	374 2 	396 2 	397 2 	
121 1 	142 1 	143 1 	376 2 	397 2 	398 2 	
121 1 	143 1 	144 1 	376 2 	398 2 	399 2 	
123 1 	144 1 	145 1 	378 2 	399 2 	400 2 	
123 1 	145 1 	146 1 	378 2 	400 2 	401 2 	
125 1 	146 1 	147 1 	380 2 	401 2 	402 2 	
125 1 	147 1 	148 1 	380 2 	402 2 	403 2 	
127 1 	148 1 	149 1 	382 2 	403 2 	404 2 	
127 1 	149 1 	150 1 	382 2 	404 2 	405 2 	
129 1 	150 1 	151 1 	384 2 	405 2 	406 2 	
129 1 	151 1 	152 1 	384 2 	406 2 	407 2 	
131 1 	152 1 	153 1 	386 2 	407 2 	408 2 	
131 1 	153 1 	154 1 	386 2 	408 2 	409 2 	
154 1 	155 1 	409 2 	410 2 	0 0 	0 0 	
155 1 	156 1 	410 2 	411 2 	0 0 	0 0 	
133 1 	159 1 	388 2 	414 2 	0 0 	0 0 	
133 1 	134 1 	159 1 	388 2 	389 2 	414 2 	
134 1 	135 1 	161 1 	389 2 	390 2 	416 2 	
135 1 	136 1 	161 1 	390 2 	391 2 	416 2 	
136 1 	137 1 	163 1 	391 2 	392 2 	418 2 	
137 1 	138 1 	163 1 	392 2 	393 2 	418 2 	
138 1 	139 1 	165 1 	393 2 	394 2 	420 2 	
139 1 	140 1 	165 1 	394 2 	395 2 	420 2 	
140 1 	141 1 	167 1 	395 2 	396 2 	422 2 	
141 1 	142 1 	167 1 	396 2 	397 2 	422 2 	
142 1 	143 1 	169 1 	397 2 	398 2 	424 2 	
143 1 	144 1 	169 1 	398 2 	399 2 	424 2 	
144 1 	145 1 	171 1 	399 2 	400 2 	426 2 	
145 1 	146 1 	171 1 	400 2 	401 2 	426 2 	
146 1 	147 1 	173 1 	401 2 	402 2 	428 2 	
147 1 	148 1 	173 1 	402 2 	403 2 	428 2 	
148 1 	149 1 	175 1 	403 2 	404 2 	430 2 	
149 1 	150 1 	175 1 	404 2 	405 2 	430 2 	
150 1 	151 1 	177 1 	405 2 	406 2 	432 2 	
151 1 	152 1 	177 1 	406 2 	407 2 	432 2 	
152 1 	153 1 	179 1 	407 2 	408 2 	434 2 	
153 1 	154 1 	179 1 	408 2 	409 2 	434 2 	
154 1 	155 1 	181 1 	409 2 	410 2 	436 2 	
155 1 	156 1 	181 1 	410 2 	411 2 	436 2 	
157 1 	158 1 	412 2 	413 2 	0 0 	0 0 	
158 1 	159 1 	413 2 	414 2 	0 0 	0 0 	
134 1 	159 1 	160 1 	389 2 	414 2 	415 2 	
134 1 	160 1 	161 1 	389 2 	415 2 	416 2 	
136 1 	161 1 	162 1 	391 2 	416 2 	417 2 	
136 1 	162 1 	163 1 	391 2 	417 2 	418 2 	
138 1 	163 1 	164 1 	393 2 	418 2 	419 2 	
138 1 	164 1 	165 1 	393 2 	419 2 	420 2 	
140 1 	165 1 	166 1 	395 2 	420 2 	421 2 	
140 1 	166 1 	167 1 	395 2 	421 2 	422 2 	
142 1 	167 1 	168 1 	397 2 	422 2 	423 2 	
142 1 	168 1 	169 1 	397 2 	423 2 	424 2 	
144 1 	169 1 	170 1 	399 2 	424 2 	425 2 	
144 1 	170 1 	171 1 	399 2 	425 2 	426 2 	
146 1 	171 1 	172 1 	401 2 	426 2 	427 2 	
146 1 	172 1 	173 1 	401 2 	427 2 	428 2 	
148 1 	173 1 	174 1 	403 2 	428 2 	429 2 	
148 1 	174 1 	175 1 	403 2 	429 2 	430 2 	
150 1 	175 1 	176 1 	405 2 	430 2 	431 2 	
150 1 	176 1 	177 1 	405 2 	431 2 	432 2 	
152 1 	177 1 	178 1 	407 2 	432 2 	433 2 	
152 1 	178 1 	179 1 	407 2 	433 2 	434 2 	
154 1 	179 1 	180 1 	409 2 	434 2 	435 2 	
154 1 	180 1 	181 1 	409 2 	435 2 	436 2 	
156 1 	181 1 	182 1 	411 2 	436 2 	437 2 	
156 1 	182 1 	411 2 	437 2 	0 0 	0 0 	
157 1 	158 1 	184 1 	412 2 	413 2 	439 2 	
158 1 	159 1 	184 1 	413 2 	414 2 	439 2 	
159 1 	160 1 	186 1 	414 2 	415 2 	441 2 	
160 1 	161 1 	186 1 	415 2 	416 2 	441 2 	
161 1 	162 1 	188 1 	416 2 	417 2 	443 2 	
162 1 	163 1 	188 1 	417 2 	418 2 	443 2 	
163 1 	164 1 	190 1 	418 2 	419 2 	445 2 	
164 1 	165 1 	190 1 	419 2 	420 2 	445 2 	
165 1 	166 1 	192 1 	420 2 	421 2 	447 2 	
166 1 	167 1 	192 1 	421 2 	422 2 	447 2 	
167 1 	168 1 	194 1 	422 2 	423 2 	449 2 	
168 1 	169 1 	194 1 	423 2 	424 2 	449 2 	
169 1 	170 1 	196 1 	424 2 	425 2 	451 2 	
170 1 	171 1 	196 1 	425 2 	426 2 	451 2 	
171 1 	172 1 	198 1 	426 2 	427 2 	453 2 	
172 1 	173 1 	198 1 	427 2 	428 2 	453 2 	
173 1 	174 1 	200 1 	428 2 	429 2 	455 2 	
174 1 	175 1 	200 1 	429 2 	430 2 	455 2 	
175 1 	176 1 	202 1 	430 2 	431 2 	457 2 	
176 1 	177 1 	202 1 	431 2 	432 2 	457 2 	
177 1 	178 1 	204 1 	432 2 	433 2 	459 2 	
178 1 	179 1 	204 1 	433 2 	434 2 	459 2 	
179 1 	180 1 	206 1 	434 2 	435 2 	461 2 	
180 1 	181 1 	206 1 	435 2 	436 2 	461 2 	
181 1 	182 1 	208 1 	436 2 	437 2 	463 2 	
182 1 	208 1 	437 2 	463 2 	0 0 	0 0 	
157 1 	183 1 	412 2 	438 2 	0 0 	0 0 	
157 1 	183 1 	184 1 	412 2 	438 2 	439 2 	
159 1 	184 1 	185 1 	414 2 	439 2 	440 2 	
159 1 	185 1 	186 1 	414 2 	440 2 	441 2 	
161 1 	186 1 	187 1 	416 2 	441 2 	442 2 	
161 1 	187 1 	188 1 	416 2 	442 2 	443 2 	
163 1 	188 1 	189 1 	418 2 	443 2 	444 2 	
163 1 	189 1 	190 1 	418 2 	444 2 	445 2 	
165 1 	190 1 	191 1 	420 2 	445 2 	446 2 	
165 1 	191 1 	192 1 	420 2 	446 2 	447 2 	
167 1 	192 1 	193 1 	422 2 	447 2 	448 2 	
167 1 	193 1 	194 1 	422 2 	448 2 	449 2 	
169 1 	194 1 	195 1 	424 2 	449 2 	450 2 	
169 1 	195 1 	196 1 	424 2 	450 2 	451 2 	
171 1 	196 1 	197 1 	426 2 	451 2 	452 2 	
171 1 	197 1 	198 1 	426 2 	452 2 	453 2 	
173 1 	198 1 	199 1 	428 2 	453 2 	454 2 	
173 1 	199 1 	200 1 	428 2 	454 2 	455 2 	
175 1 	200 1 	201 1 	430 2 	455 2 	456 2 	
175 1 	201 1 	202 1 	430 2 	456 2 	457 2 	
177 1 	202 1 	203 1 	432 2 	457 2 	458 2 	
177 1 	203 1 	204 1 	432 2 	458 2 	459 2 	
179 1 	204 1 	205 1 	434 2 	459 2 	460 2 	
179 1 	205 1 	206 1 	434 2 	460 2 	461 2 	
181 1 	206 1 	207 1 	436 2 	461 2 	462 2 	
181 1 	207 1 	208 1 	436 2 	462 2 	463 2 	
208 1 	209 1 	463 2 	464 2 	0 0 	0 0 	
209 1 	210 1 	464 2 	465 2 	0 0 	0 0 	
183 1 	213 1 	438 2 	468 2 	0 0 	0 0 	
183 1 	184 1 	213 1 	438 2 	439 2 	468 2 	
184 1 	185 1 	215 1 	439 2 	440 2 	470 2 	
185 1 	186 1 	215 1 	440 2 	441 2 	470 2 	
186 1 	187 1 	217 1 	441 2 	442 2 	472 2 	
187 1 	188 1 	217 1 	442 2 	443 2 	472 2 	
188 1 	189 1 	219 1 	443 2 	444 2 	474 2 	
189 1 	190 1 	219 1 	444 2 	445 2 	474 2 	
190 1 	191 1 	221 1 	445 2 	446 2 	476 2 	
191 1 	192 1 	221 1 	446 2 	447 2 	476 2 	
192 1 	193 1 	223 1 	447 2 	448 2 	478 2 	
193 1 	194 1 	223 1 	448 2 	449 2 	478 2 	
194 1 	195 1 	225 1 	449 2 	450 2 	480 2 	
195 1 	196 1 	225 1 	450 2 	451 2 	480 2 	
196 1 	197 1 	227 1 	451 2 	452 2 	482 2 	
197 1 	198 1 	227 1 	452 2 	453 2 	482 2 	
198 1 	199 1 	229 1 	453 2 	454 2 	484 2 	
199 1 	200 1 	229 1 	454 2 	455 2 	484 2 	
200 1 	201 1 	231 1 	455 2 	456 2 	486 2 	
201 1 	202 1 	231 1 	456 2 	457 2 	486 2 	
202 1 	203 1 	233 1 	457 2 	458 2 	488 2 	
203 1 	204 1 	233 1 	458 2 	459 2 	488 2 	
204 1 	205 1 	235 1 	459 2 	460 2 	490 2 	
205 1 	206 1 	235 1 	460 2 	461 2 	490 2 	
206 1 	207 1 	237 1 	461 2 	462 2 	492 2 	
207 1 	208 1 	237 1 	462 2 	463 2 	492 2 	
208 1 	209 1 	239 1 	463 2 	464 2 	494 2 	
209 1 	210 1 	239 1 	464 2 	465 2 	494 2 	
211 1 	212 1 	466 2 	467 2 	0 0 	0 0 	
212 1 	213 1 	467 2 	468 2 	0 0 	0 0 	
184 1 	213 1 	214 1 	439 2 	468 2 	469 2 	
184 1 	214 1 	215 1 	439 2 	469 2 	470 2 	
186 1 	215 1 	216 1 	441 2 	470 2 	471 2 	
186 1 	216 1 	217 1 	441 2 	471 2 	472 2 	
188 1 	217 1 	218 1 	443 2 	472 2 	473 2 	
188 1 	218 1 	219 1 	443 2 	473 2 	474 2 	
190 1 	219 1 	220 1 	445 2 	474 2 	475 2 	
190 1 	220 1 	221 1 	445 2 	475 2 	476 2 	
192 1 	221 1 	222 1 	447 2 	476 2 	477 2 	
192 1 	222 1 	223 1 	447 2 	477 2 	478 2 	
194 1 	223 1 	224 1 	449 2 	478 2 	479 2 	
194 1 	224 1 	225 1 	449 2 	479 2 	480 2 	
196 1 	225 1 	226 1 	451 2 	480 2 	481 2 	
196 1 	226 1 	227 1 	451 2 	481 2 	482 2 	
198 1 	227 1 	228 1 	453 2 	482 2 	483 2 	
198 1 	228 1 	229 1 	453 2 	483 2 	484 2 	
200 1 	229 1 	230 1 	455 2 	484 2 	485 2 	
200 1 	230 1 	231 1 	455 2 	485 2 	486 2 	
202 1 	231 1 	232 1 	457 2 	486 2 	487 2 	
202 1 	232 1 	233 1 	457 2 	487 2 	488 2 	
204 1 	233 1 	234 1 	459 2 	488 2 	489 2 	
204 1 	234 1 	235 1 	459 2 	489 2 	490 2 	
206 1 	235 1 	236 1 	461 2 	490 2 	491 2 	
206 1 	236 1 	237 1 	461 2 	491 2 	492 2 	
208 1 	237 1 	238 1 	463 2 	492 2 	493 2 	
208 1 	238 1 	239 1 	463 2 	493 2 	494 2 	
210 1 	239 1 	240 1 	465 2 	494 2 	495 2 	
210 1 	240 1 	465 2 	495 2 	0 0 	0 0 	
211 1 	212 1 	241 1 	466 2 	467 2 	496 2 	
212 1 	213 1 	241 1 	467 2 	468 2 	496 2 	
213 1 	214 1 	242 1 	468 2 	469 2 	497 2 	
214 1 	215 1 	242 1 	469 2 	470 2 	497 2 	
215 1 	216 1 	243 1 	470 2 	471 2 	498 2 	
216 1 	217 1 	243 1 	471 2 	472 2 	498 2 	
217 1 	218 1 	244 1 	472 2 	473 2 	499 2 	
218 1 	219 1 	244 1 	473 2 	474 2 	499 2 	
219 1 	220 1 	245 1 	474 2 	475 2 	500 2 	
220 1 	221 1 	245 1 	475 2 	476 2 	500 2 	
221 1 	222 1 	246 1 	476 2 	477 2 	501 2 	
222 1 	223 1 	246 1 	477 2 	478 2 	501 2 	
223 1 	224 1 	247 1 	478 2 	479 2 	502 2 	
224 1 	225 1 	247 1 	479 2 	480 2 	502 2 	
225 1 	226 1 	248 1 	480 2 	481 2 	503 2 	
226 1 	227 1 	248 1 	481 2 	482 2 	503 2 	
227 1 	228 1 	249 1 	482 2 	483 2 	504 2 	
228 1 	229 1 	249 1 	483 2 	484 2 	504 2 	
229 1 	230 1 	250 1 	484 2 	485 2 	505 2 	
230 1 	231 1 	250 1 	485 2 	486 2 	505 2 	
231 1 	232 1 	251 1 	486 2 	487 2 	506 2 	
232 1 	233 1 	251 1 	487 2 	488 2 	506 2 	
233 1 	234 1 	252 1 	488 2 	489 2 	507 2 	
234 1 	235 1 	252 1 	489 2 	490 2 	507 2 	
235 1 	236 1 	253 1 	490 2 	491 2 	508 2 	
236 1 	237 1 	253 1 	491 2 	492 2 	508 2 	
237 1 	238 1 	254 1 	492 2 	493 2 	509 2 	
238 1 	239 1 	254 1 	493 2 	494 2 	509 2 	
239 1 	240 1 	255 1 	494 2 	495 2 	510 2 	
240 1 	255 1 	495 2 	510 2 	0 0 	0 0 	
211 1 	466 2 	0 0 	0 0 	0 0 	0 0 	
211 1 	241 1 	466 2 	496 2 	0 0 	0 0 	
213 1 	241 1 	468 2 	496 2 	0 0 	0 0 	
213 1 	242 1 	468 2 	497 2 	0 0 	0 0 	
215 1 	242 1 	470 2 	497 2 	0 0 	0 0 	
215 1 	243 1 	470 2 	498 2 	0 0 	0 0 	
217 1 	243 1 	472 2 	498 2 	0 0 	0 0 	
217 1 	244 1 	472 2 	499 2 	0 0 	0 0 	
219 1 	244 1 	474 2 	499 2 	0 0 	0 0 	
219 1 	245 1 	474 2 	500 2 	0 0 	0 0 	
221 1 	245 1 	476 2 	500 2 	0 0 	0 0 	
221 1 	246 1 	476 2 	501 2 	0 0 	0 0 	
223 1 	246 1 	478 2 	501 2 	0 0 	0 0 	
223 1 	247 1 	478 2 	502 2 	0 0 	0 0 	
225 1 	247 1 	480 2 	502 2 	0 0 	0 0 	
225 1 	248 1 	480 2 	503 2 	0 0 	0 0 	
227 1 	248 1 	482 2 	503 2 	0 0 	0 0 	
227 1 	249 1 	482 2 	504 2 	0 0 	0 0 	
229 1 	249 1 	484 2 	504 2 	0 0 	0 0 	
229 1 	250 1 	484 2 	505 2 	0 0 	0 0 	
231 1 	250 1 	486 2 	505 2 	0 0 	0 0 	
231 1 	251 1 	486 2 	506 2 	0 0 	0 0 	
233 1 	251 1 	488 2 	506 2 	0 0 	0 0 	
233 1 	252 1 	488 2 	507 2 	0 0 	0 0 	
235 1 	252 1 	490 2 	507 2 	0 0 	0 0 	
235 1 	253 1 	490 2 	508 2 	0 0 	0 0 	
237 1 	253 1 	492 2 	508 2 	0 0 	0 0 	
237 1 	254 1 	492 2 	509 2 	0 0 	0 0 	
239 1 	254 1 	494 2 	509 2 	0 0 	0 0 	
239 1 	255 1 	494 2 	510 2 	0 0 	0 0 	
255 1 	510 2 	0 0 	0 0 	0 0 	0 0 	
1 1 	3 1 	5 1 	6 1 	0 0 	0 0 	0 0 	0 0 	
1 1 	2 1 	3 1 	4 1 	0 0 	0 0 	0 0 	0 0 	
5 1 	6 1 	9 1 	10 1 	0 0 	0 0 	0 0 	0 0 	
3 1 	4 1 	6 1 	7 1 	10 1 	11 1 	15 1 	16 1 	
7 1 	8 1 	11 1 	12 1 	0 0 	0 0 	0 0 	0 0 	
8 1 	12 1 	17 1 	18 1 	0 0 	0 0 	0 0 	0 0 	
13 1 	19 1 	25 1 	26 1 	0 0 	0 0 	0 0 	0 0 	
13 1 	14 1 	19 1 	20 1 	0 0 	0 0 	0 0 	0 0 	
9 1 	10 1 	14 1 	15 1 	20 1 	21 1 	27 1 	28 1 	
15 1 	16 1 	21 1 	22 1 	0 0 	0 0 	0 0 	0 0 	
11 1 	12 1 	16 1 	17 1 	22 1 	23 1 	29 1 	30 1 	
17 1 	18 1 	23 1 	24 1 	0 0 	0 0 	0 0 	0 0 	
25 1 	26 1 	33 1 	34 1 	0 0 	0 0 	0 0 	0 0 	
19 1 	20 1 	26 1 	27 1 	34 1 	35 1 	43 1 	44 1 	
27 1 	28 1 	35 1 	36 1 	0 0 	0 0 	0 0 	0 0 	
21 1 	22 1 	28 1 	29 1 	36 1 	37 1 	45 1 	46 1 	
29 1 	30 1 	37 1 	38 1 	0 0 	0 0 	0 0 	0 0 	
23 1 	24 1 	30 1 	31 1 	38 1 	39 1 	47 1 	48 1 	
31 1 	32 1 	39 1 	40 1 	0 0 	0 0 	0 0 	0 0 	
32 1 	40 1 	49 1 	50 1 	0 0 	0 0 	0 0 	0 0 	
41 1 	51 1 	61 1 	62 1 	0 0 	0 0 	0 0 	0 0 	
41 1 	42 1 	51 1 	52 1 	0 0 	0 0 	0 0 	0 0 	
33 1 	34 1 	42 1 	43 1 	52 1 	53 1 	63 1 	64 1 	
43 1 	44 1 	53 1 	54 1 	0 0 	0 0 	0 0 	0 0 	
35 1 	36 1 	44 1 	45 1 	54 1 	55 1 	65 1 	66 1 	
45 1 	46 1 	55 1 	56 1 	0 0 	0 0 	0 0 	0 0 	
37 1 	38 1 	46 1 	47 1 	56 1 	57 1 	67 1 	68 1 	
47 1 	48 1 	57 1 	58 1 	0 0 	0 0 	0 0 	0 0 	
39 1 	40 1 	48 1 	49 1 	58 1 	59 1 	69 1 	70 1 	
49 1 	50 1 	59 1 	60 1 	0 0 	0 0 	0 0 	0 0 	
61 1 	62 1 	73 1 	74 1 	0 0 	0 0 	0 0 	0 0 	
51 1 	52 1 	62 1 	63 1 	74 1 	75 1 	87 1 	88 1 	
63 1 	64 1 	75 1 	76 1 	0 0 	0 0 	0 0 	0 0 	
53 1 	54 1 	64 1 	65 1 	76 1 	77 1 	89 1 	90 1 	
65 1 	66 1 	77 1 	78 1 	0 0 	0 0 	0 0 	0 0 	
55 1 	56 1 	66 1 	67 1 	78 1 	79 1 	91 1 	92 1 	
67 1 	68 1 	79 1 	80 1 	0 0 	0 0 	0 0 	0 0 	
57 1 	58 1 	68 1 	69 1 	80 1 	81 1 	93 1 	94 1 	
69 1 	70 1 	81 1 	82 1 	0 0 	0 0 	0 0 	0 0 	
59 1 	60 1 	70 1 	71 1 	82 1 	83 1 	95 1 	96 1 	
71 1 	72 1 	83 1 	84 1 	0 0 	0 0 	0 0 	0 0 	
72 1 	84 1 	97 1 	98 1 	0 0 	0 0 	0 0 	0 0 	
85 1 	99 1 	113 1 	114 1 	0 0 	0 0 	0 0 	0 0 	
85 1 	86 1 	99 1 	100 1 	0 0 	0 0 	0 0 	0 0 	
73 1 	74 1 	86 1 	87 1 	100 1 	101 1 	115 1 	116 1 	
87 1 	88 1 	101 1 	102 1 	0 0 	0 0 	0 0 	0 0 	
75 1 	76 1 	88 1 	89 1 	102 1 	103 1 	117 1 	118 1 	
89 1 	90 1 	103 1 	104 1 	0 0 	0 0 	0 0 	0 0 	
77 1 	78 1 	90 1 	91 1 	104 1 	105 1 	119 1 	120 1 	
91 1 	92 1 	105 1 	106 1 	0 0 	0 0 	0 0 	0 0 	
79 1 	80 1 	92 1 	93 1 	106 1 	107 1 	121 1 	122 1 	
93 1 	94 1 	107 1 	108 1 	0 0 	0 0 	0 0 	0 0 	
81 1 	82 1 	94 1 	95 1 	108 1 	109 1 	123 1 	124 1 	
95 1 	96 1 	109 1 	110 1 	0 0 	0 0 	0 0 	0 0 	
83 1 	84 1 	96 1 	97 1 	110 1 	111 1 	125 1 	126 1 	
97 1 	98 1 	111 1 	112 1 	0 0 	0 0 	0 0 	0 0 	
113 1 	114 1 	129 1 	130 1 	0 0 	0 0 	0 0 	0 0 	
99 1 	100 1 	114 1 	115 1 	130 1 	131 1 	147 1 	148 1 	
115 1 	116 1 	131 1 	132 1 	0 0 	0 0 	0 0 	0 0 	
101 1 	102 1 	116 1 	117 1 	132 1 	133 1 	149 1 	150 1 	
117 1 	118 1 	133 1 	134 1 	0 0 	0 0 	0 0 	0 0 	
103 1 	104 1 	118 1 	119 1 	134 1 	135 1 	151 1 	152 1 	
119 1 	120 1 	135 1 	136 1 	0 0 	0 0 	0 0 	0 0 	
105 1 	106 1 	120 1 	121 1 	136 1 	137 1 	153 1 	154 1 	
121 1 	122 1 	137 1 	138 1 	0 0 	0 0 	0 0 	0 0 	
107 1 	108 1 	122 1 	123 1 	138 1 	139 1 	155 1 	156 1 	
123 1 	124 1 	139 1 	140 1 	0 0 	0 0 	0 0 	0 0 	
109 1 	110 1 	124 1 	125 1 	140 1 	141 1 	157 1 	158 1 	
125 1 	126 1 	141 1 	142 1 	0 0 	0 0 	0 0 	0 0 	
111 1 	112 1 	126 1 	127 1 	142 1 	143 1 	159 1 	160 1 	
127 1 	128 1 	143 1 	144 1 	0 0 	0 0 	0 0 	0 0 	
128 1 	144 1 	161 1 	162 1 	0 0 	0 0 	0 0 	0 0 	
145 1 	163 1 	181 1 	182 1 	0 0 	0 0 	0 0 	0 0 	
145 1 	146 1 	163 1 	164 1 	0 0 	0 0 	0 0 	0 0 	
129 1 	130 1 	146 1 	147 1 	164 1 	165 1 	183 1 	184 1 	
147 1 	148 1 	165 1 	166 1 	0 0 	0 0 	0 0 	0 0 	
131 1 	132 1 	148 1 	149 1 	166 1 	167 1 	185 1 	186 1 	
149 1 	150 1 	167 1 	168 1 	0 0 	0 0 	0 0 	0 0 	
133 1 	134 1 	150 1 	151 1 	168 1 	169 1 	187 1 	188 1 	
151 1 	152 1 	169 1 	170 1 	0 0 	0 0 	0 0 	0 0 	
135 1 	136 1 	152 1 	153 1 	170 1 	171 1 	189 1 	190 1 	
153 1 	154 1 	171 1 	172 1 	0 0 	0 0 	0 0 	0 0 	
137 1 	138 1 	154 1 	155 1 	172 1 	173 1 	191 1 	192 1 	
155 1 	156 1 	173 1 	174 1 	0 0 	0 0 	0 0 	0 0 	
139 1 	140 1 	156 1 	157 1 	174 1 	175 1 	193 1 	194 1 	
157 1 	158 1 	175 1 	176 1 	0 0 	0 0 	0 0 	0 0 	
141 1 	142 1 	158 1 	159 1 	176 1 	177 1 	195 1 	196 1 	
159 1 	160 1 	177 1 	178 1 	0 0 	0 0 	0 0 	0 0 	
143 1 	144 1 	160 1 	161 1 	178 1 	179 1 	197 1 	198 1 	
161 1 	162 1 	179 1 	180 1 	0 0 	0 0 	0 0 	0 0 	
181 1 	182 1 	201 1 	202 1 	0 0 	0 0 	0 0 	0 0 	
163 1 	164 1 	182 1 	183 1 	202 1 	203 1 	223 1 	224 1 	
183 1 	184 1 	203 1 	204 1 	0 0 	0 0 	0 0 	0 0 	
165 1 	166 1 	184 1 	185 1 	204 1 	205 1 	225 1 	226 1 	
185 1 	186 1 	205 1 	206 1 	0 0 	0 0 	0 0 	0 0 	
167 1 	168 1 	186 1 	187 1 	206 1 	207 1 	227 1 	228 1 	
187 1 	188 1 	207 1 	208 1 	0 0 	0 0 	0 0 	0 0 	
169 1 	170 1 	188 1 	189 1 	208 1 	209 1 	229 1 	230 1 	
189 1 	190 1 	209 1 	210 1 	0 0 	0 0 	0 0 	0 0 	
171 1 	172 1 	190 1 	191 1 	210 1 	211 1 	231 1 	232 1 	
191 1 	192 1 	211 1 	212 1 	0 0 	0 0 	0 0 	0 0 	
173 1 	174 1 	192 1 	193 1 	212 1 	213 1 	233 1 	234 1 	
193 1 	194 1 	213 1 	214 1 	0 0 	0 0 	0 0 	0 0 	
175 1 	176 1 	194 1 	195 1 	214 1 	215 1 	235 1 	236 1 	
195 1 	196 1 	215 1 	216 1 	0 0 	0 0 	0 0 	0 0 	
177 1 	178 1 	196 1 	197 1 	216 1 	217 1 	237 1 	238 1 	
197 1 	198 1 	217 1 	218 1 	0 0 	0 0 	0 0 	0 0 	
179 1 	180 1 	198 1 	199 1 	218 1 	219 1 	239 1 	240 1 	
199 1 	200 1 	219 1 	220 1 	0 0 	0 0 	0 0 	0 0 	
200 1 	220 1 	241 1 	242 1 	0 0 	0 0 	0 0 	0 0 	
221 1 	243 1 	265 1 	266 1 	0 0 	0 0 	0 0 	0 0 	
221 1 	222 1 	243 1 	244 1 	0 0 	0 0 	0 0 	0 0 	
201 1 	202 1 	222 1 	223 1 	244 1 	245 1 	267 1 	268 1 	
223 1 	224 1 	245 1 	246 1 	0 0 	0 0 	0 0 	0 0 	
203 1 	204 1 	224 1 	225 1 	246 1 	247 1 	269 1 	270 1 	
225 1 	226 1 	247 1 	248 1 	0 0 	0 0 	0 0 	0 0 	
205 1 	206 1 	226 1 	227 1 	248 1 	249 1 	271 1 	272 1 	
227 1 	228 1 	249 1 	250 1 	0 0 	0 0 	0 0 	0 0 	
207 1 	208 1 	228 1 	229 1 	250 1 	251 1 	273 1 	274 1 	
229 1 	230 1 	251 1 	252 1 	0 0 	0 0 	0 0 	0 0 	
209 1 	210 1 	230 1 	231 1 	252 1 	253 1 	275 1 	276 1 	
231 1 	232 1 	253 1 	254 1 	0 0 	0 0 	0 0 	0 0 	
211 1 	212 1 	232 1 	233 1 	254 1 	255 1 	277 1 	278 1 	
233 1 	234 1 	255 1 	256 1 	0 0 	0 0 	0 0 	0 0 	
213 1 	214 1 	234 1 	235 1 	256 1 	257 1 	279 1 	280 1 	
235 1 	236 1 	257 1 	258 1 	0 0 	0 0 	0 0 	0 0 	
215 1 	216 1 	236 1 	237 1 	258 1 	259 1 	281 1 	282 1 	
237 1 	238 1 	259 1 	260 1 	0 0 	0 0 	0 0 	0 0 	
217 1 	218 1 	238 1 	239 1 	260 1 	261 1 	283 1 	284 1 	
239 1 	240 1 	261 1 	262 1 	0 0 	0 0 	0 0 	0 0 	
219 1 	220 1 	240 1 	241 1 	262 1 	263 1 	285 1 	286 1 	
241 1 	242 1 	263 1 	264 1 	0 0 	0 0 	0 0 	0 0 	
265 1 	266 1 	289 1 	290 1 	0 0 	0 0 	0 0 	0 0 	
243 1 	244 1 	266 1 	267 1 	290 1 	291 1 	315 1 	316 1 	
267 1 	268 1 	291 1 	292 1 	0 0 	0 0 	0 0 	0 0 	
245 1 	246 1 	268 1 	269 1 	292 1 	293 1 	317 1 	318 1 	
269 1 	270 1 	293 1 	294 1 	0 0 	0 0 	0 0 	0 0 	
247 1 	248 1 	270 1 	271 1 	294 1 	295 1 	319 1 	320 1 	
271 1 	272 1 	295 1 	296 1 	0 0 	0 0 	0 0 	0 0 	
249 1 	250 1 	272 1 	273 1 	296 1 	297 1 	321 1 	322 1 	
273 1 	274 1 	297 1 	298 1 	0 0 	0 0 	0 0 	0 0 	
251 1 	252 1 	274 1 	275 1 	298 1 	299 1 	323 1 	324 1 	
275 1 	276 1 	299 1 	300 1 	0 0 	0 0 	0 0 	0 0 	
253 1 	254 1 	276 1 	277 1 	300 1 	301 1 	325 1 	326 1 	
277 1 	278 1 	301 1 	302 1 	0 0 	0 0 	0 0 	0 0 	
255 1 	256 1 	278 1 	279 1 	302 1 	303 1 	327 1 	328 1 	
279 1 	280 1 	303 1 	304 1 	0 0 	0 0 	0 0 	0 0 	
257 1 	258 1 	280 1 	281 1 	304 1 	305 1 	329 1 	330 1 	
281 1 	282 1 	305 1 	306 1 	0 0 	0 0 	0 0 	0 0 	
259 1 	260 1 	282 1 	283 1 	306 1 	307 1 	331 1 	332 1 	
283 1 	284 1 	307 1 	308 1 	0 0 	0 0 	0 0 	0 0 	
261 1 	262 1 	284 1 	285 1 	308 1 	309 1 	333 1 	334 1 	
285 1 	286 1 	309 1 	310 1 	0 0 	0 0 	0 0 	0 0 	
263 1 	264 1 	286 1 	287 1 	310 1 	311 1 	335 1 	336 1 	
287 1 	288 1 	311 1 	312 1 	0 0 	0 0 	0 0 	0 0 	
288 1 	312 1 	337 1 	338 1 	0 0 	0 0 	0 0 	0 0 	
313 1 	339 1 	365 1 	366 1 	0 0 	0 0 	0 0 	0 0 	
313 1 	314 1 	339 1 	340 1 	0 0 	0 0 	0 0 	0 0 	
289 1 	290 1 	314 1 	315 1 	340 1 	341 1 	367 1 	368 1 	
315 1 	316 1 	341 1 	342 1 	0 0 	0 0 	0 0 	0 0 	
291 1 	292 1 	316 1 	317 1 	342 1 	343 1 	369 1 	370 1 	
317 1 	318 1 	343 1 	344 1 	0 0 	0 0 	0 0 	0 0 	
293 1 	294 1 	318 1 	319 1 	344 1 	345 1 	371 1 	372 1 	
319 1 	320 1 	345 1 	346 1 	0 0 	0 0 	0 0 	0 0 	
295 1 	296 1 	320 1 	321 1 	346 1 	347 1 	373 1 	374 1 	
321 1 	322 1 	347 1 	348 1 	0 0 	0 0 	0 0 	0 0 	
297 1 	298 1 	322 1 	323 1 	348 1 	349 1 	375 1 	376 1 	
323 1 	324 1 	349 1 	350 1 	0 0 	0 0 	0 0 	0 0 	
299 1 	300 1 	324 1 	325 1 	350 1 	351 1 	377 1 	378 1 	
325 1 	326 1 	351 1 	352 1 	0 0 	0 0 	0 0 	0 0 	
301 1 	302 1 	326 1 	327 1 	352 1 	353 1 	379 1 	380 1 	
327 1 	328 1 	353 1 	354 1 	0 0 	0 0 	0 0 	0 0 	
303 1 	304 1 	328 1 	329 1 	354 1 	355 1 	381 1 	382 1 	
329 1 	330 1 	355 1 	356 1 	0 0 	0 0 	0 0 	0 0 	
305 1 	306 1 	330 1 	331 1 	356 1 	357 1 	383 1 	384 1 	
331 1 	332 1 	357 1 	358 1 	0 0 	0 0 	0 0 	0 0 	
307 1 	308 1 	332 1 	333 1 	358 1 	359 1 	385 1 	386 1 	
333 1 	334 1 	359 1 	360 1 	0 0 	0 0 	0 0 	0 0 	
309 1 	310 1 	334 1 	335 1 	360 1 	361 1 	387 1 	388 1 	
335 1 	336 1 	361 1 	362 1 	0 0 	0 0 	0 0 	0 0 	
311 1 	312 1 	336 1 	337 1 	362 1 	363 1 	389 1 	390 1 	
337 1 	338 1 	363 1 	364 1 	0 0 	0 0 	0 0 	0 0 	
365 1 	366 1 	393 1 	394 1 	0 0 	0 0 	0 0 	0 0 	
339 1 	340 1 	366 1 	367 1 	394 1 	395 1 	423 1 	424 1 	
367 1 	368 1 	395 1 	396 1 	0 0 	0 0 	0 0 	0 0 	
341 1 	342 1 	368 1 	369 1 	396 1 	397 1 	425 1 	426 1 	
369 1 	370 1 	397 1 	398 1 	0 0 	0 0 	0 0 	0 0 	
343 1 	344 1 	370 1 	371 1 	398 1 	399 1 	427 1 	428 1 	
371 1 	372 1 	399 1 	400 1 	0 0 	0 0 	0 0 	0 0 	
345 1 	346 1 	372 1 	373 1 	400 1 	401 1 	429 1 	430 1 	
373 1 	374 1 	401 1 	402 1 	0 0 	0 0 	0 0 	0 0 	
347 1 	348 1 	374 1 	375 1 	402 1 	403 1 	431 1 	432 1 	
375 1 	376 1 	403 1 	404 1 	0 0 	0 0 	0 0 	0 0 	
349 1 	350 1 	376 1 	377 1 	404 1 	405 1 	433 1 	434 1 	
377 1 	378 1 	405 1 	406 1 	0 0 	0 0 	0 0 	0 0 	
351 1 	352 1 	378 1 	379 1 	406 1 	407 1 	435 1 	436 1 	
379 1 	380 1 	407 1 	408 1 	0 0 	0 0 	0 0 	0 0 	
353 1 	354 1 	380 1 	381 1 	408 1 	409 1 	437 1 	438 1 	
381 1 	382 1 	409 1 	410 1 	0 0 	0 0 	0 0 	0 0 	
355 1 	356 1 	382 1 	383 1 	410 1 	411 1 	439 1 	440 1 	
383 1 	384 1 	411 1 	412 1 	0 0 	0 0 	0 0 	0 0 	
357 1 	358 1 	384 1 	385 1 	412 1 	413 1 	441 1 	442 1 	
385 1 	386 1 	413 1 	414 1 	0 0 	0 0 	0 0 	0 0 	
359 1 	360 1 	386 1 	387 1 	414 1 	415 1 	443 1 	444 1 	
387 1 	388 1 	415 1 	416 1 	0 0 	0 0 	0 0 	0 0 	
361 1 	362 1 	388 1 	389 1 	416 1 	417 1 	445 1 	446 1 	
389 1 	390 1 	417 1 	418 1 	0 0 	0 0 	0 0 	0 0 	
363 1 	364 1 	390 1 	391 1 	418 1 	419 1 	447 1 	448 1 	
391 1 	392 1 	419 1 	420 1 	0 0 	0 0 	0 0 	0 0 	
392 1 	420 1 	449 1 	450 1 	0 0 	0 0 	0 0 	0 0 	
421 1 	451 1 	481 1 	482 1 	0 0 	0 0 	0 0 	0 0 	
421 1 	422 1 	451 1 	452 1 	0 0 	0 0 	0 0 	0 0 	
393 1 	394 1 	422 1 	423 1 	452 1 	453 1 	483 1 	484 1 	
423 1 	424 1 	453 1 	454 1 	0 0 	0 0 	0 0 	0 0 	
395 1 	396 1 	424 1 	425 1 	454 1 	455 1 	485 1 	486 1 	
425 1 	426 1 	455 1 	456 1 	0 0 	0 0 	0 0 	0 0 	
397 1 	398 1 	426 1 	427 1 	456 1 	457 1 	487 1 	488 1 	
427 1 	428 1 	457 1 	458 1 	0 0 	0 0 	0 0 	0 0 	
399 1 	400 1 	428 1 	429 1 	458 1 	459 1 	489 1 	490 1 	
429 1 	430 1 	459 1 	460 1 	0 0 	0 0 	0 0 	0 0 	
401 1 	402 1 	430 1 	431 1 	460 1 	461 1 	491 1 	492 1 	
431 1 	432 1 	461 1 	462 1 	0 0 	0 0 	0 0 	0 0 	
403 1 	404 1 	432 1 	433 1 	462 1 	463 1 	493 1 	494 1 	
433 1 	434 1 	463 1 	464 1 	0 0 	0 0 	0 0 	0 0 	
405 1 	406 1 	434 1 	435 1 	464 1 	465 1 	495 1 	496 1 	
435 1 	436 1 	465 1 	466 1 	0 0 	0 0 	0 0 	0 0 	
407 1 	408 1 	436 1 	437 1 	466 1 	467 1 	497 1 	498 1 	
437 1 	438 1 	467 1 	468 1 	0 0 	0 0 	0 0 	0 0 	
409 1 	410 1 	438 1 	439 1 	468 1 	469 1 	499 1 	500 1 	
439 1 	440 1 	469 1 	470 1 	0 0 	0 0 	0 0 	0 0 	
411 1 	412 1 	440 1 	441 1 	470 1 	471 1 	501 1 	502 1 	
441 1 	442 1 	471 1 	472 1 	0 0 	0 0 	0 0 	0 0 	
413 1 	414 1 	442 1 	443 1 	472 1 	473 1 	503 1 	504 1 	
443 1 	444 1 	473 1 	474 1 	0 0 	0 0 	0 0 	0 0 	
415 1 	416 1 	444 1 	445 1 	474 1 	475 1 	505 1 	506 1 	
445 1 	446 1 	475 1 	476 1 	0 0 	0 0 	0 0 	0 0 	
417 1 	418 1 	446 1 	447 1 	476 1 	477 1 	507 1 	508 1 	
447 1 	448 1 	477 1 	478 1 	0 0 	0 0 	0 0 	0 0 	
419 1 	420 1 	448 1 	449 1 	478 1 	479 1 	509 1 	510 1 	
449 1 	450 1 	479 1 	480 1 	0 0 	0 0 	0 0 	0 0 	
451 1 	452 1 	482 1 	483 1 	0 0 	0 0 	0 0 	0 0 	
453 1 	454 1 	484 1 	485 1 	0 0 	0 0 	0 0 	0 0 	
455 1 	456 1 	486 1 	487 1 	0 0 	0 0 	0 0 	0 0 	
457 1 	458 1 	488 1 	489 1 	0 0 	0 0 	0 0 	0 0 	
459 1 	460 1 	490 1 	491 1 	0 0 	0 0 	0 0 	0 0 	
461 1 	462 1 	492 1 	493 1 	0 0 	0 0 	0 0 	0 0 	
463 1 	464 1 	494 1 	495 1 	0 0 	0 0 	0 0 	0 0 	
465 1 	466 1 	496 1 	497 1 	0 0 	0 0 	0 0 	0 0 	
467 1 	468 1 	498 1 	499 1 	0 0 	0 0 	0 0 	0 0 	
469 1 	470 1 	500 1 	501 1 	0 0 	0 0 	0 0 	0 0 	
471 1 	472 1 	502 1 	503 1 	0 0 	0 0 	0 0 	0 0 	
473 1 	474 1 	504 1 	505 1 	0 0 	0 0 	0 0 	0 0 	
475 1 	476 1 	506 1 	507 1 	0 0 	0 0 	0 0 	0 0 	
477 1 	478 1 	508 1 	509 1 	0 0 	0 0 	0 0 	0 0 	
479 1 	480 1 	510 1 	511 1 	0 0 	0 0 	0 0 	0 0 	
1 2 	3 2 	5 2 	6 2 	0 0 	0 0 	0 0 	0 0 	
1 2 	2 2 	3 2 	4 2 	0 0 	0 0 	0 0 	0 0 	
5 2 	6 2 	9 2 	10 2 	0 0 	0 0 	0 0 	0 0 	
3 2 	4 2 	6 2 	7 2 	10 2 	11 2 	15 2 	16 2 	
7 2 	8 2 	11 2 	12 2 	0 0 	0 0 	0 0 	0 0 	
8 2 	12 2 	17 2 	18 2 	0 0 	0 0 	0 0 	0 0 	
13 2 	19 2 	25 2 	26 2 	0 0 	0 0 	0 0 	0 0 	
13 2 	14 2 	19 2 	20 2 	0 0 	0 0 	0 0 	0 0 	
9 2 	10 2 	14 2 	15 2 	20 2 	21 2 	27 2 	28 2 	
15 2 	16 2 	21 2 	22 2 	0 0 	0 0 	0 0 	0 0 	
11 2 	12 2 	16 2 	17 2 	22 2 	23 2 	29 2 	30 2 	
17 2 	18 2 	23 2 	24 2 	0 0 	0 0 	0 0 	0 0 	
25 2 	26 2 	33 2 	34 2 	0 0 	0 0 	0 0 	0 0 	
19 2 	20 2 	26 2 	27 2 	34 2 	35 2 	43 2 	44 2 	
27 2 	28 2 	35 2 	36 2 	0 0 	0 0 	0 0 	0 0 	
21 2 	22 2 	28 2 	29 2 	36 2 	37 2 	45 2 	46 2 	
29 2 	30 2 	37 2 	38 2 	0 0 	0 0 	0 0 	0 0 	
23 2 	24 2 	30 2 	31 2 	38 2 	39 2 	47 2 	48 2 	
31 2 	32 2 	39 2 	40 2 	0 0 	0 0 	0 0 	0 0 	
32 2 	40 2 	49 2 	50 2 	0 0 	0 0 	0 0 	0 0 	
41 2 	51 2 	61 2 	62 2 	0 0 	0 0 	0 0 	0 0 	
41 2 	42 2 	51 2 	52 2 	0 0 	0 0 	0 0 	0 0 	
33 2 	34 2 	42 2 	43 2 	52 2 	53 2 	63 2 	64 2 	
43 2 	44 2 	53 2 	54 2 	0 0 	0 0 	0 0 	0 0 	
35 2 	36 2 	44 2 	45 2 	54 2 	55 2 	65 2 	66 2 	
45 2 	46 2 	55 2 	56 2 	0 0 	0 0 	0 0 	0 0 	
37 2 	38 2 	46 2 	47 2 	56 2 	57 2 	67 2 	68 2 	
47 2 	48 2 	57 2 	58 2 	0 0 	0 0 	0 0 	0 0 	
39 2 	40 2 	48 2 	49 2 	58 2 	59 2 	69 2 	70 2 	
49 2 	50 2 	59 2 	60 2 	0 0 	0 0 	0 0 	0 0 	
61 2 	62 2 	73 2 	74 2 	0 0 	0 0 	0 0 	0 0 	
51 2 	52 2 	62 2 	63 2 	74 2 	75 2 	87 2 	88 2 	
63 2 	64 2 	75 2 	76 2 	0 0 	0 0 	0 0 	0 0 	
53 2 	54 2 	64 2 	65 2 	76 2 	77 2 	89 2 	90 2 	
65 2 	66 2 	77 2 	78 2 	0 0 	0 0 	0 0 	0 0 	
55 2 	56 2 	66 2 	67 2 	78 2 	79 2 	91 2 	92 2 	
67 2 	68 2 	79 2 	80 2 	0 0 	0 0 	0 0 	0 0 	
57 2 	58 2 	68 2 	69 2 	80 2 	81 2 	93 2 	94 2 	
69 2 	70 2 	81 2 	82 2 	0 0 	0 0 	0 0 	0 0 	
59 2 	60 2 	70 2 	71 2 	82 2 	83 2 	95 2 	96 2 	
71 2 	72 2 	83 2 	84 2 	0 0 	0 0 	0 0 	0 0 	
72 2 	84 2 	97 2 	98 2 	0 0 	0 0 	0 0 	0 0 	
85 2 	99 2 	113 2 	114 2 	0 0 	0 0 	0 0 	0 0 	
85 2 	86 2 	99 2 	100 2 	0 0 	0 0 	0 0 	0 0 	
73 2 	74 2 	86 2 	87 2 	100 2 	101 2 	115 2 	116 2 	
87 2 	88 2 	101 2 	102 2 	0 0 	0 0 	0 0 	0 0 	
75 2 	76 2 	88 2 	89 2 	102 2 	103 2 	117 2 	118 2 	
89 2 	90 2 	103 2 	104 2 	0 0 	0 0 	0 0 	0 0 	
77 2 	78 2 	90 2 	91 2 	104 2 	105 2 	119 2 	120 2 	
91 2 	92 2 	105 2 	106 2 	0 0 	0 0 	0 0 	0 0 	
79 2 	80 2 	92 2 	93 2 	106 2 	107 2 	121 2 	122 2 	
93 2 	94 2 	107 2 	108 2 	0 0 	0 0 	0 0 	0 0 	
81 2 	82 2 	94 2 	95 2 	108 2 	109 2 	123 2 	124 2 	
95 2 	96 2 	109 2 	110 2 	0 0 	0 0 	0 0 	0 0 	
83 2 	84 2 	96 2 	97 2 	110 2 	111 2 	125 2 	126 2 	
97 2 	98 2 	111 2 	112 2 	0 0 	0 0 	0 0 	0 0 	
113 2 	114 2 	129 2 	130 2 	0 0 	0 0 	0 0 	0 0 	
99 2 	100 2 	114 2 	115 2 	130 2 	131 2 	147 2 	148 2 	
115 2 	116 2 	131 2 	132 2 	0 0 	0 0 	0 0 	0 0 	
101 2 	102 2 	116 2 	117 2 	132 2 	133 2 	149 2 	150 2 	
117 2 	118 2 	133 2 	134 2 	0 0 	0 0 	0 0 	0 0 	
103 2 	104 2 	118 2 	119 2 	134 2 	135 2 	151 2 	152 2 	
119 2 	120 2 	135 2 	136 2 	0 0 	0 0 	0 0 	0 0 	
105 2 	106 2 	120 2 	121 2 	136 2 	137 2 	153 2 	154 2 	
121 2 	122 2 	137 2 	138 2 	0 0 	0 0 	0 0 	0 0 	
107 2 	108 2 	122 2 	123 2 	138 2 	139 2 	155 2 	156 2 	
123 2 	124 2 	139 2 	140 2 	0 0 	0 0 	0 0 	0 0 	
109 2 	110 2 	124 2 	125 2 	140 2 	141 2 	157 2 	158 2 	
125 2 	126 2 	141 2 	142 2 	0 0 	0 0 	0 0 	0 0 	
111 2 	112 2 	126 2 	127 2 	142 2 	143 2 	159 2 	160 2 	
127 2 	128 2 	143 2 	144 2 	0 0 	0 0 	0 0 	0 0 	
128 2 	144 2 	161 2 	162 2 	0 0 	0 0 	0 0 	0 0 	
145 2 	163 2 	181 2 	182 2 	0 0 	0 0 	0 0 	0 0 	
145 2 	146 2 	163 2 	164 2 	0 0 	0 0 	0 0 	0 0 	
129 2 	130 2 	146 2 	147 2 	164 2 	165 2 	183 2 	184 2 	
147 2 	148 2 	165 2 	166 2 	0 0 	0 0 	0 0 	0 0 	
131 2 	132 2 	148 2 	149 2 	166 2 	167 2 	185 2 	186 2 	
149 2 	150 2 	167 2 	168 2 	0 0 	0 0 	0 0 	0 0 	
133 2 	134 2 	150 2 	151 2 	168 2 	169 2 	187 2 	188 2 	
151 2 	152 2 	169 2 	170 2 	0 0 	0 0 	0 0 	0 0 	
135 2 	136 2 	152 2 	153 2 	170 2 	171 2 	189 2 	190 2 	
153 2 	154 2 	171 2 	172 2 	0 0 	0 0 	0 0 	0 0 	
137 2 	138 2 	154 2 	155 2 	172 2 	173 2 	191 2 	192 2 	
155 2 	156 2 	173 2 	174 2 	0 0 	0 0 	0 0 	0 0 	
139 2 	140 2 	156 2 	157 2 	174 2 	175 2 	193 2 	194 2 	
157 2 	158 2 	175 2 	176 2 	0 0 	0 0 	0 0 	0 0 	
141 2 	142 2 	158 2 	159 2 	176 2 	177 2 	195 2 	196 2 	
159 2 	160 2 	177 2 	178 2 	0 0 	0 0 	0 0 	0 0 	
143 2 	144 2 	160 2 	161 2 	178 2 	179 2 	197 2 	198 2 	
161 2 	162 2 	179 2 	180 2 	0 0 	0 0 	0 0 	0 0 	
181 2 	182 2 	201 2 	202 2 	0 0 	0 0 	0 0 	0 0 	
163 2 	164 2 	182 2 	183 2 	202 2 	203 2 	223 2 	224 2 	
183 2 	184 2 	203 2 	204 2 	0 0 	0 0 	0 0 	0 0 	
165 2 	166 2 	184 2 	185 2 	204 2 	205 2 	225 2 	226 2 	
185 2 	186 2 	205 2 	206 2 	0 0 	0 0 	0 0 	0 0 	
167 2 	168 2 	186 2 	187 2 	206 2 	207 2 	227 2 	228 2 	
187 2 	188 2 	207 2 	208 2 	0 0 	0 0 	0 0 	0 0 	
169 2 	170 2 	188 2 	189 2 	208 2 	209 2 	229 2 	230 2 	
189 2 	190 2 	209 2 	210 2 	0 0 	0 0 	0 0 	0 0 	
171 2 	172 2 	190 2 	191 2 	210 2 	211 2 	231 2 	232 2 	
191 2 	192 2 	211 2 	212 2 	0 0 	0 0 	0 0 	0 0 	
173 2 	174 2 	192 2 	193 2 	212 2 	213 2 	233 2 	234 2 	
193 2 	194 2 	213 2 	214 2 	0 0 	0 0 	0 0 	0 0 	
175 2 	176 2 	194 2 	195 2 	214 2 	215 2 	235 2 	236 2 	
195 2 	196 2 	215 2 	216 2 	0 0 	0 0 	0 0 	0 0 	
177 2 	178 2 	196 2 	197 2 	216 2 	217 2 	237 2 	238 2 	
197 2 	198 2 	217 2 	218 2 	0 0 	0 0 	0 0 	0 0 	
179 2 	180 2 	198 2 	199 2 	218 2 	219 2 	239 2 	240 2 	
199 2 	200 2 	219 2 	220 2 	0 0 	0 0 	0 0 	0 0 	
200 2 	220 2 	241 2 	242 2 	0 0 	0 0 	0 0 	0 0 	
221 2 	243 2 	265 2 	266 2 	0 0 	0 0 	0 0 	0 0 	
221 2 	222 2 	243 2 	244 2 	0 0 	0 0 	0 0 	0 0 	
201 2 	202 2 	222 2 	223 2 	244 2 	245 2 	267 2 	268 2 	
223 2 	224 2 	245 2 	246 2 	0 0 	0 0 	0 0 	0 0 	
203 2 	204 2 	224 2 	225 2 	246 2 	247 2 	269 2 	270 2 	
225 2 	226 2 	247 2 	248 2 	0 0 	0 0 	0 0 	0 0 	
205 2 	206 2 	226 2 	227 2 	248 2 	249 2 	271 2 	272 2 	
227 2 	228 2 	249 2 	250 2 	0 0 	0 0 	0 0 	0 0 	
207 2 	208 2 	228 2 	229 2 	250 2 	251 2 	273 2 	274 2 	
229 2 	230 2 	251 2 	252 2 	0 0 	0 0 	0 0 	0 0 	
209 2 	210 2 	230 2 	231 2 	252 2 	253 2 	275 2 	276 2 	
231 2 	232 2 	253 2 	254 2 	0 0 	0 0 	0 0 	0 0 	
211 2 	212 2 	232 2 	233 2 	254 2 	255 2 	277 2 	278 2 	
233 2 	234 2 	255 2 	256 2 	0 0 	0 0 	0 0 	0 0 	
213 2 	214 2 	234 2 	235 2 	256 2 	257 2 	279 2 	280 2 	
235 2 	236 2 	257 2 	258 2 	0 0 	0 0 	0 0 	0 0 	
215 2 	216 2 	236 2 	237 2 	258 2 	259 2 	281 2 	282 2 	
237 2 	238 2 	259 2 	260 2 	0 0 	0 0 	0 0 	0 0 	
217 2 	218 2 	238 2 	239 2 	260 2 	261 2 	283 2 	284 2 	
239 2 	240 2 	261 2 	262 2 	0 0 	0 0 	0 0 	0 0 	
219 2 	220 2 	240 2 	241 2 	262 2 	263 2 	285 2 	286 2 	
241 2 	242 2 	263 2 	264 2 	0 0 	0 0 	0 0 	0 0 	
265 2 	266 2 	289 2 	290 2 	0 0 	0 0 	0 0 	0 0 	
243 2 	244 2 	266 2 	267 2 	290 2 	291 2 	315 2 	316 2 	
267 2 	268 2 	291 2 	292 2 	0 0 	0 0 	0 0 	0 0 	
245 2 	246 2 	268 2 	269 2 	292 2 	293 2 	317 2 	318 2 	
269 2 	270 2 	293 2 	294 2 	0 0 	0 0 	0 0 	0 0 	
247 2 	248 2 	270 2 	271 2 	294 2 	295 2 	319 2 	320 2 	
271 2 	272 2 	295 2 	296 2 	0 0 	0 0 	0 0 	0 0 	
249 2 	250 2 	272 2 	273 2 	296 2 	297 2 	321 2 	322 2 	
273 2 	274 2 	297 2 	298 2 	0 0 	0 0 	0 0 	0 0 	
251 2 	252 2 	274 2 	275 2 	298 2 	299 2 	323 2 	324 2 	
275 2 	276 2 	299 2 	300 2 	0 0 	0 0 	0 0 	0 0 	
253 2 	254 2 	276 2 	277 2 	300 2 	301 2 	325 2 	326 2 	
277 2 	278 2 	301 2 	302 2 	0 0 	0 0 	0 0 	0 0 	
255 2 	256 2 	278 2 	279 2 	302 2 	303 2 	327 2 	328 2 	
279 2 	280 2 	303 2 	304 2 	0 0 	0 0 	0 0 	0 0 	
257 2 	258 2 	280 2 	281 2 	304 2 	305 2 	329 2 	330 2 	
281 2 	282 2 	305 2 	306 2 	0 0 	0 0 	0 0 	0 0 	
259 2 	260 2 	282 2 	283 2 	306 2 	307 2 	331 2 	332 2 	
283 2 	284 2 	307 2 	308 2 	0 0 	0 0 	0 0 	0 0 	
261 2 	262 2 	284 2 	285 2 	308 2 	309 2 	333 2 	334 2 	
285 2 	286 2 	309 2 	310 2 	0 0 	0 0 	0 0 	0 0 	
263 2 	264 2 	286 2 	287 2 	310 2 	311 2 	335 2 	336 2 	
287 2 	288 2 	311 2 	312 2 	0 0 	0 0 	0 0 	0 0 	
288 2 	312 2 	337 2 	338 2 	0 0 	0 0 	0 0 	0 0 	
313 2 	339 2 	365 2 	366 2 	0 0 	0 0 	0 0 	0 0 	
313 2 	314 2 	339 2 	340 2 	0 0 	0 0 	0 0 	0 0 	
289 2 	290 2 	314 2 	315 2 	340 2 	341 2 	367 2 	368 2 	
315 2 	316 2 	341 2 	342 2 	0 0 	0 0 	0 0 	0 0 	
291 2 	292 2 	316 2 	317 2 	342 2 	343 2 	369 2 	370 2 	
317 2 	318 2 	343 2 	344 2 	0 0 	0 0 	0 0 	0 0 	
293 2 	294 2 	318 2 	319 2 	344 2 	345 2 	371 2 	372 2 	
319 2 	320 2 	345 2 	346 2 	0 0 	0 0 	0 0 	0 0 	
295 2 	296 2 	320 2 	321 2 	346 2 	347 2 	373 2 	374 2 	
321 2 	322 2 	347 2 	348 2 	0 0 	0 0 	0 0 	0 0 	
297 2 	298 2 	322 2 	323 2 	348 2 	349 2 	375 2 	376 2 	
323 2 	324 2 	349 2 	350 2 	0 0 	0 0 	0 0 	0 0 	
299 2 	300 2 	324 2 	325 2 	350 2 	351 2 	377 2 	378 2 	
325 2 	326 2 	351 2 	352 2 	0 0 	0 0 	0 0 	0 0 	
301 2 	302 2 	326 2 	327 2 	352 2 	353 2 	379 2 	380 2 	
327 2 	328 2 	353 2 	354 2 	0 0 	0 0 	0 0 	0 0 	
303 2 	304 2 	328 2 	329 2 	354 2 	355 2 	381 2 	382 2 	
329 2 	330 2 	355 2 	356 2 	0 0 	0 0 	0 0 	0 0 	
305 2 	306 2 	330 2 	331 2 	356 2 	357 2 	383 2 	384 2 	
331 2 	332 2 	357 2 	358 2 	0 0 	0 0 	0 0 	0 0 	
307 2 	308 2 	332 2 	333 2 	358 2 	359 2 	385 2 	386 2 	
333 2 	334 2 	359 2 	360 2 	0 0 	0 0 	0 0 	0 0 	
309 2 	310 2 	334 2 	335 2 	360 2 	361 2 	387 2 	388 2 	
335 2 	336 2 	361 2 	362 2 	0 0 	0 0 	0 0 	0 0 	
311 2 	312 2 	336 2 	337 2 	362 2 	363 2 	389 2 	390 2 	
337 2 	338 2 	363 2 	364 2 	0 0 	0 0 	0 0 	0 0 	
365 2 	366 2 	393 2 	394 2 	0 0 	0 0 	0 0 	0 0 	
339 2 	340 2 	366 2 	367 2 	394 2 	395 2 	423 2 	424 2 	
367 2 	368 2 	395 2 	396 2 	0 0 	0 0 	0 0 	0 0 	
341 2 	342 2 	368 2 	369 2 	396 2 	397 2 	425 2 	426 2 	
369 2 	370 2 	397 2 	398 2 	0 0 	0 0 	0 0 	0 0 	
343 2 	344 2 	370 2 	371 2 	398 2 	399 2 	427 2 	428 2 	
371 2 	372 2 	399 2 	400 2 	0 0 	0 0 	0 0 	0 0 	
345 2 	346 2 	372 2 	373 2 	400 2 	401 2 	429 2 	430 2 	
373 2 	374 2 	401 2 	402 2 	0 0 	0 0 	0 0 	0 0 	
347 2 	348 2 	374 2 	375 2 	402 2 	403 2 	431 2 	432 2 	
375 2 	376 2 	403 2 	404 2 	0 0 	0 0 	0 0 	0 0 	
349 2 	350 2 	376 2 	377 2 	404 2 	405 2 	433 2 	434 2 	
377 2 	378 2 	405 2 	406 2 	0 0 	0 0 	0 0 	0 0 	
351 2 	352 2 	378 2 	379 2 	406 2 	407 2 	435 2 	436 2 	
379 2 	380 2 	407 2 	408 2 	0 0 	0 0 	0 0 	0 0 	
353 2 	354 2 	380 2 	381 2 	408 2 	409 2 	437 2 	438 2 	
381 2 	382 2 	409 2 	410 2 	0 0 	0 0 	0 0 	0 0 	
355 2 	356 2 	382 2 	383 2 	410 2 	411 2 	439 2 	440 2 	
383 2 	384 2 	411 2 	412 2 	0 0 	0 0 	0 0 	0 0 	
357 2 	358 2 	384 2 	385 2 	412 2 	413 2 	441 2 	442 2 	
385 2 	386 2 	413 2 	414 2 	0 0 	0 0 	0 0 	0 0 	
359 2 	360 2 	386 2 	387 2 	414 2 	415 2 	443 2 	444 2 	
387 2 	388 2 	415 2 	416 2 	0 0 	0 0 	0 0 	0 0 	
361 2 	362 2 	388 2 	389 2 	416 2 	417 2 	445 2 	446 2 	
389 2 	390 2 	417 2 	418 2 	0 0 	0 0 	0 0 	0 0 	
363 2 	364 2 	390 2 	391 2 	418 2 	419 2 	447 2 	448 2 	
391 2 	392 2 	419 2 	420 2 	0 0 	0 0 	0 0 	0 0 	
392 2 	420 2 	449 2 	450 2 	0 0 	0 0 	0 0 	0 0 	
421 2 	451 2 	481 2 	482 2 	0 0 	0 0 	0 0 	0 0 	
421 2 	422 2 	451 2 	452 2 	0 0 	0 0 	0 0 	0 0 	
393 2 	394 2 	422 2 	423 2 	452 2 	453 2 	483 2 	484 2 	
423 2 	424 2 	453 2 	454 2 	0 0 	0 0 	0 0 	0 0 	
395 2 	396 2 	424 2 	425 2 	454 2 	455 2 	485 2 	486 2 	
425 2 	426 2 	455 2 	456 2 	0 0 	0 0 	0 0 	0 0 	
397 2 	398 2 	426 2 	427 2 	456 2 	457 2 	487 2 	488 2 	
427 2 	428 2 	457 2 	458 2 	0 0 	0 0 	0 0 	0 0 	
399 2 	400 2 	428 2 	429 2 	458 2 	459 2 	489 2 	490 2 	
429 2 	430 2 	459 2 	460 2 	0 0 	0 0 	0 0 	0 0 	
401 2 	402 2 	430 2 	431 2 	460 2 	461 2 	491 2 	492 2 	
431 2 	432 2 	461 2 	462 2 	0 0 	0 0 	0 0 	0 0 	
403 2 	404 2 	432 2 	433 2 	462 2 	463 2 	493 2 	494 2 	
433 2 	434 2 	463 2 	464 2 	0 0 	0 0 	0 0 	0 0 	
405 2 	406 2 	434 2 	435 2 	464 2 	465 2 	495 2 	496 2 	
435 2 	436 2 	465 2 	466 2 	0 0 	0 0 	0 0 	0 0 	
407 2 	408 2 	436 2 	437 2 	466 2 	467 2 	497 2 	498 2 	
437 2 	438 2 	467 2 	468 2 	0 0 	0 0 	0 0 	0 0 	
409 2 	410 2 	438 2 	439 2 	468 2 	469 2 	499 2 	500 2 	
439 2 	440 2 	469 2 	470 2 	0 0 	0 0 	0 0 	0 0 	
411 2 	412 2 	440 2 	441 2 	470 2 	471 2 	501 2 	502 2 	
441 2 	442 2 	471 2 	472 2 	0 0 	0 0 	0 0 	0 0 	
413 2 	414 2 	442 2 	443 2 	472 2 	473 2 	503 2 	504 2 	
443 2 	444 2 	473 2 	474 2 	0 0 	0 0 	0 0 	0 0 	
415 2 	416 2 	444 2 	445 2 	474 2 	475 2 	505 2 	506 2 	
445 2 	446 2 	475 2 	476 2 	0 0 	0 0 	0 0 	0 0 	
417 2 	418 2 	446 2 	447 2 	476 2 	477 2 	507 2 	508 2 	
447 2 	448 2 	477 2 	478 2 	0 0 	0 0 	0 0 	0 0 	
419 2 	420 2 	448 2 	449 2 	478 2 	479 2 	509 2 	510 2 	
449 2 	450 2 	479 2 	480 2 	0 0 	0 0 	0 0 	0 0 	
451 2 	452 2 	482 2 	483 2 	0 0 	0 0 	0 0 	0 0 	
453 2 	454 2 	484 2 	485 2 	0 0 	0 0 	0 0 	0 0 	
455 2 	456 2 	486 2 	487 2 	0 0 	0 0 	0 0 	0 0 	
457 2 	458 2 	488 2 	489 2 	0 0 	0 0 	0 0 	0 0 	
459 2 	460 2 	490 2 	491 2 	0 0 	0 0 	0 0 	0 0 	
461 2 	462 2 	492 2 	493 2 	0 0 	0 0 	0 0 	0 0 	
463 2 	464 2 	494 2 	495 2 	0 0 	0 0 	0 0 	0 0 	
465 2 	466 2 	496 2 	497 2 	0 0 	0 0 	0 0 	0 0 	
467 2 	468 2 	498 2 	499 2 	0 0 	0 0 	0 0 	0 0 	
469 2 	470 2 	500 2 	501 2 	0 0 	0 0 	0 0 	0 0 	
471 2 	472 2 	502 2 	503 2 	0 0 	0 0 	0 0 	0 0 	
473 2 	474 2 	504 2 	505 2 	0 0 	0 0 	0 0 	0 0 	
475 2 	476 2 	506 2 	507 2 	0 0 	0 0 	0 0 	0 0 	
477 2 	478 2 	508 2 	509 2 	0 0 	0 0 	0 0 	0 0 	
479 2 	480 2 	510 2 	511 2 	0 0 	0 0 	0 0 	0 0 	
