37 38
7 7
2 4 4 6 5 6 4 7 6 5 4 6 7 6 4 6 6 7 4 6 6 6 6 5 4 6 6 6 6 6 3 5 5 5 5 5 4 
4 4 6 4 6 6 4 6 6 4 6 6 6 6 4 4 4 4 4 4 6 4 6 6 4 6 6 4 6 6 6 6 4 4 4 4 7 7 
1 1 	19 2 	0 0 	0 0 	0 0 	0 0 	0 0 	
1 1 	2 1 	19 2 	20 2 	0 0 	0 0 	0 0 	
1 1 	3 1 	19 2 	21 2 	0 0 	0 0 	0 0 	
1 1 	2 1 	3 1 	19 2 	20 2 	21 2 	0 0 	
3 1 	4 1 	21 2 	22 2 	37 2 	0 0 	0 0 	
2 1 	3 1 	5 1 	20 2 	21 2 	23 2 	0 0 	
2 1 	5 1 	20 2 	23 2 	0 0 	0 0 	0 0 	
3 1 	4 1 	6 1 	21 2 	22 2 	24 2 	37 2 	
3 1 	5 1 	6 1 	21 2 	23 2 	24 2 	0 0 	
5 1 	7 1 	23 2 	25 2 	37 2 	0 0 	0 0 	
4 1 	8 1 	22 2 	26 2 	0 0 	0 0 	0 0 	
4 1 	6 1 	8 1 	22 2 	24 2 	26 2 	0 0 	
5 1 	6 1 	9 1 	23 2 	24 2 	27 2 	37 2 	
5 1 	7 1 	9 1 	23 2 	25 2 	27 2 	0 0 	
8 1 	10 1 	26 2 	28 2 	0 0 	0 0 	0 0 	
6 1 	8 1 	11 1 	24 2 	26 2 	29 2 	0 0 	
6 1 	9 1 	11 1 	24 2 	27 2 	29 2 	0 0 	
7 1 	9 1 	12 1 	25 2 	27 2 	30 2 	37 2 	
7 1 	12 1 	25 2 	30 2 	0 0 	0 0 	0 0 	
8 1 	10 1 	13 1 	26 2 	28 2 	31 2 	0 0 	
8 1 	11 1 	13 1 	26 2 	29 2 	31 2 	0 0 	
9 1 	11 1 	14 1 	27 2 	29 2 	32 2 	0 0 	
9 1 	12 1 	14 1 	27 2 	30 2 	32 2 	0 0 	
12 1 	15 1 	30 2 	33 2 	37 2 	0 0 	0 0 	
10 1 	16 1 	28 2 	34 2 	0 0 	0 0 	0 0 	
10 1 	13 1 	16 1 	28 2 	31 2 	34 2 	0 0 	
11 1 	13 1 	17 1 	29 2 	31 2 	35 2 	0 0 	
11 1 	14 1 	17 1 	29 2 	32 2 	35 2 	0 0 	
12 1 	14 1 	18 1 	30 2 	32 2 	36 2 	0 0 	
12 1 	15 1 	18 1 	30 2 	33 2 	36 2 	0 0 	
16 1 	34 2 	38 1 	0 0 	0 0 	0 0 	0 0 	
13 1 	16 1 	31 2 	34 2 	38 1 	0 0 	0 0 	
13 1 	17 1 	31 2 	35 2 	38 1 	0 0 	0 0 	
14 1 	17 1 	32 2 	35 2 	38 1 	0 0 	0 0 	
14 1 	18 1 	32 2 	36 2 	38 1 	0 0 	0 0 	
15 1 	18 1 	33 2 	36 2 	38 1 	0 0 	0 0 	
15 1 	33 2 	37 2 	38 1 	0 0 	0 0 	0 0 	
1 1 	2 1 	3 1 	4 1 	0 0 	0 0 	0 0 	
2 1 	4 1 	6 1 	7 1 	0 0 	0 0 	0 0 	
3 1 	4 1 	5 1 	6 1 	8 1 	9 1 	0 0 	
5 1 	8 1 	11 1 	12 1 	0 0 	0 0 	0 0 	
6 1 	7 1 	9 1 	10 1 	13 1 	14 1 	0 0 	
8 1 	9 1 	12 1 	13 1 	16 1 	17 1 	0 0 	
10 1 	14 1 	18 1 	19 1 	0 0 	0 0 	0 0 	
11 1 	12 1 	15 1 	16 1 	20 1 	21 1 	0 0 	
13 1 	14 1 	17 1 	18 1 	22 1 	23 1 	0 0 	
15 1 	20 1 	25 1 	26 1 	0 0 	0 0 	0 0 	
16 1 	17 1 	21 1 	22 1 	27 1 	28 1 	0 0 	
18 1 	19 1 	23 1 	24 1 	29 1 	30 1 	0 0 	
20 1 	21 1 	26 1 	27 1 	32 1 	33 1 	0 0 	
22 1 	23 1 	28 1 	29 1 	34 1 	35 1 	0 0 	
24 1 	30 1 	36 1 	37 1 	0 0 	0 0 	0 0 	
25 1 	26 1 	31 1 	32 1 	0 0 	0 0 	0 0 	
27 1 	28 1 	33 1 	34 1 	0 0 	0 0 	0 0 	
29 1 	30 1 	35 1 	36 1 	0 0 	0 0 	0 0 	
1 2 	2 2 	3 2 	4 2 	0 0 	0 0 	0 0 	
2 2 	4 2 	6 2 	7 2 	0 0 	0 0 	0 0 	
3 2 	4 2 	5 2 	6 2 	8 2 	9 2 	0 0 	
5 2 	8 2 	11 2 	12 2 	0 0 	0 0 	0 0 	
6 2 	7 2 	9 2 	10 2 	13 2 	14 2 	0 0 	
8 2 	9 2 	12 2 	13 2 	16 2 	17 2 	0 0 	
10 2 	14 2 	18 2 	19 2 	0 0 	0 0 	0 0 	
11 2 	12 2 	15 2 	16 2 	20 2 	21 2 	0 0 	
13 2 	14 2 	17 2 	18 2 	22 2 	23 2 	0 0 	
15 2 	20 2 	25 2 	26 2 	0 0 	0 0 	0 0 	
16 2 	17 2 	21 2 	22 2 	27 2 	28 2 	0 0 	
18 2 	19 2 	23 2 	24 2 	29 2 	30 2 	0 0 	
20 2 	21 2 	26 2 	27 2 	32 2 	33 2 	0 0 	
22 2 	23 2 	28 2 	29 2 	34 2 	35 2 	0 0 	
24 2 	30 2 	36 2 	37 2 	0 0 	0 0 	0 0 	
25 2 	26 2 	31 2 	32 2 	0 0 	0 0 	0 0 	
27 2 	28 2 	33 2 	34 2 	0 0 	0 0 	0 0 	
29 2 	30 2 	35 2 	36 2 	0 0 	0 0 	0 0 	
5 2 	8 2 	10 2 	13 2 	18 2 	24 2 	37 2 	
31 1 	32 1 	33 1 	34 1 	35 1 	36 1 	37 1 	
