434 216
3 6
1 2 2 3 2 3 2 3 3 2 2 3 3 3 2 3 3 3 2 3 3 3 3 2 2 3 3 3 3 3 2 3 3 3 3 3 2 3 3 3 3 3 3 2 2 3 3 3 3 3 3 3 2 3 3 3 3 3 3 3 2 3 3 3 3 3 3 3 3 2 2 3 3 3 3 3 3 3 3 3 2 3 3 3 3 3 3 3 3 3 2 3 3 3 3 3 3 3 3 3 3 2 2 3 3 3 3 3 3 3 3 3 3 3 2 3 3 3 3 3 3 3 3 3 3 3 2 3 3 3 3 3 3 3 3 3 3 3 3 2 2 3 3 3 3 3 3 3 3 3 3 3 3 3 2 3 3 3 3 3 3 3 3 3 3 3 3 3 2 3 3 3 3 3 3 3 3 3 3 3 3 3 3 2 2 3 3 3 3 3 3 3 3 3 3 3 3 3 3 3 1 2 2 2 2 2 2 2 2 2 2 2 2 2 2 2 1 1 2 2 3 2 3 2 3 3 2 2 3 3 3 2 3 3 3 2 3 3 3 3 2 2 3 3 3 3 3 2 3 3 3 3 3 2 3 3 3 3 3 3 2 2 3 3 3 3 3 3 3 2 3 3 3 3 3 3 3 2 3 3 3 3 3 3 3 3 2 2 3 3 3 3 3 3 3 3 3 2 3 3 3 3 3 3 3 3 3 2 3 3 3 3 3 3 3 3 3 3 2 2 3 3 3 3 3 3 3 3 3 3 3 2 3 3 3 3 3 3 3 3 3 3 3 2 3 3 3 3 3 3 3 3 3 3 3 3 2 2 3 3 3 3 3 3 3 3 3 3 3 3 3 2 3 3 3 3 3 3 3 3 3 3 3 3 3 2 3 3 3 3 3 3 3 3 3 3 3 3 3 3 2 2 3 3 3 3 3 3 3 3 3 3 3 3 3 3 3 1 2 2 2 2 2 2 2 2 2 2 2 2 2 2 2 1 
4 4 6 4 6 6 4 6 6 4 6 6 6 6 4 6 6 6 4 6 6 6 6 6 6 4 6 6 6 6 4 6 6 6 6 6 6 6 6 4 6 6 6 6 6 4 6 6 6 6 6 6 6 6 6 6 4 6 6 6 6 6 6 4 6 6 6 6 6 6 6 6 6 6 6 6 4 6 6 6 6 6 6 6 4 6 6 6 6 6 6 6 6 6 6 6 6 6 6 4 4 4 4 4 4 4 4 4 4 4 6 4 6 6 4 6 6 4 6 6 6 6 4 6 6 6 4 6 6 6 6 6 6 4 6 6 6 6 4 6 6 6 6 6 6 6 6 4 6 6 6 6 6 4 6 6 6 6 6 6 6 6 6 6 4 6 6 6 6 6 6 4 6 6 6 6 6 6 6 6 6 6 6 6 4 6 6 6 6 6 6 6 4 6 6 6 6 6 6 6 6 6 6 6 6 6 6 4 4 4 4 4 4 4 4 4 
109 0 0 
109 110 0 
109 111 0 
109 110 111 
111 112 0 
110 111 113 
110 113 0 
111 112 114 
111 113 114 
113 115 0 
112 116 0 
112 114 116 
113 114 117 
113 115 117 
116 118 0 
114 116 119 
114 117 119 
115 117 120 
115 120 0 
116 118 121 
116 119 121 
117 119 122 
117 120 122 
120 123 0 
118 124 0 
118 121 124 
119 121 125 
119 122 125 
120 122 126 
120 123 126 
124 127 0 
121 124 128 
121 125 128 
122 125 129 
122 126 129 
123 126 130 
123 130 0 
124 127 131 
124 128 131 
125 128 132 
125 129 132 
126 129 133 
126 130 133 
130 134 0 
127 135 0 
127 131 135 
128 131 136 
128 132 136 
129 132 137 
129 133 137 
130 133 138 
130 134 138 
135 139 0 
131 135 140 
131 136 140 
132 136 141 
132 137 141 
133 137 142 
133 138 142 
134 138 143 
134 143 0 
135 139 144 
135 140 144 
136 140 145 
136 141 145 
137 141 146 
137 142 146 
138 142 147 
138 143 147 
143 148 0 
139 149 0 
139 144 149 
140 144 150 
140 145 150 
141 145 151 
141 146 151 
142 146 152 
142 147 152 
143 147 153 
143 148 153 
149 154 0 
144 149 155 
144 150 155 
145 150 156 
145 151 156 
146 151 157 
146 152 157 
147 152 158 
147 153 158 
148 153 159 
148 159 0 
149 154 160 
149 155 160 
150 155 161 
150 156 161 
151 156 162 
151 157 162 
152 157 163 
152 158 163 
153 158 164 
153 159 164 
159 165 0 
154 166 0 
154 160 166 
155 160 167 
155 161 167 
156 161 168 
156 162 168 
157 162 169 
157 163 169 
158 163 170 
158 164 170 
159 164 171 
159 165 171 
166 172 0 
160 166 173 
160 167 173 
161 167 174 
161 168 174 
162 168 175 
162 169 175 
163 169 176 
163 170 176 
164 170 177 
164 171 177 
165 171 178 
165 178 0 
166 172 179 
166 173 179 
167 173 180 
167 174 180 
168 174 181 
168 175 181 
169 175 182 
169 176 182 
170 176 183 
170 177 183 
171 177 184 
171 178 184 
178 185 0 
172 186 0 
172 179 186 
173 179 187 
173 180 187 
174 180 188 
174 181 188 
175 181 189 
175 182 189 
176 182 190 
176 183 190 
177 183 191 
177 184 191 
178 184 192 
178 185 192 
186 193 0 
179 186 194 
179 187 194 
180 187 195 
180 188 195 
181 188 196 
181 189 196 
182 189 197 
182 190 197 
183 190 198 
183 191 198 
184 191 199 
184 192 199 
185 192 200 
185 200 0 
186 193 201 
186 194 201 
187 194 202 
187 195 202 
188 195 203 
188 196 203 
189 196 204 
189 197 204 
190 197 205 
190 198 205 
191 198 206 
191 199 206 
192 199 207 
192 200 207 
200 208 0 
193 209 0 
193 201 209 
194 201 210 
194 202 210 
195 202 211 
195 203 211 
196 203 212 
196 204 212 
197 204 213 
197 205 213 
198 205 214 
198 206 214 
199 206 215 
199 207 215 
200 207 216 
200 208 216 
209 0 0 
201 209 0 
201 210 0 
202 210 0 
202 211 0 
203 211 0 
203 212 0 
204 212 0 
204 213 0 
205 213 0 
205 214 0 
206 214 0 
206 215 0 
207 215 0 
207 216 0 
208 216 0 
208 0 0 
1 0 0 
1 2 0 
1 3 0 
1 2 3 
3 4 0 
2 3 5 
2 5 0 
3 4 6 
3 5 6 
5 7 0 
4 8 0 
4 6 8 
5 6 9 
5 7 9 
8 10 0 
6 8 11 
6 9 11 
7 9 12 
7 12 0 
8 10 13 
8 11 13 
9 11 14 
9 12 14 
12 15 0 
10 16 0 
10 13 16 
11 13 17 
11 14 17 
12 14 18 
12 15 18 
16 19 0 
13 16 20 
13 17 20 
14 17 21 
14 18 21 
15 18 22 
15 22 0 
16 19 23 
16 20 23 
17 20 24 
17 21 24 
18 21 25 
18 22 25 
22 26 0 
19 27 0 
19 23 27 
20 23 28 
20 24 28 
21 24 29 
21 25 29 
22 25 30 
22 26 30 
27 31 0 
23 27 32 
23 28 32 
24 28 33 
24 29 33 
25 29 34 
25 30 34 
26 30 35 
26 35 0 
27 31 36 
27 32 36 
28 32 37 
28 33 37 
29 33 38 
29 34 38 
30 34 39 
30 35 39 
35 40 0 
31 41 0 
31 36 41 
32 36 42 
32 37 42 
33 37 43 
33 38 43 
34 38 44 
34 39 44 
35 39 45 
35 40 45 
41 46 0 
36 41 47 
36 42 47 
37 42 48 
37 43 48 
38 43 49 
38 44 49 
39 44 50 
39 45 50 
40 45 51 
40 51 0 
41 46 52 
41 47 52 
42 47 53 
42 48 53 
43 48 54 
43 49 54 
44 49 55 
44 50 55 
45 50 56 
45 51 56 
51 57 0 
46 58 0 
46 52 58 
47 52 59 
47 53 59 
48 53 60 
48 54 60 
49 54 61 
49 55 61 
50 55 62 
50 56 62 
51 56 63 
51 57 63 
58 64 0 
52 58 65 
52 59 65 
53 59 66 
53 60 66 
54 60 67 
54 61 67 
55 61 68 
55 62 68 
56 62 69 
56 63 69 
57 63 70 
57 70 0 
58 64 71 
58 65 71 
59 65 72 
59 66 72 
60 66 73 
60 67 73 
61 67 74 
61 68 74 
62 68 75 
62 69 75 
63 69 76 
63 70 76 
70 77 0 
64 78 0 
64 71 78 
65 71 79 
65 72 79 
66 72 80 
66 73 80 
67 73 81 
67 74 81 
68 74 82 
68 75 82 
69 75 83 
69 76 83 
70 76 84 
70 77 84 
78 85 0 
71 78 86 
71 79 86 
72 79 87 
72 80 87 
73 80 88 
73 81 88 
74 81 89 
74 82 89 
75 82 90 
75 83 90 
76 83 91 
76 84 91 
77 84 92 
77 92 0 
78 85 93 
78 86 93 
79 86 94 
79 87 94 
80 87 95 
80 88 95 
81 88 96 
81 89 96 
82 89 97 
82 90 97 
83 90 98 
83 91 98 
84 91 99 
84 92 99 
92 100 0 
85 101 0 
85 93 101 
86 93 102 
86 94 102 
87 94 103 
87 95 103 
88 95 104 
88 96 104 
89 96 105 
89 97 105 
90 97 106 
90 98 106 
91 98 107 
91 99 107 
92 99 108 
92 100 108 
101 0 0 
93 101 0 
93 102 0 
94 102 0 
94 103 0 
95 103 0 
95 104 0 
96 104 0 
96 105 0 
97 105 0 
97 106 0 
98 106 0 
98 107 0 
99 107 0 
99 108 0 
100 108 0 
100 0 0 
218 219 220 221 0 0 
219 221 223 224 0 0 
220 221 222 223 225 226 
222 225 228 229 0 0 
223 224 226 227 230 231 
225 226 229 230 233 234 
227 231 235 236 0 0 
228 229 232 233 237 238 
230 231 234 235 239 240 
232 237 242 243 0 0 
233 234 238 239 244 245 
235 236 240 241 246 247 
237 238 243 244 249 250 
239 240 245 246 251 252 
241 247 253 254 0 0 
242 243 248 249 255 256 
244 245 250 251 257 258 
246 247 252 253 259 260 
248 255 262 263 0 0 
249 250 256 257 264 265 
251 252 258 259 266 267 
253 254 260 261 268 269 
255 256 263 264 271 272 
257 258 265 266 273 274 
259 260 267 268 275 276 
261 269 277 278 0 0 
262 263 270 271 279 280 
264 265 272 273 281 282 
266 267 274 275 283 284 
268 269 276 277 285 286 
270 279 288 289 0 0 
271 272 280 281 290 291 
273 274 282 283 292 293 
275 276 284 285 294 295 
277 278 286 287 296 297 
279 280 289 290 299 300 
281 282 291 292 301 302 
283 284 293 294 303 304 
285 286 295 296 305 306 
287 297 307 308 0 0 
288 289 298 299 309 310 
290 291 300 301 311 312 
292 293 302 303 313 314 
294 295 304 305 315 316 
296 297 306 307 317 318 
298 309 320 321 0 0 
299 300 310 311 322 323 
301 302 312 313 324 325 
303 304 314 315 326 327 
305 306 316 317 328 329 
307 308 318 319 330 331 
309 310 321 322 333 334 
311 312 323 324 335 336 
313 314 325 326 337 338 
315 316 327 328 339 340 
317 318 329 330 341 342 
319 331 343 344 0 0 
320 321 332 333 345 346 
322 323 334 335 347 348 
324 325 336 337 349 350 
326 327 338 339 351 352 
328 329 340 341 353 354 
330 331 342 343 355 356 
332 345 358 359 0 0 
333 334 346 347 360 361 
335 336 348 349 362 363 
337 338 350 351 364 365 
339 340 352 353 366 367 
341 342 354 355 368 369 
343 344 356 357 370 371 
345 346 359 360 373 374 
347 348 361 362 375 376 
349 350 363 364 377 378 
351 352 365 366 379 380 
353 354 367 368 381 382 
355 356 369 370 383 384 
357 371 385 386 0 0 
358 359 372 373 387 388 
360 361 374 375 389 390 
362 363 376 377 391 392 
364 365 378 379 393 394 
366 367 380 381 395 396 
368 369 382 383 397 398 
370 371 384 385 399 400 
372 387 402 403 0 0 
373 374 388 389 404 405 
375 376 390 391 406 407 
377 378 392 393 408 409 
379 380 394 395 410 411 
381 382 396 397 412 413 
383 384 398 399 414 415 
385 386 400 401 416 417 
387 388 403 404 419 420 
389 390 405 406 421 422 
391 392 407 408 423 424 
393 394 409 410 425 426 
395 396 411 412 427 428 
397 398 413 414 429 430 
399 400 415 416 431 432 
401 417 433 434 0 0 
402 403 418 419 0 0 
404 405 420 421 0 0 
406 407 422 423 0 0 
408 409 424 425 0 0 
410 411 426 427 0 0 
412 413 428 429 0 0 
414 415 430 431 0 0 
416 417 432 433 0 0 
1 2 3 4 0 0 
2 4 6 7 0 0 
3 4 5 6 8 9 
5 8 11 12 0 0 
6 7 9 10 13 14 
8 9 12 13 16 17 
10 14 18 19 0 0 
11 12 15 16 20 21 
13 14 17 18 22 23 
15 20 25 26 0 0 
16 17 21 22 27 28 
18 19 23 24 29 30 
20 21 26 27 32 33 
22 23 28 29 34 35 
24 30 36 37 0 0 
25 26 31 32 38 39 
27 28 33 34 40 41 
29 30 35 36 42 43 
31 38 45 46 0 0 
32 33 39 40 47 48 
34 35 41 42 49 50 
36 37 43 44 51 52 
38 39 46 47 54 55 
40 41 48 49 56 57 
42 43 50 51 58 59 
44 52 60 61 0 0 
45 46 53 54 62 63 
47 48 55 56 64 65 
49 50 57 58 66 67 
51 52 59 60 68 69 
53 62 71 72 0 0 
54 55 63 64 73 74 
56 57 65 66 75 76 
58 59 67 68 77 78 
60 61 69 70 79 80 
62 63 72 73 82 83 
64 65 74 75 84 85 
66 67 76 77 86 87 
68 69 78 79 88 89 
70 80 90 91 0 0 
71 72 81 82 92 93 
73 74 83 84 94 95 
75 76 85 86 96 97 
77 78 87 88 98 99 
79 80 89 90 100 101 
81 92 103 104 0 0 
82 83 93 94 105 106 
84 85 95 96 107 108 
86 87 97 98 109 110 
88 89 99 100 111 112 
90 91 101 102 113 114 
92 93 104 105 116 117 
94 95 106 107 118 119 
96 97 108 109 120 121 
98 99 110 111 122 123 
100 101 112 113 124 125 
102 114 126 127 0 0 
103 104 115 116 128 129 
105 106 117 118 130 131 
107 108 119 120 132 133 
109 110 121 122 134 135 
111 112 123 124 136 137 
113 114 125 126 138 139 
115 128 141 142 0 0 
116 117 129 130 143 144 
118 119 131 132 145 146 
120 121 133 134 147 148 
122 123 135 136 149 150 
124 125 137 138 151 152 
126 127 139 140 153 154 
128 129 142 143 156 157 
130 131 144 145 158 159 
132 133 146 147 160 161 
134 135 148 149 162 163 
136 137 150 151 164 165 
138 139 152 153 166 167 
140 154 168 169 0 0 
141 142 155 156 170 171 
143 144 157 158 172 173 
145 146 159 160 174 175 
147 148 161 162 176 177 
149 150 163 164 178 179 
151 152 165 166 180 181 
153 154 167 168 182 183 
155 170 185 186 0 0 
156 157 171 172 187 188 
158 159 173 174 189 190 
160 161 175 176 191 192 
162 163 177 178 193 194 
164 165 179 180 195 196 
166 167 181 182 197 198 
168 169 183 184 199 200 
170 171 186 187 202 203 
172 173 188 189 204 205 
174 175 190 191 206 207 
176 177 192 193 208 209 
178 179 194 195 210 211 
180 181 196 197 212 213 
182 183 198 199 214 215 
184 200 216 217 0 0 
185 186 201 202 0 0 
187 188 203 204 0 0 
189 190 205 206 0 0 
191 192 207 208 0 0 
193 194 209 210 0 0 
195 196 211 212 0 0 
197 198 213 214 0 0 
199 200 215 216 0 0 
