61 62
7 13
3 5 4 6 5 7 4 6 6 4 5 6 7 6 4 7 6 6 4 6 6 7 6 5 4 6 6 6 7 6 4 6 6 6 6 7 4 6 6 6 6 6 6 5 4 6 6 6 6 6 6 6 3 5 5 5 5 5 5 5 4 
4 4 6 4 6 6 4 6 6 4 6 6 6 6 4 6 6 6 4 6 6 6 6 6 6 4 4 4 4 4 4 4 6 4 6 6 4 6 6 4 6 6 6 6 4 6 6 6 4 6 6 6 6 6 6 4 4 4 4 4 13 9 
1 1 	31 2 	61 2 	0 0 	0 0 	0 0 	0 0 	
1 1 	2 1 	31 2 	32 2 	61 2 	0 0 	0 0 	
1 1 	3 1 	31 2 	33 2 	0 0 	0 0 	0 0 	
1 1 	2 1 	3 1 	31 2 	32 2 	33 2 	0 0 	
3 1 	4 1 	33 2 	34 2 	61 2 	0 0 	0 0 	
2 1 	3 1 	5 1 	32 2 	33 2 	35 2 	61 2 	
2 1 	5 1 	32 2 	35 2 	0 0 	0 0 	0 0 	
3 1 	4 1 	6 1 	33 2 	34 2 	36 2 	0 0 	
3 1 	5 1 	6 1 	33 2 	35 2 	36 2 	0 0 	
5 1 	7 1 	35 2 	37 2 	0 0 	0 0 	0 0 	
4 1 	8 1 	34 2 	38 2 	61 2 	0 0 	0 0 	
4 1 	6 1 	8 1 	34 2 	36 2 	38 2 	0 0 	
5 1 	6 1 	9 1 	35 2 	36 2 	39 2 	61 2 	
5 1 	7 1 	9 1 	35 2 	37 2 	39 2 	0 0 	
8 1 	10 1 	38 2 	40 2 	0 0 	0 0 	0 0 	
6 1 	8 1 	11 1 	36 2 	38 2 	41 2 	61 2 	
6 1 	9 1 	11 1 	36 2 	39 2 	41 2 	0 0 	
7 1 	9 1 	12 1 	37 2 	39 2 	42 2 	0 0 	
7 1 	12 1 	37 2 	42 2 	0 0 	0 0 	0 0 	
8 1 	10 1 	13 1 	38 2 	40 2 	43 2 	0 0 	
8 1 	11 1 	13 1 	38 2 	41 2 	43 2 	0 0 	
9 1 	11 1 	14 1 	39 2 	41 2 	44 2 	61 2 	
9 1 	12 1 	14 1 	39 2 	42 2 	44 2 	0 0 	
12 1 	15 1 	42 2 	45 2 	61 2 	0 0 	0 0 	
10 1 	16 1 	40 2 	46 2 	0 0 	0 0 	0 0 	
10 1 	13 1 	16 1 	40 2 	43 2 	46 2 	0 0 	
11 1 	13 1 	17 1 	41 2 	43 2 	47 2 	0 0 	
11 1 	14 1 	17 1 	41 2 	44 2 	47 2 	0 0 	
12 1 	14 1 	18 1 	42 2 	44 2 	48 2 	61 2 	
12 1 	15 1 	18 1 	42 2 	45 2 	48 2 	0 0 	
16 1 	19 1 	46 2 	49 2 	0 0 	0 0 	0 0 	
13 1 	16 1 	20 1 	43 2 	46 2 	50 2 	0 0 	
13 1 	17 1 	20 1 	43 2 	47 2 	50 2 	0 0 	
14 1 	17 1 	21 1 	44 2 	47 2 	51 2 	0 0 	
14 1 	18 1 	21 1 	44 2 	48 2 	51 2 	0 0 	
15 1 	18 1 	22 1 	45 2 	48 2 	52 2 	61 2 	
15 1 	22 1 	45 2 	52 2 	0 0 	0 0 	0 0 	
16 1 	19 1 	23 1 	46 2 	49 2 	53 2 	0 0 	
16 1 	20 1 	23 1 	46 2 	50 2 	53 2 	0 0 	
17 1 	20 1 	24 1 	47 2 	50 2 	54 2 	0 0 	
17 1 	21 1 	24 1 	47 2 	51 2 	54 2 	0 0 	
18 1 	21 1 	25 1 	48 2 	51 2 	55 2 	0 0 	
18 1 	22 1 	25 1 	48 2 	52 2 	55 2 	0 0 	
22 1 	26 1 	52 2 	56 2 	61 2 	0 0 	0 0 	
19 1 	27 1 	49 2 	57 2 	0 0 	0 0 	0 0 	
19 1 	23 1 	27 1 	49 2 	53 2 	57 2 	0 0 	
20 1 	23 1 	28 1 	50 2 	53 2 	58 2 	0 0 	
20 1 	24 1 	28 1 	50 2 	54 2 	58 2 	0 0 	
21 1 	24 1 	29 1 	51 2 	54 2 	59 2 	0 0 	
21 1 	25 1 	29 1 	51 2 	55 2 	59 2 	0 0 	
22 1 	25 1 	30 1 	52 2 	55 2 	60 2 	0 0 	
22 1 	26 1 	30 1 	52 2 	56 2 	60 2 	0 0 	
27 1 	57 2 	62 1 	0 0 	0 0 	0 0 	0 0 	
23 1 	27 1 	53 2 	57 2 	62 1 	0 0 	0 0 	
23 1 	28 1 	53 2 	58 2 	62 1 	0 0 	0 0 	
24 1 	28 1 	54 2 	58 2 	62 1 	0 0 	0 0 	
24 1 	29 1 	54 2 	59 2 	62 1 	0 0 	0 0 	
25 1 	29 1 	55 2 	59 2 	62 1 	0 0 	0 0 	
25 1 	30 1 	55 2 	60 2 	62 1 	0 0 	0 0 	
26 1 	30 1 	56 2 	60 2 	62 1 	0 0 	0 0 	
26 1 	56 2 	61 2 	62 1 	0 0 	0 0 	0 0 	
1 1 	2 1 	3 1 	4 1 	0 0 	0 0 	0 0 	0 0 	0 0 	0 0 	0 0 	0 0 	0 0 	
2 1 	4 1 	6 1 	7 1 	0 0 	0 0 	0 0 	0 0 	0 0 	0 0 	0 0 	0 0 	0 0 	
3 1 	4 1 	5 1 	6 1 	8 1 	9 1 	0 0 	0 0 	0 0 	0 0 	0 0 	0 0 	0 0 	
5 1 	8 1 	11 1 	12 1 	0 0 	0 0 	0 0 	0 0 	0 0 	0 0 	0 0 	0 0 	0 0 	
6 1 	7 1 	9 1 	10 1 	13 1 	14 1 	0 0 	0 0 	0 0 	0 0 	0 0 	0 0 	0 0 	
8 1 	9 1 	12 1 	13 1 	16 1 	17 1 	0 0 	0 0 	0 0 	0 0 	0 0 	0 0 	0 0 	
10 1 	14 1 	18 1 	19 1 	0 0 	0 0 	0 0 	0 0 	0 0 	0 0 	0 0 	0 0 	0 0 	
11 1 	12 1 	15 1 	16 1 	20 1 	21 1 	0 0 	0 0 	0 0 	0 0 	0 0 	0 0 	0 0 	
13 1 	14 1 	17 1 	18 1 	22 1 	23 1 	0 0 	0 0 	0 0 	0 0 	0 0 	0 0 	0 0 	
15 1 	20 1 	25 1 	26 1 	0 0 	0 0 	0 0 	0 0 	0 0 	0 0 	0 0 	0 0 	0 0 	
16 1 	17 1 	21 1 	22 1 	27 1 	28 1 	0 0 	0 0 	0 0 	0 0 	0 0 	0 0 	0 0 	
18 1 	19 1 	23 1 	24 1 	29 1 	30 1 	0 0 	0 0 	0 0 	0 0 	0 0 	0 0 	0 0 	
20 1 	21 1 	26 1 	27 1 	32 1 	33 1 	0 0 	0 0 	0 0 	0 0 	0 0 	0 0 	0 0 	
22 1 	23 1 	28 1 	29 1 	34 1 	35 1 	0 0 	0 0 	0 0 	0 0 	0 0 	0 0 	0 0 	
24 1 	30 1 	36 1 	37 1 	0 0 	0 0 	0 0 	0 0 	0 0 	0 0 	0 0 	0 0 	0 0 	
25 1 	26 1 	31 1 	32 1 	38 1 	39 1 	0 0 	0 0 	0 0 	0 0 	0 0 	0 0 	0 0 	
27 1 	28 1 	33 1 	34 1 	40 1 	41 1 	0 0 	0 0 	0 0 	0 0 	0 0 	0 0 	0 0 	
29 1 	30 1 	35 1 	36 1 	42 1 	43 1 	0 0 	0 0 	0 0 	0 0 	0 0 	0 0 	0 0 	
31 1 	38 1 	45 1 	46 1 	0 0 	0 0 	0 0 	0 0 	0 0 	0 0 	0 0 	0 0 	0 0 	
32 1 	33 1 	39 1 	40 1 	47 1 	48 1 	0 0 	0 0 	0 0 	0 0 	0 0 	0 0 	0 0 	
34 1 	35 1 	41 1 	42 1 	49 1 	50 1 	0 0 	0 0 	0 0 	0 0 	0 0 	0 0 	0 0 	
36 1 	37 1 	43 1 	44 1 	51 1 	52 1 	0 0 	0 0 	0 0 	0 0 	0 0 	0 0 	0 0 	
38 1 	39 1 	46 1 	47 1 	54 1 	55 1 	0 0 	0 0 	0 0 	0 0 	0 0 	0 0 	0 0 	
40 1 	41 1 	48 1 	49 1 	56 1 	57 1 	0 0 	0 0 	0 0 	0 0 	0 0 	0 0 	0 0 	
42 1 	43 1 	50 1 	51 1 	58 1 	59 1 	0 0 	0 0 	0 0 	0 0 	0 0 	0 0 	0 0 	
44 1 	52 1 	60 1 	61 1 	0 0 	0 0 	0 0 	0 0 	0 0 	0 0 	0 0 	0 0 	0 0 	
45 1 	46 1 	53 1 	54 1 	0 0 	0 0 	0 0 	0 0 	0 0 	0 0 	0 0 	0 0 	0 0 	
47 1 	48 1 	55 1 	56 1 	0 0 	0 0 	0 0 	0 0 	0 0 	0 0 	0 0 	0 0 	0 0 	
49 1 	50 1 	57 1 	58 1 	0 0 	0 0 	0 0 	0 0 	0 0 	0 0 	0 0 	0 0 	0 0 	
51 1 	52 1 	59 1 	60 1 	0 0 	0 0 	0 0 	0 0 	0 0 	0 0 	0 0 	0 0 	0 0 	
1 2 	2 2 	3 2 	4 2 	0 0 	0 0 	0 0 	0 0 	0 0 	0 0 	0 0 	0 0 	0 0 	
2 2 	4 2 	6 2 	7 2 	0 0 	0 0 	0 0 	0 0 	0 0 	0 0 	0 0 	0 0 	0 0 	
3 2 	4 2 	5 2 	6 2 	8 2 	9 2 	0 0 	0 0 	0 0 	0 0 	0 0 	0 0 	0 0 	
5 2 	8 2 	11 2 	12 2 	0 0 	0 0 	0 0 	0 0 	0 0 	0 0 	0 0 	0 0 	0 0 	
6 2 	7 2 	9 2 	10 2 	13 2 	14 2 	0 0 	0 0 	0 0 	0 0 	0 0 	0 0 	0 0 	
8 2 	9 2 	12 2 	13 2 	16 2 	17 2 	0 0 	0 0 	0 0 	0 0 	0 0 	0 0 	0 0 	
10 2 	14 2 	18 2 	19 2 	0 0 	0 0 	0 0 	0 0 	0 0 	0 0 	0 0 	0 0 	0 0 	
11 2 	12 2 	15 2 	16 2 	20 2 	21 2 	0 0 	0 0 	0 0 	0 0 	0 0 	0 0 	0 0 	
13 2 	14 2 	17 2 	18 2 	22 2 	23 2 	0 0 	0 0 	0 0 	0 0 	0 0 	0 0 	0 0 	
15 2 	20 2 	25 2 	26 2 	0 0 	0 0 	0 0 	0 0 	0 0 	0 0 	0 0 	0 0 	0 0 	
16 2 	17 2 	21 2 	22 2 	27 2 	28 2 	0 0 	0 0 	0 0 	0 0 	0 0 	0 0 	0 0 	
18 2 	19 2 	23 2 	24 2 	29 2 	30 2 	0 0 	0 0 	0 0 	0 0 	0 0 	0 0 	0 0 	
20 2 	21 2 	26 2 	27 2 	32 2 	33 2 	0 0 	0 0 	0 0 	0 0 	0 0 	0 0 	0 0 	
22 2 	23 2 	28 2 	29 2 	34 2 	35 2 	0 0 	0 0 	0 0 	0 0 	0 0 	0 0 	0 0 	
24 2 	30 2 	36 2 	37 2 	0 0 	0 0 	0 0 	0 0 	0 0 	0 0 	0 0 	0 0 	0 0 	
25 2 	26 2 	31 2 	32 2 	38 2 	39 2 	0 0 	0 0 	0 0 	0 0 	0 0 	0 0 	0 0 	
27 2 	28 2 	33 2 	34 2 	40 2 	41 2 	0 0 	0 0 	0 0 	0 0 	0 0 	0 0 	0 0 	
29 2 	30 2 	35 2 	36 2 	42 2 	43 2 	0 0 	0 0 	0 0 	0 0 	0 0 	0 0 	0 0 	
31 2 	38 2 	45 2 	46 2 	0 0 	0 0 	0 0 	0 0 	0 0 	0 0 	0 0 	0 0 	0 0 	
32 2 	33 2 	39 2 	40 2 	47 2 	48 2 	0 0 	0 0 	0 0 	0 0 	0 0 	0 0 	0 0 	
34 2 	35 2 	41 2 	42 2 	49 2 	50 2 	0 0 	0 0 	0 0 	0 0 	0 0 	0 0 	0 0 	
36 2 	37 2 	43 2 	44 2 	51 2 	52 2 	0 0 	0 0 	0 0 	0 0 	0 0 	0 0 	0 0 	
38 2 	39 2 	46 2 	47 2 	54 2 	55 2 	0 0 	0 0 	0 0 	0 0 	0 0 	0 0 	0 0 	
40 2 	41 2 	48 2 	49 2 	56 2 	57 2 	0 0 	0 0 	0 0 	0 0 	0 0 	0 0 	0 0 	
42 2 	43 2 	50 2 	51 2 	58 2 	59 2 	0 0 	0 0 	0 0 	0 0 	0 0 	0 0 	0 0 	
44 2 	52 2 	60 2 	61 2 	0 0 	0 0 	0 0 	0 0 	0 0 	0 0 	0 0 	0 0 	0 0 	
45 2 	46 2 	53 2 	54 2 	0 0 	0 0 	0 0 	0 0 	0 0 	0 0 	0 0 	0 0 	0 0 	
47 2 	48 2 	55 2 	56 2 	0 0 	0 0 	0 0 	0 0 	0 0 	0 0 	0 0 	0 0 	0 0 	
49 2 	50 2 	57 2 	58 2 	0 0 	0 0 	0 0 	0 0 	0 0 	0 0 	0 0 	0 0 	0 0 	
51 2 	52 2 	59 2 	60 2 	0 0 	0 0 	0 0 	0 0 	0 0 	0 0 	0 0 	0 0 	0 0 	
1 2 	2 2 	5 2 	6 2 	11 2 	13 2 	16 2 	22 2 	24 2 	29 2 	36 2 	44 2 	61 2 	
53 1 	54 1 	55 1 	56 1 	57 1 	58 1 	59 1 	60 1 	61 1 	0 0 	0 0 	0 0 	0 0 	
