00000000000000000001111000000000000000
00000000000000000000101011000000000000
00000000000000000000011110110000000000
00000000000000000000000100100110000000
00000000000000000000000011011001100000
00000000000000000000000000110011001100
00000000000000000000000000001000100011
00000000000000000000000000000110011000
00000000000000000000000000000001100110
11110000000000000000000000000000000000
01010110000000000000000000000000000000
00111101100000000000000000000000000000
00001001001100000000000000000000000000
00000110110011000000000000000000000000
00000001100110011000000000000000000000
00000000010001000110000000000000000000
00000000001100110000000000000000000000
00000000000011001100000000000000000000
