19 18
6 6
2 4 4 6 4 6 4 6 6 4 4 6 6 6 2 4 4 4 2 
4 4 6 4 6 6 4 4 4 4 4 6 4 6 6 4 4 4 
1 1 	10 2 	0 0 	0 0 	0 0 	0 0 	
1 1 	2 1 	10 2 	11 2 	0 0 	0 0 	
1 1 	3 1 	10 2 	12 2 	0 0 	0 0 	
1 1 	2 1 	3 1 	10 2 	11 2 	12 2 	
3 1 	4 1 	12 2 	13 2 	0 0 	0 0 	
2 1 	3 1 	5 1 	11 2 	12 2 	14 2 	
2 1 	5 1 	11 2 	14 2 	0 0 	0 0 	
3 1 	4 1 	6 1 	12 2 	13 2 	15 2 	
3 1 	5 1 	6 1 	12 2 	14 2 	15 2 	
5 1 	7 1 	14 2 	16 2 	0 0 	0 0 	
4 1 	8 1 	13 2 	17 2 	0 0 	0 0 	
4 1 	6 1 	8 1 	13 2 	15 2 	17 2 	
5 1 	6 1 	9 1 	14 2 	15 2 	18 2 	
5 1 	7 1 	9 1 	14 2 	16 2 	18 2 	
8 1 	17 2 	0 0 	0 0 	0 0 	0 0 	
6 1 	8 1 	15 2 	17 2 	0 0 	0 0 	
6 1 	9 1 	15 2 	18 2 	0 0 	0 0 	
7 1 	9 1 	16 2 	18 2 	0 0 	0 0 	
7 1 	16 2 	0 0 	0 0 	0 0 	0 0 	
1 1 	2 1 	3 1 	4 1 	0 0 	0 0 	
2 1 	4 1 	6 1 	7 1 	0 0 	0 0 	
3 1 	4 1 	5 1 	6 1 	8 1 	9 1 	
5 1 	8 1 	11 1 	12 1 	0 0 	0 0 	
6 1 	7 1 	9 1 	10 1 	13 1 	14 1 	
8 1 	9 1 	12 1 	13 1 	16 1 	17 1 	
10 1 	14 1 	18 1 	19 1 	0 0 	0 0 	
11 1 	12 1 	15 1 	16 1 	0 0 	0 0 	
13 1 	14 1 	17 1 	18 1 	0 0 	0 0 	
1 2 	2 2 	3 2 	4 2 	0 0 	0 0 	
2 2 	4 2 	6 2 	7 2 	0 0 	0 0 	
3 2 	4 2 	5 2 	6 2 	8 2 	9 2 	
5 2 	8 2 	11 2 	12 2 	0 0 	0 0 	
6 2 	7 2 	9 2 	10 2 	13 2 	14 2 	
8 2 	9 2 	12 2 	13 2 	16 2 	17 2 	
10 2 	14 2 	18 2 	19 2 	0 0 	0 0 	
11 2 	12 2 	15 2 	16 2 	0 0 	0 0 	
13 2 	14 2 	17 2 	18 2 	0 0 	0 0 	
