199 200
7 19
5 2 7 4 4 6 5 5 4 6 6 6 4 4 6 6 7 4 6 6 6 6 7 4 4 6 6 6 6 6 5 5 4 6 6 6 6 6 6 6 4 4 6 6 6 6 6 6 7 4 6 6 6 6 6 6 6 6 7 4 4 6 6 6 6 6 6 6 6 6 5 5 4 6 6 6 6 6 6 6 6 6 6 6 4 4 6 6 6 6 6 6 6 6 6 6 7 4 6 6 6 6 6 6 6 6 6 6 6 6 7 4 4 6 6 6 6 6 6 6 6 6 6 6 6 6 5 5 4 6 6 6 6 6 6 6 6 6 6 6 6 6 6 6 4 4 6 6 6 6 6 6 6 6 6 6 6 6 6 6 7 4 6 6 6 6 6 6 6 6 6 6 6 6 6 6 6 6 7 4 3 5 5 5 5 5 5 5 5 5 5 5 5 5 5 5 5 5 4 
4 4 4 8 4 4 4 4 8 4 8 4 4 8 4 8 4 8 4 4 4 4 8 4 8 4 8 4 8 4 4 8 4 8 4 8 4 8 4 8 4 4 4 4 8 4 8 4 8 4 8 4 8 4 8 4 4 8 4 8 4 8 4 8 4 8 4 8 4 8 4 4 4 4 8 4 8 4 8 4 8 4 8 4 8 4 8 4 8 4 4 4 4 4 4 4 4 4 4 4 4 4 8 4 4 4 4 8 4 8 4 4 8 4 8 4 8 4 4 4 4 8 4 8 4 8 4 8 4 4 8 4 8 4 8 4 8 4 8 4 4 4 4 8 4 8 4 8 4 8 4 8 4 8 4 4 8 4 8 4 8 4 8 4 8 4 8 4 8 4 4 4 4 8 4 8 4 8 4 8 4 8 4 8 4 8 4 8 4 4 4 4 4 4 4 4 4 4 19 19 
1 1 	2 1 	100 2 	101 2 	199 2 	0 0 	0 0 	
2 1 	101 2 	0 0 	0 0 	0 0 	0 0 	0 0 	
1 1 	2 1 	4 1 	100 2 	101 2 	103 2 	199 2 	
2 1 	4 1 	101 2 	103 2 	0 0 	0 0 	0 0 	
1 1 	3 1 	100 2 	102 2 	0 0 	0 0 	0 0 	
1 1 	3 1 	4 1 	100 2 	102 2 	103 2 	0 0 	
4 1 	5 1 	103 2 	104 2 	199 2 	0 0 	0 0 	
5 1 	6 1 	104 2 	105 2 	199 2 	0 0 	0 0 	
3 1 	9 1 	102 2 	108 2 	0 0 	0 0 	0 0 	
3 1 	4 1 	9 1 	102 2 	103 2 	108 2 	0 0 	
4 1 	5 1 	11 1 	103 2 	104 2 	110 2 	0 0 	
5 1 	6 1 	11 1 	104 2 	105 2 	110 2 	0 0 	
7 1 	8 1 	106 2 	107 2 	0 0 	0 0 	0 0 	
8 1 	9 1 	107 2 	108 2 	0 0 	0 0 	0 0 	
4 1 	9 1 	10 1 	103 2 	108 2 	109 2 	0 0 	
4 1 	10 1 	11 1 	103 2 	109 2 	110 2 	0 0 	
6 1 	11 1 	12 1 	105 2 	110 2 	111 2 	199 2 	
6 1 	12 1 	105 2 	111 2 	0 0 	0 0 	0 0 	
7 1 	8 1 	14 1 	106 2 	107 2 	113 2 	0 0 	
8 1 	9 1 	14 1 	107 2 	108 2 	113 2 	0 0 	
9 1 	10 1 	16 1 	108 2 	109 2 	115 2 	0 0 	
10 1 	11 1 	16 1 	109 2 	110 2 	115 2 	0 0 	
11 1 	12 1 	18 1 	110 2 	111 2 	117 2 	199 2 	
12 1 	18 1 	111 2 	117 2 	0 0 	0 0 	0 0 	
7 1 	13 1 	106 2 	112 2 	0 0 	0 0 	0 0 	
7 1 	13 1 	14 1 	106 2 	112 2 	113 2 	0 0 	
9 1 	14 1 	15 1 	108 2 	113 2 	114 2 	0 0 	
9 1 	15 1 	16 1 	108 2 	114 2 	115 2 	0 0 	
11 1 	16 1 	17 1 	110 2 	115 2 	116 2 	0 0 	
11 1 	17 1 	18 1 	110 2 	116 2 	117 2 	0 0 	
18 1 	19 1 	117 2 	118 2 	199 2 	0 0 	0 0 	
19 1 	20 1 	118 2 	119 2 	199 2 	0 0 	0 0 	
13 1 	23 1 	112 2 	122 2 	0 0 	0 0 	0 0 	
13 1 	14 1 	23 1 	112 2 	113 2 	122 2 	0 0 	
14 1 	15 1 	25 1 	113 2 	114 2 	124 2 	0 0 	
15 1 	16 1 	25 1 	114 2 	115 2 	124 2 	0 0 	
16 1 	17 1 	27 1 	115 2 	116 2 	126 2 	0 0 	
17 1 	18 1 	27 1 	116 2 	117 2 	126 2 	0 0 	
18 1 	19 1 	29 1 	117 2 	118 2 	128 2 	0 0 	
19 1 	20 1 	29 1 	118 2 	119 2 	128 2 	0 0 	
21 1 	22 1 	120 2 	121 2 	0 0 	0 0 	0 0 	
22 1 	23 1 	121 2 	122 2 	0 0 	0 0 	0 0 	
14 1 	23 1 	24 1 	113 2 	122 2 	123 2 	0 0 	
14 1 	24 1 	25 1 	113 2 	123 2 	124 2 	0 0 	
16 1 	25 1 	26 1 	115 2 	124 2 	125 2 	0 0 	
16 1 	26 1 	27 1 	115 2 	125 2 	126 2 	0 0 	
18 1 	27 1 	28 1 	117 2 	126 2 	127 2 	0 0 	
18 1 	28 1 	29 1 	117 2 	127 2 	128 2 	0 0 	
20 1 	29 1 	30 1 	119 2 	128 2 	129 2 	199 2 	
20 1 	30 1 	119 2 	129 2 	0 0 	0 0 	0 0 	
21 1 	22 1 	32 1 	120 2 	121 2 	131 2 	0 0 	
22 1 	23 1 	32 1 	121 2 	122 2 	131 2 	0 0 	
23 1 	24 1 	34 1 	122 2 	123 2 	133 2 	0 0 	
24 1 	25 1 	34 1 	123 2 	124 2 	133 2 	0 0 	
25 1 	26 1 	36 1 	124 2 	125 2 	135 2 	0 0 	
26 1 	27 1 	36 1 	125 2 	126 2 	135 2 	0 0 	
27 1 	28 1 	38 1 	126 2 	127 2 	137 2 	0 0 	
28 1 	29 1 	38 1 	127 2 	128 2 	137 2 	0 0 	
29 1 	30 1 	40 1 	128 2 	129 2 	139 2 	199 2 	
30 1 	40 1 	129 2 	139 2 	0 0 	0 0 	0 0 	
21 1 	31 1 	120 2 	130 2 	0 0 	0 0 	0 0 	
21 1 	31 1 	32 1 	120 2 	130 2 	131 2 	0 0 	
23 1 	32 1 	33 1 	122 2 	131 2 	132 2 	0 0 	
23 1 	33 1 	34 1 	122 2 	132 2 	133 2 	0 0 	
25 1 	34 1 	35 1 	124 2 	133 2 	134 2 	0 0 	
25 1 	35 1 	36 1 	124 2 	134 2 	135 2 	0 0 	
27 1 	36 1 	37 1 	126 2 	135 2 	136 2 	0 0 	
27 1 	37 1 	38 1 	126 2 	136 2 	137 2 	0 0 	
29 1 	38 1 	39 1 	128 2 	137 2 	138 2 	0 0 	
29 1 	39 1 	40 1 	128 2 	138 2 	139 2 	0 0 	
40 1 	41 1 	139 2 	140 2 	199 2 	0 0 	0 0 	
41 1 	42 1 	140 2 	141 2 	199 2 	0 0 	0 0 	
31 1 	45 1 	130 2 	144 2 	0 0 	0 0 	0 0 	
31 1 	32 1 	45 1 	130 2 	131 2 	144 2 	0 0 	
32 1 	33 1 	47 1 	131 2 	132 2 	146 2 	0 0 	
33 1 	34 1 	47 1 	132 2 	133 2 	146 2 	0 0 	
34 1 	35 1 	49 1 	133 2 	134 2 	148 2 	0 0 	
35 1 	36 1 	49 1 	134 2 	135 2 	148 2 	0 0 	
36 1 	37 1 	51 1 	135 2 	136 2 	150 2 	0 0 	
37 1 	38 1 	51 1 	136 2 	137 2 	150 2 	0 0 	
38 1 	39 1 	53 1 	137 2 	138 2 	152 2 	0 0 	
39 1 	40 1 	53 1 	138 2 	139 2 	152 2 	0 0 	
40 1 	41 1 	55 1 	139 2 	140 2 	154 2 	0 0 	
41 1 	42 1 	55 1 	140 2 	141 2 	154 2 	0 0 	
43 1 	44 1 	142 2 	143 2 	0 0 	0 0 	0 0 	
44 1 	45 1 	143 2 	144 2 	0 0 	0 0 	0 0 	
32 1 	45 1 	46 1 	131 2 	144 2 	145 2 	0 0 	
32 1 	46 1 	47 1 	131 2 	145 2 	146 2 	0 0 	
34 1 	47 1 	48 1 	133 2 	146 2 	147 2 	0 0 	
34 1 	48 1 	49 1 	133 2 	147 2 	148 2 	0 0 	
36 1 	49 1 	50 1 	135 2 	148 2 	149 2 	0 0 	
36 1 	50 1 	51 1 	135 2 	149 2 	150 2 	0 0 	
38 1 	51 1 	52 1 	137 2 	150 2 	151 2 	0 0 	
38 1 	52 1 	53 1 	137 2 	151 2 	152 2 	0 0 	
40 1 	53 1 	54 1 	139 2 	152 2 	153 2 	0 0 	
40 1 	54 1 	55 1 	139 2 	153 2 	154 2 	0 0 	
42 1 	55 1 	56 1 	141 2 	154 2 	155 2 	199 2 	
42 1 	56 1 	141 2 	155 2 	0 0 	0 0 	0 0 	
43 1 	44 1 	58 1 	142 2 	143 2 	157 2 	0 0 	
44 1 	45 1 	58 1 	143 2 	144 2 	157 2 	0 0 	
45 1 	46 1 	60 1 	144 2 	145 2 	159 2 	0 0 	
46 1 	47 1 	60 1 	145 2 	146 2 	159 2 	0 0 	
47 1 	48 1 	62 1 	146 2 	147 2 	161 2 	0 0 	
48 1 	49 1 	62 1 	147 2 	148 2 	161 2 	0 0 	
49 1 	50 1 	64 1 	148 2 	149 2 	163 2 	0 0 	
50 1 	51 1 	64 1 	149 2 	150 2 	163 2 	0 0 	
51 1 	52 1 	66 1 	150 2 	151 2 	165 2 	0 0 	
52 1 	53 1 	66 1 	151 2 	152 2 	165 2 	0 0 	
53 1 	54 1 	68 1 	152 2 	153 2 	167 2 	0 0 	
54 1 	55 1 	68 1 	153 2 	154 2 	167 2 	0 0 	
55 1 	56 1 	70 1 	154 2 	155 2 	169 2 	199 2 	
56 1 	70 1 	155 2 	169 2 	0 0 	0 0 	0 0 	
43 1 	57 1 	142 2 	156 2 	0 0 	0 0 	0 0 	
43 1 	57 1 	58 1 	142 2 	156 2 	157 2 	0 0 	
45 1 	58 1 	59 1 	144 2 	157 2 	158 2 	0 0 	
45 1 	59 1 	60 1 	144 2 	158 2 	159 2 	0 0 	
47 1 	60 1 	61 1 	146 2 	159 2 	160 2 	0 0 	
47 1 	61 1 	62 1 	146 2 	160 2 	161 2 	0 0 	
49 1 	62 1 	63 1 	148 2 	161 2 	162 2 	0 0 	
49 1 	63 1 	64 1 	148 2 	162 2 	163 2 	0 0 	
51 1 	64 1 	65 1 	150 2 	163 2 	164 2 	0 0 	
51 1 	65 1 	66 1 	150 2 	164 2 	165 2 	0 0 	
53 1 	66 1 	67 1 	152 2 	165 2 	166 2 	0 0 	
53 1 	67 1 	68 1 	152 2 	166 2 	167 2 	0 0 	
55 1 	68 1 	69 1 	154 2 	167 2 	168 2 	0 0 	
55 1 	69 1 	70 1 	154 2 	168 2 	169 2 	0 0 	
70 1 	71 1 	169 2 	170 2 	199 2 	0 0 	0 0 	
71 1 	72 1 	170 2 	171 2 	199 2 	0 0 	0 0 	
57 1 	75 1 	156 2 	174 2 	0 0 	0 0 	0 0 	
57 1 	58 1 	75 1 	156 2 	157 2 	174 2 	0 0 	
58 1 	59 1 	77 1 	157 2 	158 2 	176 2 	0 0 	
59 1 	60 1 	77 1 	158 2 	159 2 	176 2 	0 0 	
60 1 	61 1 	79 1 	159 2 	160 2 	178 2 	0 0 	
61 1 	62 1 	79 1 	160 2 	161 2 	178 2 	0 0 	
62 1 	63 1 	81 1 	161 2 	162 2 	180 2 	0 0 	
63 1 	64 1 	81 1 	162 2 	163 2 	180 2 	0 0 	
64 1 	65 1 	83 1 	163 2 	164 2 	182 2 	0 0 	
65 1 	66 1 	83 1 	164 2 	165 2 	182 2 	0 0 	
66 1 	67 1 	85 1 	165 2 	166 2 	184 2 	0 0 	
67 1 	68 1 	85 1 	166 2 	167 2 	184 2 	0 0 	
68 1 	69 1 	87 1 	167 2 	168 2 	186 2 	0 0 	
69 1 	70 1 	87 1 	168 2 	169 2 	186 2 	0 0 	
70 1 	71 1 	89 1 	169 2 	170 2 	188 2 	0 0 	
71 1 	72 1 	89 1 	170 2 	171 2 	188 2 	0 0 	
73 1 	74 1 	172 2 	173 2 	0 0 	0 0 	0 0 	
74 1 	75 1 	173 2 	174 2 	0 0 	0 0 	0 0 	
58 1 	75 1 	76 1 	157 2 	174 2 	175 2 	0 0 	
58 1 	76 1 	77 1 	157 2 	175 2 	176 2 	0 0 	
60 1 	77 1 	78 1 	159 2 	176 2 	177 2 	0 0 	
60 1 	78 1 	79 1 	159 2 	177 2 	178 2 	0 0 	
62 1 	79 1 	80 1 	161 2 	178 2 	179 2 	0 0 	
62 1 	80 1 	81 1 	161 2 	179 2 	180 2 	0 0 	
64 1 	81 1 	82 1 	163 2 	180 2 	181 2 	0 0 	
64 1 	82 1 	83 1 	163 2 	181 2 	182 2 	0 0 	
66 1 	83 1 	84 1 	165 2 	182 2 	183 2 	0 0 	
66 1 	84 1 	85 1 	165 2 	183 2 	184 2 	0 0 	
68 1 	85 1 	86 1 	167 2 	184 2 	185 2 	0 0 	
68 1 	86 1 	87 1 	167 2 	185 2 	186 2 	0 0 	
70 1 	87 1 	88 1 	169 2 	186 2 	187 2 	0 0 	
70 1 	88 1 	89 1 	169 2 	187 2 	188 2 	0 0 	
72 1 	89 1 	90 1 	171 2 	188 2 	189 2 	199 2 	
72 1 	90 1 	171 2 	189 2 	0 0 	0 0 	0 0 	
73 1 	74 1 	91 1 	172 2 	173 2 	190 2 	0 0 	
74 1 	75 1 	91 1 	173 2 	174 2 	190 2 	0 0 	
75 1 	76 1 	92 1 	174 2 	175 2 	191 2 	0 0 	
76 1 	77 1 	92 1 	175 2 	176 2 	191 2 	0 0 	
77 1 	78 1 	93 1 	176 2 	177 2 	192 2 	0 0 	
78 1 	79 1 	93 1 	177 2 	178 2 	192 2 	0 0 	
79 1 	80 1 	94 1 	178 2 	179 2 	193 2 	0 0 	
80 1 	81 1 	94 1 	179 2 	180 2 	193 2 	0 0 	
81 1 	82 1 	95 1 	180 2 	181 2 	194 2 	0 0 	
82 1 	83 1 	95 1 	181 2 	182 2 	194 2 	0 0 	
83 1 	84 1 	96 1 	182 2 	183 2 	195 2 	0 0 	
84 1 	85 1 	96 1 	183 2 	184 2 	195 2 	0 0 	
85 1 	86 1 	97 1 	184 2 	185 2 	196 2 	0 0 	
86 1 	87 1 	97 1 	185 2 	186 2 	196 2 	0 0 	
87 1 	88 1 	98 1 	186 2 	187 2 	197 2 	0 0 	
88 1 	89 1 	98 1 	187 2 	188 2 	197 2 	0 0 	
89 1 	90 1 	99 1 	188 2 	189 2 	198 2 	199 2 	
90 1 	99 1 	189 2 	198 2 	0 0 	0 0 	0 0 	
73 1 	172 2 	200 1 	0 0 	0 0 	0 0 	0 0 	
73 1 	91 1 	172 2 	190 2 	200 1 	0 0 	0 0 	
75 1 	91 1 	174 2 	190 2 	200 1 	0 0 	0 0 	
75 1 	92 1 	174 2 	191 2 	200 1 	0 0 	0 0 	
77 1 	92 1 	176 2 	191 2 	200 1 	0 0 	0 0 	
77 1 	93 1 	176 2 	192 2 	200 1 	0 0 	0 0 	
79 1 	93 1 	178 2 	192 2 	200 1 	0 0 	0 0 	
79 1 	94 1 	178 2 	193 2 	200 1 	0 0 	0 0 	
81 1 	94 1 	180 2 	193 2 	200 1 	0 0 	0 0 	
81 1 	95 1 	180 2 	194 2 	200 1 	0 0 	0 0 	
83 1 	95 1 	182 2 	194 2 	200 1 	0 0 	0 0 	
83 1 	96 1 	182 2 	195 2 	200 1 	0 0 	0 0 	
85 1 	96 1 	184 2 	195 2 	200 1 	0 0 	0 0 	
85 1 	97 1 	184 2 	196 2 	200 1 	0 0 	0 0 	
87 1 	97 1 	186 2 	196 2 	200 1 	0 0 	0 0 	
87 1 	98 1 	186 2 	197 2 	200 1 	0 0 	0 0 	
89 1 	98 1 	188 2 	197 2 	200 1 	0 0 	0 0 	
89 1 	99 1 	188 2 	198 2 	200 1 	0 0 	0 0 	
99 1 	198 2 	199 2 	200 1 	0 0 	0 0 	0 0 	
1 1 	3 1 	5 1 	6 1 	0 0 	0 0 	0 0 	0 0 	0 0 	0 0 	0 0 	0 0 	0 0 	0 0 	0 0 	0 0 	0 0 	0 0 	0 0 	
1 1 	2 1 	3 1 	4 1 	0 0 	0 0 	0 0 	0 0 	0 0 	0 0 	0 0 	0 0 	0 0 	0 0 	0 0 	0 0 	0 0 	0 0 	0 0 	
5 1 	6 1 	9 1 	10 1 	0 0 	0 0 	0 0 	0 0 	0 0 	0 0 	0 0 	0 0 	0 0 	0 0 	0 0 	0 0 	0 0 	0 0 	0 0 	
3 1 	4 1 	6 1 	7 1 	10 1 	11 1 	15 1 	16 1 	0 0 	0 0 	0 0 	0 0 	0 0 	0 0 	0 0 	0 0 	0 0 	0 0 	0 0 	
7 1 	8 1 	11 1 	12 1 	0 0 	0 0 	0 0 	0 0 	0 0 	0 0 	0 0 	0 0 	0 0 	0 0 	0 0 	0 0 	0 0 	0 0 	0 0 	
8 1 	12 1 	17 1 	18 1 	0 0 	0 0 	0 0 	0 0 	0 0 	0 0 	0 0 	0 0 	0 0 	0 0 	0 0 	0 0 	0 0 	0 0 	0 0 	
13 1 	19 1 	25 1 	26 1 	0 0 	0 0 	0 0 	0 0 	0 0 	0 0 	0 0 	0 0 	0 0 	0 0 	0 0 	0 0 	0 0 	0 0 	0 0 	
13 1 	14 1 	19 1 	20 1 	0 0 	0 0 	0 0 	0 0 	0 0 	0 0 	0 0 	0 0 	0 0 	0 0 	0 0 	0 0 	0 0 	0 0 	0 0 	
9 1 	10 1 	14 1 	15 1 	20 1 	21 1 	27 1 	28 1 	0 0 	0 0 	0 0 	0 0 	0 0 	0 0 	0 0 	0 0 	0 0 	0 0 	0 0 	
15 1 	16 1 	21 1 	22 1 	0 0 	0 0 	0 0 	0 0 	0 0 	0 0 	0 0 	0 0 	0 0 	0 0 	0 0 	0 0 	0 0 	0 0 	0 0 	
11 1 	12 1 	16 1 	17 1 	22 1 	23 1 	29 1 	30 1 	0 0 	0 0 	0 0 	0 0 	0 0 	0 0 	0 0 	0 0 	0 0 	0 0 	0 0 	
17 1 	18 1 	23 1 	24 1 	0 0 	0 0 	0 0 	0 0 	0 0 	0 0 	0 0 	0 0 	0 0 	0 0 	0 0 	0 0 	0 0 	0 0 	0 0 	
25 1 	26 1 	33 1 	34 1 	0 0 	0 0 	0 0 	0 0 	0 0 	0 0 	0 0 	0 0 	0 0 	0 0 	0 0 	0 0 	0 0 	0 0 	0 0 	
19 1 	20 1 	26 1 	27 1 	34 1 	35 1 	43 1 	44 1 	0 0 	0 0 	0 0 	0 0 	0 0 	0 0 	0 0 	0 0 	0 0 	0 0 	0 0 	
27 1 	28 1 	35 1 	36 1 	0 0 	0 0 	0 0 	0 0 	0 0 	0 0 	0 0 	0 0 	0 0 	0 0 	0 0 	0 0 	0 0 	0 0 	0 0 	
21 1 	22 1 	28 1 	29 1 	36 1 	37 1 	45 1 	46 1 	0 0 	0 0 	0 0 	0 0 	0 0 	0 0 	0 0 	0 0 	0 0 	0 0 	0 0 	
29 1 	30 1 	37 1 	38 1 	0 0 	0 0 	0 0 	0 0 	0 0 	0 0 	0 0 	0 0 	0 0 	0 0 	0 0 	0 0 	0 0 	0 0 	0 0 	
23 1 	24 1 	30 1 	31 1 	38 1 	39 1 	47 1 	48 1 	0 0 	0 0 	0 0 	0 0 	0 0 	0 0 	0 0 	0 0 	0 0 	0 0 	0 0 	
31 1 	32 1 	39 1 	40 1 	0 0 	0 0 	0 0 	0 0 	0 0 	0 0 	0 0 	0 0 	0 0 	0 0 	0 0 	0 0 	0 0 	0 0 	0 0 	
32 1 	40 1 	49 1 	50 1 	0 0 	0 0 	0 0 	0 0 	0 0 	0 0 	0 0 	0 0 	0 0 	0 0 	0 0 	0 0 	0 0 	0 0 	0 0 	
41 1 	51 1 	61 1 	62 1 	0 0 	0 0 	0 0 	0 0 	0 0 	0 0 	0 0 	0 0 	0 0 	0 0 	0 0 	0 0 	0 0 	0 0 	0 0 	
41 1 	42 1 	51 1 	52 1 	0 0 	0 0 	0 0 	0 0 	0 0 	0 0 	0 0 	0 0 	0 0 	0 0 	0 0 	0 0 	0 0 	0 0 	0 0 	
33 1 	34 1 	42 1 	43 1 	52 1 	53 1 	63 1 	64 1 	0 0 	0 0 	0 0 	0 0 	0 0 	0 0 	0 0 	0 0 	0 0 	0 0 	0 0 	
43 1 	44 1 	53 1 	54 1 	0 0 	0 0 	0 0 	0 0 	0 0 	0 0 	0 0 	0 0 	0 0 	0 0 	0 0 	0 0 	0 0 	0 0 	0 0 	
35 1 	36 1 	44 1 	45 1 	54 1 	55 1 	65 1 	66 1 	0 0 	0 0 	0 0 	0 0 	0 0 	0 0 	0 0 	0 0 	0 0 	0 0 	0 0 	
45 1 	46 1 	55 1 	56 1 	0 0 	0 0 	0 0 	0 0 	0 0 	0 0 	0 0 	0 0 	0 0 	0 0 	0 0 	0 0 	0 0 	0 0 	0 0 	
37 1 	38 1 	46 1 	47 1 	56 1 	57 1 	67 1 	68 1 	0 0 	0 0 	0 0 	0 0 	0 0 	0 0 	0 0 	0 0 	0 0 	0 0 	0 0 	
47 1 	48 1 	57 1 	58 1 	0 0 	0 0 	0 0 	0 0 	0 0 	0 0 	0 0 	0 0 	0 0 	0 0 	0 0 	0 0 	0 0 	0 0 	0 0 	
39 1 	40 1 	48 1 	49 1 	58 1 	59 1 	69 1 	70 1 	0 0 	0 0 	0 0 	0 0 	0 0 	0 0 	0 0 	0 0 	0 0 	0 0 	0 0 	
49 1 	50 1 	59 1 	60 1 	0 0 	0 0 	0 0 	0 0 	0 0 	0 0 	0 0 	0 0 	0 0 	0 0 	0 0 	0 0 	0 0 	0 0 	0 0 	
61 1 	62 1 	73 1 	74 1 	0 0 	0 0 	0 0 	0 0 	0 0 	0 0 	0 0 	0 0 	0 0 	0 0 	0 0 	0 0 	0 0 	0 0 	0 0 	
51 1 	52 1 	62 1 	63 1 	74 1 	75 1 	87 1 	88 1 	0 0 	0 0 	0 0 	0 0 	0 0 	0 0 	0 0 	0 0 	0 0 	0 0 	0 0 	
63 1 	64 1 	75 1 	76 1 	0 0 	0 0 	0 0 	0 0 	0 0 	0 0 	0 0 	0 0 	0 0 	0 0 	0 0 	0 0 	0 0 	0 0 	0 0 	
53 1 	54 1 	64 1 	65 1 	76 1 	77 1 	89 1 	90 1 	0 0 	0 0 	0 0 	0 0 	0 0 	0 0 	0 0 	0 0 	0 0 	0 0 	0 0 	
65 1 	66 1 	77 1 	78 1 	0 0 	0 0 	0 0 	0 0 	0 0 	0 0 	0 0 	0 0 	0 0 	0 0 	0 0 	0 0 	0 0 	0 0 	0 0 	
55 1 	56 1 	66 1 	67 1 	78 1 	79 1 	91 1 	92 1 	0 0 	0 0 	0 0 	0 0 	0 0 	0 0 	0 0 	0 0 	0 0 	0 0 	0 0 	
67 1 	68 1 	79 1 	80 1 	0 0 	0 0 	0 0 	0 0 	0 0 	0 0 	0 0 	0 0 	0 0 	0 0 	0 0 	0 0 	0 0 	0 0 	0 0 	
57 1 	58 1 	68 1 	69 1 	80 1 	81 1 	93 1 	94 1 	0 0 	0 0 	0 0 	0 0 	0 0 	0 0 	0 0 	0 0 	0 0 	0 0 	0 0 	
69 1 	70 1 	81 1 	82 1 	0 0 	0 0 	0 0 	0 0 	0 0 	0 0 	0 0 	0 0 	0 0 	0 0 	0 0 	0 0 	0 0 	0 0 	0 0 	
59 1 	60 1 	70 1 	71 1 	82 1 	83 1 	95 1 	96 1 	0 0 	0 0 	0 0 	0 0 	0 0 	0 0 	0 0 	0 0 	0 0 	0 0 	0 0 	
71 1 	72 1 	83 1 	84 1 	0 0 	0 0 	0 0 	0 0 	0 0 	0 0 	0 0 	0 0 	0 0 	0 0 	0 0 	0 0 	0 0 	0 0 	0 0 	
72 1 	84 1 	97 1 	98 1 	0 0 	0 0 	0 0 	0 0 	0 0 	0 0 	0 0 	0 0 	0 0 	0 0 	0 0 	0 0 	0 0 	0 0 	0 0 	
85 1 	99 1 	113 1 	114 1 	0 0 	0 0 	0 0 	0 0 	0 0 	0 0 	0 0 	0 0 	0 0 	0 0 	0 0 	0 0 	0 0 	0 0 	0 0 	
85 1 	86 1 	99 1 	100 1 	0 0 	0 0 	0 0 	0 0 	0 0 	0 0 	0 0 	0 0 	0 0 	0 0 	0 0 	0 0 	0 0 	0 0 	0 0 	
73 1 	74 1 	86 1 	87 1 	100 1 	101 1 	115 1 	116 1 	0 0 	0 0 	0 0 	0 0 	0 0 	0 0 	0 0 	0 0 	0 0 	0 0 	0 0 	
87 1 	88 1 	101 1 	102 1 	0 0 	0 0 	0 0 	0 0 	0 0 	0 0 	0 0 	0 0 	0 0 	0 0 	0 0 	0 0 	0 0 	0 0 	0 0 	
75 1 	76 1 	88 1 	89 1 	102 1 	103 1 	117 1 	118 1 	0 0 	0 0 	0 0 	0 0 	0 0 	0 0 	0 0 	0 0 	0 0 	0 0 	0 0 	
89 1 	90 1 	103 1 	104 1 	0 0 	0 0 	0 0 	0 0 	0 0 	0 0 	0 0 	0 0 	0 0 	0 0 	0 0 	0 0 	0 0 	0 0 	0 0 	
77 1 	78 1 	90 1 	91 1 	104 1 	105 1 	119 1 	120 1 	0 0 	0 0 	0 0 	0 0 	0 0 	0 0 	0 0 	0 0 	0 0 	0 0 	0 0 	
91 1 	92 1 	105 1 	106 1 	0 0 	0 0 	0 0 	0 0 	0 0 	0 0 	0 0 	0 0 	0 0 	0 0 	0 0 	0 0 	0 0 	0 0 	0 0 	
79 1 	80 1 	92 1 	93 1 	106 1 	107 1 	121 1 	122 1 	0 0 	0 0 	0 0 	0 0 	0 0 	0 0 	0 0 	0 0 	0 0 	0 0 	0 0 	
93 1 	94 1 	107 1 	108 1 	0 0 	0 0 	0 0 	0 0 	0 0 	0 0 	0 0 	0 0 	0 0 	0 0 	0 0 	0 0 	0 0 	0 0 	0 0 	
81 1 	82 1 	94 1 	95 1 	108 1 	109 1 	123 1 	124 1 	0 0 	0 0 	0 0 	0 0 	0 0 	0 0 	0 0 	0 0 	0 0 	0 0 	0 0 	
95 1 	96 1 	109 1 	110 1 	0 0 	0 0 	0 0 	0 0 	0 0 	0 0 	0 0 	0 0 	0 0 	0 0 	0 0 	0 0 	0 0 	0 0 	0 0 	
83 1 	84 1 	96 1 	97 1 	110 1 	111 1 	125 1 	126 1 	0 0 	0 0 	0 0 	0 0 	0 0 	0 0 	0 0 	0 0 	0 0 	0 0 	0 0 	
97 1 	98 1 	111 1 	112 1 	0 0 	0 0 	0 0 	0 0 	0 0 	0 0 	0 0 	0 0 	0 0 	0 0 	0 0 	0 0 	0 0 	0 0 	0 0 	
113 1 	114 1 	129 1 	130 1 	0 0 	0 0 	0 0 	0 0 	0 0 	0 0 	0 0 	0 0 	0 0 	0 0 	0 0 	0 0 	0 0 	0 0 	0 0 	
99 1 	100 1 	114 1 	115 1 	130 1 	131 1 	147 1 	148 1 	0 0 	0 0 	0 0 	0 0 	0 0 	0 0 	0 0 	0 0 	0 0 	0 0 	0 0 	
115 1 	116 1 	131 1 	132 1 	0 0 	0 0 	0 0 	0 0 	0 0 	0 0 	0 0 	0 0 	0 0 	0 0 	0 0 	0 0 	0 0 	0 0 	0 0 	
101 1 	102 1 	116 1 	117 1 	132 1 	133 1 	149 1 	150 1 	0 0 	0 0 	0 0 	0 0 	0 0 	0 0 	0 0 	0 0 	0 0 	0 0 	0 0 	
117 1 	118 1 	133 1 	134 1 	0 0 	0 0 	0 0 	0 0 	0 0 	0 0 	0 0 	0 0 	0 0 	0 0 	0 0 	0 0 	0 0 	0 0 	0 0 	
103 1 	104 1 	118 1 	119 1 	134 1 	135 1 	151 1 	152 1 	0 0 	0 0 	0 0 	0 0 	0 0 	0 0 	0 0 	0 0 	0 0 	0 0 	0 0 	
119 1 	120 1 	135 1 	136 1 	0 0 	0 0 	0 0 	0 0 	0 0 	0 0 	0 0 	0 0 	0 0 	0 0 	0 0 	0 0 	0 0 	0 0 	0 0 	
105 1 	106 1 	120 1 	121 1 	136 1 	137 1 	153 1 	154 1 	0 0 	0 0 	0 0 	0 0 	0 0 	0 0 	0 0 	0 0 	0 0 	0 0 	0 0 	
121 1 	122 1 	137 1 	138 1 	0 0 	0 0 	0 0 	0 0 	0 0 	0 0 	0 0 	0 0 	0 0 	0 0 	0 0 	0 0 	0 0 	0 0 	0 0 	
107 1 	108 1 	122 1 	123 1 	138 1 	139 1 	155 1 	156 1 	0 0 	0 0 	0 0 	0 0 	0 0 	0 0 	0 0 	0 0 	0 0 	0 0 	0 0 	
123 1 	124 1 	139 1 	140 1 	0 0 	0 0 	0 0 	0 0 	0 0 	0 0 	0 0 	0 0 	0 0 	0 0 	0 0 	0 0 	0 0 	0 0 	0 0 	
109 1 	110 1 	124 1 	125 1 	140 1 	141 1 	157 1 	158 1 	0 0 	0 0 	0 0 	0 0 	0 0 	0 0 	0 0 	0 0 	0 0 	0 0 	0 0 	
125 1 	126 1 	141 1 	142 1 	0 0 	0 0 	0 0 	0 0 	0 0 	0 0 	0 0 	0 0 	0 0 	0 0 	0 0 	0 0 	0 0 	0 0 	0 0 	
111 1 	112 1 	126 1 	127 1 	142 1 	143 1 	159 1 	160 1 	0 0 	0 0 	0 0 	0 0 	0 0 	0 0 	0 0 	0 0 	0 0 	0 0 	0 0 	
127 1 	128 1 	143 1 	144 1 	0 0 	0 0 	0 0 	0 0 	0 0 	0 0 	0 0 	0 0 	0 0 	0 0 	0 0 	0 0 	0 0 	0 0 	0 0 	
128 1 	144 1 	161 1 	162 1 	0 0 	0 0 	0 0 	0 0 	0 0 	0 0 	0 0 	0 0 	0 0 	0 0 	0 0 	0 0 	0 0 	0 0 	0 0 	
145 1 	163 1 	181 1 	182 1 	0 0 	0 0 	0 0 	0 0 	0 0 	0 0 	0 0 	0 0 	0 0 	0 0 	0 0 	0 0 	0 0 	0 0 	0 0 	
145 1 	146 1 	163 1 	164 1 	0 0 	0 0 	0 0 	0 0 	0 0 	0 0 	0 0 	0 0 	0 0 	0 0 	0 0 	0 0 	0 0 	0 0 	0 0 	
129 1 	130 1 	146 1 	147 1 	164 1 	165 1 	183 1 	184 1 	0 0 	0 0 	0 0 	0 0 	0 0 	0 0 	0 0 	0 0 	0 0 	0 0 	0 0 	
147 1 	148 1 	165 1 	166 1 	0 0 	0 0 	0 0 	0 0 	0 0 	0 0 	0 0 	0 0 	0 0 	0 0 	0 0 	0 0 	0 0 	0 0 	0 0 	
131 1 	132 1 	148 1 	149 1 	166 1 	167 1 	185 1 	186 1 	0 0 	0 0 	0 0 	0 0 	0 0 	0 0 	0 0 	0 0 	0 0 	0 0 	0 0 	
149 1 	150 1 	167 1 	168 1 	0 0 	0 0 	0 0 	0 0 	0 0 	0 0 	0 0 	0 0 	0 0 	0 0 	0 0 	0 0 	0 0 	0 0 	0 0 	
133 1 	134 1 	150 1 	151 1 	168 1 	169 1 	187 1 	188 1 	0 0 	0 0 	0 0 	0 0 	0 0 	0 0 	0 0 	0 0 	0 0 	0 0 	0 0 	
151 1 	152 1 	169 1 	170 1 	0 0 	0 0 	0 0 	0 0 	0 0 	0 0 	0 0 	0 0 	0 0 	0 0 	0 0 	0 0 	0 0 	0 0 	0 0 	
135 1 	136 1 	152 1 	153 1 	170 1 	171 1 	189 1 	190 1 	0 0 	0 0 	0 0 	0 0 	0 0 	0 0 	0 0 	0 0 	0 0 	0 0 	0 0 	
153 1 	154 1 	171 1 	172 1 	0 0 	0 0 	0 0 	0 0 	0 0 	0 0 	0 0 	0 0 	0 0 	0 0 	0 0 	0 0 	0 0 	0 0 	0 0 	
137 1 	138 1 	154 1 	155 1 	172 1 	173 1 	191 1 	192 1 	0 0 	0 0 	0 0 	0 0 	0 0 	0 0 	0 0 	0 0 	0 0 	0 0 	0 0 	
155 1 	156 1 	173 1 	174 1 	0 0 	0 0 	0 0 	0 0 	0 0 	0 0 	0 0 	0 0 	0 0 	0 0 	0 0 	0 0 	0 0 	0 0 	0 0 	
139 1 	140 1 	156 1 	157 1 	174 1 	175 1 	193 1 	194 1 	0 0 	0 0 	0 0 	0 0 	0 0 	0 0 	0 0 	0 0 	0 0 	0 0 	0 0 	
157 1 	158 1 	175 1 	176 1 	0 0 	0 0 	0 0 	0 0 	0 0 	0 0 	0 0 	0 0 	0 0 	0 0 	0 0 	0 0 	0 0 	0 0 	0 0 	
141 1 	142 1 	158 1 	159 1 	176 1 	177 1 	195 1 	196 1 	0 0 	0 0 	0 0 	0 0 	0 0 	0 0 	0 0 	0 0 	0 0 	0 0 	0 0 	
159 1 	160 1 	177 1 	178 1 	0 0 	0 0 	0 0 	0 0 	0 0 	0 0 	0 0 	0 0 	0 0 	0 0 	0 0 	0 0 	0 0 	0 0 	0 0 	
143 1 	144 1 	160 1 	161 1 	178 1 	179 1 	197 1 	198 1 	0 0 	0 0 	0 0 	0 0 	0 0 	0 0 	0 0 	0 0 	0 0 	0 0 	0 0 	
161 1 	162 1 	179 1 	180 1 	0 0 	0 0 	0 0 	0 0 	0 0 	0 0 	0 0 	0 0 	0 0 	0 0 	0 0 	0 0 	0 0 	0 0 	0 0 	
163 1 	164 1 	182 1 	183 1 	0 0 	0 0 	0 0 	0 0 	0 0 	0 0 	0 0 	0 0 	0 0 	0 0 	0 0 	0 0 	0 0 	0 0 	0 0 	
165 1 	166 1 	184 1 	185 1 	0 0 	0 0 	0 0 	0 0 	0 0 	0 0 	0 0 	0 0 	0 0 	0 0 	0 0 	0 0 	0 0 	0 0 	0 0 	
167 1 	168 1 	186 1 	187 1 	0 0 	0 0 	0 0 	0 0 	0 0 	0 0 	0 0 	0 0 	0 0 	0 0 	0 0 	0 0 	0 0 	0 0 	0 0 	
169 1 	170 1 	188 1 	189 1 	0 0 	0 0 	0 0 	0 0 	0 0 	0 0 	0 0 	0 0 	0 0 	0 0 	0 0 	0 0 	0 0 	0 0 	0 0 	
171 1 	172 1 	190 1 	191 1 	0 0 	0 0 	0 0 	0 0 	0 0 	0 0 	0 0 	0 0 	0 0 	0 0 	0 0 	0 0 	0 0 	0 0 	0 0 	
173 1 	174 1 	192 1 	193 1 	0 0 	0 0 	0 0 	0 0 	0 0 	0 0 	0 0 	0 0 	0 0 	0 0 	0 0 	0 0 	0 0 	0 0 	0 0 	
175 1 	176 1 	194 1 	195 1 	0 0 	0 0 	0 0 	0 0 	0 0 	0 0 	0 0 	0 0 	0 0 	0 0 	0 0 	0 0 	0 0 	0 0 	0 0 	
177 1 	178 1 	196 1 	197 1 	0 0 	0 0 	0 0 	0 0 	0 0 	0 0 	0 0 	0 0 	0 0 	0 0 	0 0 	0 0 	0 0 	0 0 	0 0 	
179 1 	180 1 	198 1 	199 1 	0 0 	0 0 	0 0 	0 0 	0 0 	0 0 	0 0 	0 0 	0 0 	0 0 	0 0 	0 0 	0 0 	0 0 	0 0 	
1 2 	3 2 	5 2 	6 2 	0 0 	0 0 	0 0 	0 0 	0 0 	0 0 	0 0 	0 0 	0 0 	0 0 	0 0 	0 0 	0 0 	0 0 	0 0 	
1 2 	2 2 	3 2 	4 2 	0 0 	0 0 	0 0 	0 0 	0 0 	0 0 	0 0 	0 0 	0 0 	0 0 	0 0 	0 0 	0 0 	0 0 	0 0 	
5 2 	6 2 	9 2 	10 2 	0 0 	0 0 	0 0 	0 0 	0 0 	0 0 	0 0 	0 0 	0 0 	0 0 	0 0 	0 0 	0 0 	0 0 	0 0 	
3 2 	4 2 	6 2 	7 2 	10 2 	11 2 	15 2 	16 2 	0 0 	0 0 	0 0 	0 0 	0 0 	0 0 	0 0 	0 0 	0 0 	0 0 	0 0 	
7 2 	8 2 	11 2 	12 2 	0 0 	0 0 	0 0 	0 0 	0 0 	0 0 	0 0 	0 0 	0 0 	0 0 	0 0 	0 0 	0 0 	0 0 	0 0 	
8 2 	12 2 	17 2 	18 2 	0 0 	0 0 	0 0 	0 0 	0 0 	0 0 	0 0 	0 0 	0 0 	0 0 	0 0 	0 0 	0 0 	0 0 	0 0 	
13 2 	19 2 	25 2 	26 2 	0 0 	0 0 	0 0 	0 0 	0 0 	0 0 	0 0 	0 0 	0 0 	0 0 	0 0 	0 0 	0 0 	0 0 	0 0 	
13 2 	14 2 	19 2 	20 2 	0 0 	0 0 	0 0 	0 0 	0 0 	0 0 	0 0 	0 0 	0 0 	0 0 	0 0 	0 0 	0 0 	0 0 	0 0 	
9 2 	10 2 	14 2 	15 2 	20 2 	21 2 	27 2 	28 2 	0 0 	0 0 	0 0 	0 0 	0 0 	0 0 	0 0 	0 0 	0 0 	0 0 	0 0 	
15 2 	16 2 	21 2 	22 2 	0 0 	0 0 	0 0 	0 0 	0 0 	0 0 	0 0 	0 0 	0 0 	0 0 	0 0 	0 0 	0 0 	0 0 	0 0 	
11 2 	12 2 	16 2 	17 2 	22 2 	23 2 	29 2 	30 2 	0 0 	0 0 	0 0 	0 0 	0 0 	0 0 	0 0 	0 0 	0 0 	0 0 	0 0 	
17 2 	18 2 	23 2 	24 2 	0 0 	0 0 	0 0 	0 0 	0 0 	0 0 	0 0 	0 0 	0 0 	0 0 	0 0 	0 0 	0 0 	0 0 	0 0 	
25 2 	26 2 	33 2 	34 2 	0 0 	0 0 	0 0 	0 0 	0 0 	0 0 	0 0 	0 0 	0 0 	0 0 	0 0 	0 0 	0 0 	0 0 	0 0 	
19 2 	20 2 	26 2 	27 2 	34 2 	35 2 	43 2 	44 2 	0 0 	0 0 	0 0 	0 0 	0 0 	0 0 	0 0 	0 0 	0 0 	0 0 	0 0 	
27 2 	28 2 	35 2 	36 2 	0 0 	0 0 	0 0 	0 0 	0 0 	0 0 	0 0 	0 0 	0 0 	0 0 	0 0 	0 0 	0 0 	0 0 	0 0 	
21 2 	22 2 	28 2 	29 2 	36 2 	37 2 	45 2 	46 2 	0 0 	0 0 	0 0 	0 0 	0 0 	0 0 	0 0 	0 0 	0 0 	0 0 	0 0 	
29 2 	30 2 	37 2 	38 2 	0 0 	0 0 	0 0 	0 0 	0 0 	0 0 	0 0 	0 0 	0 0 	0 0 	0 0 	0 0 	0 0 	0 0 	0 0 	
23 2 	24 2 	30 2 	31 2 	38 2 	39 2 	47 2 	48 2 	0 0 	0 0 	0 0 	0 0 	0 0 	0 0 	0 0 	0 0 	0 0 	0 0 	0 0 	
31 2 	32 2 	39 2 	40 2 	0 0 	0 0 	0 0 	0 0 	0 0 	0 0 	0 0 	0 0 	0 0 	0 0 	0 0 	0 0 	0 0 	0 0 	0 0 	
32 2 	40 2 	49 2 	50 2 	0 0 	0 0 	0 0 	0 0 	0 0 	0 0 	0 0 	0 0 	0 0 	0 0 	0 0 	0 0 	0 0 	0 0 	0 0 	
41 2 	51 2 	61 2 	62 2 	0 0 	0 0 	0 0 	0 0 	0 0 	0 0 	0 0 	0 0 	0 0 	0 0 	0 0 	0 0 	0 0 	0 0 	0 0 	
41 2 	42 2 	51 2 	52 2 	0 0 	0 0 	0 0 	0 0 	0 0 	0 0 	0 0 	0 0 	0 0 	0 0 	0 0 	0 0 	0 0 	0 0 	0 0 	
33 2 	34 2 	42 2 	43 2 	52 2 	53 2 	63 2 	64 2 	0 0 	0 0 	0 0 	0 0 	0 0 	0 0 	0 0 	0 0 	0 0 	0 0 	0 0 	
43 2 	44 2 	53 2 	54 2 	0 0 	0 0 	0 0 	0 0 	0 0 	0 0 	0 0 	0 0 	0 0 	0 0 	0 0 	0 0 	0 0 	0 0 	0 0 	
35 2 	36 2 	44 2 	45 2 	54 2 	55 2 	65 2 	66 2 	0 0 	0 0 	0 0 	0 0 	0 0 	0 0 	0 0 	0 0 	0 0 	0 0 	0 0 	
45 2 	46 2 	55 2 	56 2 	0 0 	0 0 	0 0 	0 0 	0 0 	0 0 	0 0 	0 0 	0 0 	0 0 	0 0 	0 0 	0 0 	0 0 	0 0 	
37 2 	38 2 	46 2 	47 2 	56 2 	57 2 	67 2 	68 2 	0 0 	0 0 	0 0 	0 0 	0 0 	0 0 	0 0 	0 0 	0 0 	0 0 	0 0 	
47 2 	48 2 	57 2 	58 2 	0 0 	0 0 	0 0 	0 0 	0 0 	0 0 	0 0 	0 0 	0 0 	0 0 	0 0 	0 0 	0 0 	0 0 	0 0 	
39 2 	40 2 	48 2 	49 2 	58 2 	59 2 	69 2 	70 2 	0 0 	0 0 	0 0 	0 0 	0 0 	0 0 	0 0 	0 0 	0 0 	0 0 	0 0 	
49 2 	50 2 	59 2 	60 2 	0 0 	0 0 	0 0 	0 0 	0 0 	0 0 	0 0 	0 0 	0 0 	0 0 	0 0 	0 0 	0 0 	0 0 	0 0 	
61 2 	62 2 	73 2 	74 2 	0 0 	0 0 	0 0 	0 0 	0 0 	0 0 	0 0 	0 0 	0 0 	0 0 	0 0 	0 0 	0 0 	0 0 	0 0 	
51 2 	52 2 	62 2 	63 2 	74 2 	75 2 	87 2 	88 2 	0 0 	0 0 	0 0 	0 0 	0 0 	0 0 	0 0 	0 0 	0 0 	0 0 	0 0 	
63 2 	64 2 	75 2 	76 2 	0 0 	0 0 	0 0 	0 0 	0 0 	0 0 	0 0 	0 0 	0 0 	0 0 	0 0 	0 0 	0 0 	0 0 	0 0 	
53 2 	54 2 	64 2 	65 2 	76 2 	77 2 	89 2 	90 2 	0 0 	0 0 	0 0 	0 0 	0 0 	0 0 	0 0 	0 0 	0 0 	0 0 	0 0 	
65 2 	66 2 	77 2 	78 2 	0 0 	0 0 	0 0 	0 0 	0 0 	0 0 	0 0 	0 0 	0 0 	0 0 	0 0 	0 0 	0 0 	0 0 	0 0 	
55 2 	56 2 	66 2 	67 2 	78 2 	79 2 	91 2 	92 2 	0 0 	0 0 	0 0 	0 0 	0 0 	0 0 	0 0 	0 0 	0 0 	0 0 	0 0 	
67 2 	68 2 	79 2 	80 2 	0 0 	0 0 	0 0 	0 0 	0 0 	0 0 	0 0 	0 0 	0 0 	0 0 	0 0 	0 0 	0 0 	0 0 	0 0 	
57 2 	58 2 	68 2 	69 2 	80 2 	81 2 	93 2 	94 2 	0 0 	0 0 	0 0 	0 0 	0 0 	0 0 	0 0 	0 0 	0 0 	0 0 	0 0 	
69 2 	70 2 	81 2 	82 2 	0 0 	0 0 	0 0 	0 0 	0 0 	0 0 	0 0 	0 0 	0 0 	0 0 	0 0 	0 0 	0 0 	0 0 	0 0 	
59 2 	60 2 	70 2 	71 2 	82 2 	83 2 	95 2 	96 2 	0 0 	0 0 	0 0 	0 0 	0 0 	0 0 	0 0 	0 0 	0 0 	0 0 	0 0 	
71 2 	72 2 	83 2 	84 2 	0 0 	0 0 	0 0 	0 0 	0 0 	0 0 	0 0 	0 0 	0 0 	0 0 	0 0 	0 0 	0 0 	0 0 	0 0 	
72 2 	84 2 	97 2 	98 2 	0 0 	0 0 	0 0 	0 0 	0 0 	0 0 	0 0 	0 0 	0 0 	0 0 	0 0 	0 0 	0 0 	0 0 	0 0 	
85 2 	99 2 	113 2 	114 2 	0 0 	0 0 	0 0 	0 0 	0 0 	0 0 	0 0 	0 0 	0 0 	0 0 	0 0 	0 0 	0 0 	0 0 	0 0 	
85 2 	86 2 	99 2 	100 2 	0 0 	0 0 	0 0 	0 0 	0 0 	0 0 	0 0 	0 0 	0 0 	0 0 	0 0 	0 0 	0 0 	0 0 	0 0 	
73 2 	74 2 	86 2 	87 2 	100 2 	101 2 	115 2 	116 2 	0 0 	0 0 	0 0 	0 0 	0 0 	0 0 	0 0 	0 0 	0 0 	0 0 	0 0 	
87 2 	88 2 	101 2 	102 2 	0 0 	0 0 	0 0 	0 0 	0 0 	0 0 	0 0 	0 0 	0 0 	0 0 	0 0 	0 0 	0 0 	0 0 	0 0 	
75 2 	76 2 	88 2 	89 2 	102 2 	103 2 	117 2 	118 2 	0 0 	0 0 	0 0 	0 0 	0 0 	0 0 	0 0 	0 0 	0 0 	0 0 	0 0 	
89 2 	90 2 	103 2 	104 2 	0 0 	0 0 	0 0 	0 0 	0 0 	0 0 	0 0 	0 0 	0 0 	0 0 	0 0 	0 0 	0 0 	0 0 	0 0 	
77 2 	78 2 	90 2 	91 2 	104 2 	105 2 	119 2 	120 2 	0 0 	0 0 	0 0 	0 0 	0 0 	0 0 	0 0 	0 0 	0 0 	0 0 	0 0 	
91 2 	92 2 	105 2 	106 2 	0 0 	0 0 	0 0 	0 0 	0 0 	0 0 	0 0 	0 0 	0 0 	0 0 	0 0 	0 0 	0 0 	0 0 	0 0 	
79 2 	80 2 	92 2 	93 2 	106 2 	107 2 	121 2 	122 2 	0 0 	0 0 	0 0 	0 0 	0 0 	0 0 	0 0 	0 0 	0 0 	0 0 	0 0 	
93 2 	94 2 	107 2 	108 2 	0 0 	0 0 	0 0 	0 0 	0 0 	0 0 	0 0 	0 0 	0 0 	0 0 	0 0 	0 0 	0 0 	0 0 	0 0 	
81 2 	82 2 	94 2 	95 2 	108 2 	109 2 	123 2 	124 2 	0 0 	0 0 	0 0 	0 0 	0 0 	0 0 	0 0 	0 0 	0 0 	0 0 	0 0 	
95 2 	96 2 	109 2 	110 2 	0 0 	0 0 	0 0 	0 0 	0 0 	0 0 	0 0 	0 0 	0 0 	0 0 	0 0 	0 0 	0 0 	0 0 	0 0 	
83 2 	84 2 	96 2 	97 2 	110 2 	111 2 	125 2 	126 2 	0 0 	0 0 	0 0 	0 0 	0 0 	0 0 	0 0 	0 0 	0 0 	0 0 	0 0 	
97 2 	98 2 	111 2 	112 2 	0 0 	0 0 	0 0 	0 0 	0 0 	0 0 	0 0 	0 0 	0 0 	0 0 	0 0 	0 0 	0 0 	0 0 	0 0 	
113 2 	114 2 	129 2 	130 2 	0 0 	0 0 	0 0 	0 0 	0 0 	0 0 	0 0 	0 0 	0 0 	0 0 	0 0 	0 0 	0 0 	0 0 	0 0 	
99 2 	100 2 	114 2 	115 2 	130 2 	131 2 	147 2 	148 2 	0 0 	0 0 	0 0 	0 0 	0 0 	0 0 	0 0 	0 0 	0 0 	0 0 	0 0 	
115 2 	116 2 	131 2 	132 2 	0 0 	0 0 	0 0 	0 0 	0 0 	0 0 	0 0 	0 0 	0 0 	0 0 	0 0 	0 0 	0 0 	0 0 	0 0 	
101 2 	102 2 	116 2 	117 2 	132 2 	133 2 	149 2 	150 2 	0 0 	0 0 	0 0 	0 0 	0 0 	0 0 	0 0 	0 0 	0 0 	0 0 	0 0 	
117 2 	118 2 	133 2 	134 2 	0 0 	0 0 	0 0 	0 0 	0 0 	0 0 	0 0 	0 0 	0 0 	0 0 	0 0 	0 0 	0 0 	0 0 	0 0 	
103 2 	104 2 	118 2 	119 2 	134 2 	135 2 	151 2 	152 2 	0 0 	0 0 	0 0 	0 0 	0 0 	0 0 	0 0 	0 0 	0 0 	0 0 	0 0 	
119 2 	120 2 	135 2 	136 2 	0 0 	0 0 	0 0 	0 0 	0 0 	0 0 	0 0 	0 0 	0 0 	0 0 	0 0 	0 0 	0 0 	0 0 	0 0 	
105 2 	106 2 	120 2 	121 2 	136 2 	137 2 	153 2 	154 2 	0 0 	0 0 	0 0 	0 0 	0 0 	0 0 	0 0 	0 0 	0 0 	0 0 	0 0 	
121 2 	122 2 	137 2 	138 2 	0 0 	0 0 	0 0 	0 0 	0 0 	0 0 	0 0 	0 0 	0 0 	0 0 	0 0 	0 0 	0 0 	0 0 	0 0 	
107 2 	108 2 	122 2 	123 2 	138 2 	139 2 	155 2 	156 2 	0 0 	0 0 	0 0 	0 0 	0 0 	0 0 	0 0 	0 0 	0 0 	0 0 	0 0 	
123 2 	124 2 	139 2 	140 2 	0 0 	0 0 	0 0 	0 0 	0 0 	0 0 	0 0 	0 0 	0 0 	0 0 	0 0 	0 0 	0 0 	0 0 	0 0 	
109 2 	110 2 	124 2 	125 2 	140 2 	141 2 	157 2 	158 2 	0 0 	0 0 	0 0 	0 0 	0 0 	0 0 	0 0 	0 0 	0 0 	0 0 	0 0 	
125 2 	126 2 	141 2 	142 2 	0 0 	0 0 	0 0 	0 0 	0 0 	0 0 	0 0 	0 0 	0 0 	0 0 	0 0 	0 0 	0 0 	0 0 	0 0 	
111 2 	112 2 	126 2 	127 2 	142 2 	143 2 	159 2 	160 2 	0 0 	0 0 	0 0 	0 0 	0 0 	0 0 	0 0 	0 0 	0 0 	0 0 	0 0 	
127 2 	128 2 	143 2 	144 2 	0 0 	0 0 	0 0 	0 0 	0 0 	0 0 	0 0 	0 0 	0 0 	0 0 	0 0 	0 0 	0 0 	0 0 	0 0 	
128 2 	144 2 	161 2 	162 2 	0 0 	0 0 	0 0 	0 0 	0 0 	0 0 	0 0 	0 0 	0 0 	0 0 	0 0 	0 0 	0 0 	0 0 	0 0 	
145 2 	163 2 	181 2 	182 2 	0 0 	0 0 	0 0 	0 0 	0 0 	0 0 	0 0 	0 0 	0 0 	0 0 	0 0 	0 0 	0 0 	0 0 	0 0 	
145 2 	146 2 	163 2 	164 2 	0 0 	0 0 	0 0 	0 0 	0 0 	0 0 	0 0 	0 0 	0 0 	0 0 	0 0 	0 0 	0 0 	0 0 	0 0 	
129 2 	130 2 	146 2 	147 2 	164 2 	165 2 	183 2 	184 2 	0 0 	0 0 	0 0 	0 0 	0 0 	0 0 	0 0 	0 0 	0 0 	0 0 	0 0 	
147 2 	148 2 	165 2 	166 2 	0 0 	0 0 	0 0 	0 0 	0 0 	0 0 	0 0 	0 0 	0 0 	0 0 	0 0 	0 0 	0 0 	0 0 	0 0 	
131 2 	132 2 	148 2 	149 2 	166 2 	167 2 	185 2 	186 2 	0 0 	0 0 	0 0 	0 0 	0 0 	0 0 	0 0 	0 0 	0 0 	0 0 	0 0 	
149 2 	150 2 	167 2 	168 2 	0 0 	0 0 	0 0 	0 0 	0 0 	0 0 	0 0 	0 0 	0 0 	0 0 	0 0 	0 0 	0 0 	0 0 	0 0 	
133 2 	134 2 	150 2 	151 2 	168 2 	169 2 	187 2 	188 2 	0 0 	0 0 	0 0 	0 0 	0 0 	0 0 	0 0 	0 0 	0 0 	0 0 	0 0 	
151 2 	152 2 	169 2 	170 2 	0 0 	0 0 	0 0 	0 0 	0 0 	0 0 	0 0 	0 0 	0 0 	0 0 	0 0 	0 0 	0 0 	0 0 	0 0 	
135 2 	136 2 	152 2 	153 2 	170 2 	171 2 	189 2 	190 2 	0 0 	0 0 	0 0 	0 0 	0 0 	0 0 	0 0 	0 0 	0 0 	0 0 	0 0 	
153 2 	154 2 	171 2 	172 2 	0 0 	0 0 	0 0 	0 0 	0 0 	0 0 	0 0 	0 0 	0 0 	0 0 	0 0 	0 0 	0 0 	0 0 	0 0 	
137 2 	138 2 	154 2 	155 2 	172 2 	173 2 	191 2 	192 2 	0 0 	0 0 	0 0 	0 0 	0 0 	0 0 	0 0 	0 0 	0 0 	0 0 	0 0 	
155 2 	156 2 	173 2 	174 2 	0 0 	0 0 	0 0 	0 0 	0 0 	0 0 	0 0 	0 0 	0 0 	0 0 	0 0 	0 0 	0 0 	0 0 	0 0 	
139 2 	140 2 	156 2 	157 2 	174 2 	175 2 	193 2 	194 2 	0 0 	0 0 	0 0 	0 0 	0 0 	0 0 	0 0 	0 0 	0 0 	0 0 	0 0 	
157 2 	158 2 	175 2 	176 2 	0 0 	0 0 	0 0 	0 0 	0 0 	0 0 	0 0 	0 0 	0 0 	0 0 	0 0 	0 0 	0 0 	0 0 	0 0 	
141 2 	142 2 	158 2 	159 2 	176 2 	177 2 	195 2 	196 2 	0 0 	0 0 	0 0 	0 0 	0 0 	0 0 	0 0 	0 0 	0 0 	0 0 	0 0 	
159 2 	160 2 	177 2 	178 2 	0 0 	0 0 	0 0 	0 0 	0 0 	0 0 	0 0 	0 0 	0 0 	0 0 	0 0 	0 0 	0 0 	0 0 	0 0 	
143 2 	144 2 	160 2 	161 2 	178 2 	179 2 	197 2 	198 2 	0 0 	0 0 	0 0 	0 0 	0 0 	0 0 	0 0 	0 0 	0 0 	0 0 	0 0 	
161 2 	162 2 	179 2 	180 2 	0 0 	0 0 	0 0 	0 0 	0 0 	0 0 	0 0 	0 0 	0 0 	0 0 	0 0 	0 0 	0 0 	0 0 	0 0 	
163 2 	164 2 	182 2 	183 2 	0 0 	0 0 	0 0 	0 0 	0 0 	0 0 	0 0 	0 0 	0 0 	0 0 	0 0 	0 0 	0 0 	0 0 	0 0 	
165 2 	166 2 	184 2 	185 2 	0 0 	0 0 	0 0 	0 0 	0 0 	0 0 	0 0 	0 0 	0 0 	0 0 	0 0 	0 0 	0 0 	0 0 	0 0 	
167 2 	168 2 	186 2 	187 2 	0 0 	0 0 	0 0 	0 0 	0 0 	0 0 	0 0 	0 0 	0 0 	0 0 	0 0 	0 0 	0 0 	0 0 	0 0 	
169 2 	170 2 	188 2 	189 2 	0 0 	0 0 	0 0 	0 0 	0 0 	0 0 	0 0 	0 0 	0 0 	0 0 	0 0 	0 0 	0 0 	0 0 	0 0 	
171 2 	172 2 	190 2 	191 2 	0 0 	0 0 	0 0 	0 0 	0 0 	0 0 	0 0 	0 0 	0 0 	0 0 	0 0 	0 0 	0 0 	0 0 	0 0 	
173 2 	174 2 	192 2 	193 2 	0 0 	0 0 	0 0 	0 0 	0 0 	0 0 	0 0 	0 0 	0 0 	0 0 	0 0 	0 0 	0 0 	0 0 	0 0 	
175 2 	176 2 	194 2 	195 2 	0 0 	0 0 	0 0 	0 0 	0 0 	0 0 	0 0 	0 0 	0 0 	0 0 	0 0 	0 0 	0 0 	0 0 	0 0 	
177 2 	178 2 	196 2 	197 2 	0 0 	0 0 	0 0 	0 0 	0 0 	0 0 	0 0 	0 0 	0 0 	0 0 	0 0 	0 0 	0 0 	0 0 	0 0 	
179 2 	180 2 	198 2 	199 2 	0 0 	0 0 	0 0 	0 0 	0 0 	0 0 	0 0 	0 0 	0 0 	0 0 	0 0 	0 0 	0 0 	0 0 	0 0 	
1 2 	3 2 	7 2 	8 2 	17 2 	23 2 	31 2 	32 2 	49 2 	59 2 	71 2 	72 2 	97 2 	111 2 	127 2 	128 2 	161 2 	179 2 	199 2 	
181 1 	182 1 	183 1 	184 1 	185 1 	186 1 	187 1 	188 1 	189 1 	190 1 	191 1 	192 1 	193 1 	194 1 	195 1 	196 1 	197 1 	198 1 	199 1 	
