337 338
7 25
5 2 7 4 4 6 5 5 4 6 6 6 4 4 6 6 7 4 6 6 6 6 7 4 4 6 6 6 6 6 5 5 4 6 6 6 6 6 6 6 4 4 6 6 6 6 6 6 7 4 6 6 6 6 6 6 6 6 7 4 4 6 6 6 6 6 6 6 6 6 5 5 4 6 6 6 6 6 6 6 6 6 6 6 4 4 6 6 6 6 6 6 6 6 6 6 7 4 6 6 6 6 6 6 6 6 6 6 6 6 7 4 4 6 6 6 6 6 6 6 6 6 6 6 6 6 5 5 4 6 6 6 6 6 6 6 6 6 6 6 6 6 6 6 4 4 6 6 6 6 6 6 6 6 6 6 6 6 6 6 7 4 6 6 6 6 6 6 6 6 6 6 6 6 6 6 6 6 7 4 4 6 6 6 6 6 6 6 6 6 6 6 6 6 6 6 6 6 5 5 4 6 6 6 6 6 6 6 6 6 6 6 6 6 6 6 6 6 6 6 4 4 6 6 6 6 6 6 6 6 6 6 6 6 6 6 6 6 6 6 7 4 6 6 6 6 6 6 6 6 6 6 6 6 6 6 6 6 6 6 6 6 7 4 4 6 6 6 6 6 6 6 6 6 6 6 6 6 6 6 6 6 6 6 6 6 5 5 4 6 6 6 6 6 6 6 6 6 6 6 6 6 6 6 6 6 6 6 6 6 6 6 3 5 5 5 5 5 5 5 5 5 5 5 5 5 5 5 5 5 5 5 5 5 5 5 4 
4 4 4 8 4 4 4 4 8 4 8 4 4 8 4 8 4 8 4 4 4 4 8 4 8 4 8 4 8 4 4 8 4 8 4 8 4 8 4 8 4 4 4 4 8 4 8 4 8 4 8 4 8 4 8 4 4 8 4 8 4 8 4 8 4 8 4 8 4 8 4 4 4 4 8 4 8 4 8 4 8 4 8 4 8 4 8 4 8 4 4 8 4 8 4 8 4 8 4 8 4 8 4 8 4 8 4 8 4 4 4 4 8 4 8 4 8 4 8 4 8 4 8 4 8 4 8 4 8 4 8 4 4 8 4 8 4 8 4 8 4 8 4 8 4 8 4 8 4 8 4 8 4 8 4 4 4 4 4 4 4 4 4 4 4 4 4 4 4 4 4 8 4 4 4 4 8 4 8 4 4 8 4 8 4 8 4 4 4 4 8 4 8 4 8 4 8 4 4 8 4 8 4 8 4 8 4 8 4 4 4 4 8 4 8 4 8 4 8 4 8 4 8 4 4 8 4 8 4 8 4 8 4 8 4 8 4 8 4 4 4 4 8 4 8 4 8 4 8 4 8 4 8 4 8 4 8 4 4 8 4 8 4 8 4 8 4 8 4 8 4 8 4 8 4 8 4 4 4 4 8 4 8 4 8 4 8 4 8 4 8 4 8 4 8 4 8 4 8 4 4 8 4 8 4 8 4 8 4 8 4 8 4 8 4 8 4 8 4 8 4 8 4 4 4 4 4 4 4 4 4 4 4 4 4 4 25 25 
1 1 	2 1 	169 2 	170 2 	337 2 	0 0 	0 0 	
2 1 	170 2 	0 0 	0 0 	0 0 	0 0 	0 0 	
1 1 	2 1 	4 1 	169 2 	170 2 	172 2 	337 2 	
2 1 	4 1 	170 2 	172 2 	0 0 	0 0 	0 0 	
1 1 	3 1 	169 2 	171 2 	0 0 	0 0 	0 0 	
1 1 	3 1 	4 1 	169 2 	171 2 	172 2 	0 0 	
4 1 	5 1 	172 2 	173 2 	337 2 	0 0 	0 0 	
5 1 	6 1 	173 2 	174 2 	337 2 	0 0 	0 0 	
3 1 	9 1 	171 2 	177 2 	0 0 	0 0 	0 0 	
3 1 	4 1 	9 1 	171 2 	172 2 	177 2 	0 0 	
4 1 	5 1 	11 1 	172 2 	173 2 	179 2 	0 0 	
5 1 	6 1 	11 1 	173 2 	174 2 	179 2 	0 0 	
7 1 	8 1 	175 2 	176 2 	0 0 	0 0 	0 0 	
8 1 	9 1 	176 2 	177 2 	0 0 	0 0 	0 0 	
4 1 	9 1 	10 1 	172 2 	177 2 	178 2 	0 0 	
4 1 	10 1 	11 1 	172 2 	178 2 	179 2 	0 0 	
6 1 	11 1 	12 1 	174 2 	179 2 	180 2 	337 2 	
6 1 	12 1 	174 2 	180 2 	0 0 	0 0 	0 0 	
7 1 	8 1 	14 1 	175 2 	176 2 	182 2 	0 0 	
8 1 	9 1 	14 1 	176 2 	177 2 	182 2 	0 0 	
9 1 	10 1 	16 1 	177 2 	178 2 	184 2 	0 0 	
10 1 	11 1 	16 1 	178 2 	179 2 	184 2 	0 0 	
11 1 	12 1 	18 1 	179 2 	180 2 	186 2 	337 2 	
12 1 	18 1 	180 2 	186 2 	0 0 	0 0 	0 0 	
7 1 	13 1 	175 2 	181 2 	0 0 	0 0 	0 0 	
7 1 	13 1 	14 1 	175 2 	181 2 	182 2 	0 0 	
9 1 	14 1 	15 1 	177 2 	182 2 	183 2 	0 0 	
9 1 	15 1 	16 1 	177 2 	183 2 	184 2 	0 0 	
11 1 	16 1 	17 1 	179 2 	184 2 	185 2 	0 0 	
11 1 	17 1 	18 1 	179 2 	185 2 	186 2 	0 0 	
18 1 	19 1 	186 2 	187 2 	337 2 	0 0 	0 0 	
19 1 	20 1 	187 2 	188 2 	337 2 	0 0 	0 0 	
13 1 	23 1 	181 2 	191 2 	0 0 	0 0 	0 0 	
13 1 	14 1 	23 1 	181 2 	182 2 	191 2 	0 0 	
14 1 	15 1 	25 1 	182 2 	183 2 	193 2 	0 0 	
15 1 	16 1 	25 1 	183 2 	184 2 	193 2 	0 0 	
16 1 	17 1 	27 1 	184 2 	185 2 	195 2 	0 0 	
17 1 	18 1 	27 1 	185 2 	186 2 	195 2 	0 0 	
18 1 	19 1 	29 1 	186 2 	187 2 	197 2 	0 0 	
19 1 	20 1 	29 1 	187 2 	188 2 	197 2 	0 0 	
21 1 	22 1 	189 2 	190 2 	0 0 	0 0 	0 0 	
22 1 	23 1 	190 2 	191 2 	0 0 	0 0 	0 0 	
14 1 	23 1 	24 1 	182 2 	191 2 	192 2 	0 0 	
14 1 	24 1 	25 1 	182 2 	192 2 	193 2 	0 0 	
16 1 	25 1 	26 1 	184 2 	193 2 	194 2 	0 0 	
16 1 	26 1 	27 1 	184 2 	194 2 	195 2 	0 0 	
18 1 	27 1 	28 1 	186 2 	195 2 	196 2 	0 0 	
18 1 	28 1 	29 1 	186 2 	196 2 	197 2 	0 0 	
20 1 	29 1 	30 1 	188 2 	197 2 	198 2 	337 2 	
20 1 	30 1 	188 2 	198 2 	0 0 	0 0 	0 0 	
21 1 	22 1 	32 1 	189 2 	190 2 	200 2 	0 0 	
22 1 	23 1 	32 1 	190 2 	191 2 	200 2 	0 0 	
23 1 	24 1 	34 1 	191 2 	192 2 	202 2 	0 0 	
24 1 	25 1 	34 1 	192 2 	193 2 	202 2 	0 0 	
25 1 	26 1 	36 1 	193 2 	194 2 	204 2 	0 0 	
26 1 	27 1 	36 1 	194 2 	195 2 	204 2 	0 0 	
27 1 	28 1 	38 1 	195 2 	196 2 	206 2 	0 0 	
28 1 	29 1 	38 1 	196 2 	197 2 	206 2 	0 0 	
29 1 	30 1 	40 1 	197 2 	198 2 	208 2 	337 2 	
30 1 	40 1 	198 2 	208 2 	0 0 	0 0 	0 0 	
21 1 	31 1 	189 2 	199 2 	0 0 	0 0 	0 0 	
21 1 	31 1 	32 1 	189 2 	199 2 	200 2 	0 0 	
23 1 	32 1 	33 1 	191 2 	200 2 	201 2 	0 0 	
23 1 	33 1 	34 1 	191 2 	201 2 	202 2 	0 0 	
25 1 	34 1 	35 1 	193 2 	202 2 	203 2 	0 0 	
25 1 	35 1 	36 1 	193 2 	203 2 	204 2 	0 0 	
27 1 	36 1 	37 1 	195 2 	204 2 	205 2 	0 0 	
27 1 	37 1 	38 1 	195 2 	205 2 	206 2 	0 0 	
29 1 	38 1 	39 1 	197 2 	206 2 	207 2 	0 0 	
29 1 	39 1 	40 1 	197 2 	207 2 	208 2 	0 0 	
40 1 	41 1 	208 2 	209 2 	337 2 	0 0 	0 0 	
41 1 	42 1 	209 2 	210 2 	337 2 	0 0 	0 0 	
31 1 	45 1 	199 2 	213 2 	0 0 	0 0 	0 0 	
31 1 	32 1 	45 1 	199 2 	200 2 	213 2 	0 0 	
32 1 	33 1 	47 1 	200 2 	201 2 	215 2 	0 0 	
33 1 	34 1 	47 1 	201 2 	202 2 	215 2 	0 0 	
34 1 	35 1 	49 1 	202 2 	203 2 	217 2 	0 0 	
35 1 	36 1 	49 1 	203 2 	204 2 	217 2 	0 0 	
36 1 	37 1 	51 1 	204 2 	205 2 	219 2 	0 0 	
37 1 	38 1 	51 1 	205 2 	206 2 	219 2 	0 0 	
38 1 	39 1 	53 1 	206 2 	207 2 	221 2 	0 0 	
39 1 	40 1 	53 1 	207 2 	208 2 	221 2 	0 0 	
40 1 	41 1 	55 1 	208 2 	209 2 	223 2 	0 0 	
41 1 	42 1 	55 1 	209 2 	210 2 	223 2 	0 0 	
43 1 	44 1 	211 2 	212 2 	0 0 	0 0 	0 0 	
44 1 	45 1 	212 2 	213 2 	0 0 	0 0 	0 0 	
32 1 	45 1 	46 1 	200 2 	213 2 	214 2 	0 0 	
32 1 	46 1 	47 1 	200 2 	214 2 	215 2 	0 0 	
34 1 	47 1 	48 1 	202 2 	215 2 	216 2 	0 0 	
34 1 	48 1 	49 1 	202 2 	216 2 	217 2 	0 0 	
36 1 	49 1 	50 1 	204 2 	217 2 	218 2 	0 0 	
36 1 	50 1 	51 1 	204 2 	218 2 	219 2 	0 0 	
38 1 	51 1 	52 1 	206 2 	219 2 	220 2 	0 0 	
38 1 	52 1 	53 1 	206 2 	220 2 	221 2 	0 0 	
40 1 	53 1 	54 1 	208 2 	221 2 	222 2 	0 0 	
40 1 	54 1 	55 1 	208 2 	222 2 	223 2 	0 0 	
42 1 	55 1 	56 1 	210 2 	223 2 	224 2 	337 2 	
42 1 	56 1 	210 2 	224 2 	0 0 	0 0 	0 0 	
43 1 	44 1 	58 1 	211 2 	212 2 	226 2 	0 0 	
44 1 	45 1 	58 1 	212 2 	213 2 	226 2 	0 0 	
45 1 	46 1 	60 1 	213 2 	214 2 	228 2 	0 0 	
46 1 	47 1 	60 1 	214 2 	215 2 	228 2 	0 0 	
47 1 	48 1 	62 1 	215 2 	216 2 	230 2 	0 0 	
48 1 	49 1 	62 1 	216 2 	217 2 	230 2 	0 0 	
49 1 	50 1 	64 1 	217 2 	218 2 	232 2 	0 0 	
50 1 	51 1 	64 1 	218 2 	219 2 	232 2 	0 0 	
51 1 	52 1 	66 1 	219 2 	220 2 	234 2 	0 0 	
52 1 	53 1 	66 1 	220 2 	221 2 	234 2 	0 0 	
53 1 	54 1 	68 1 	221 2 	222 2 	236 2 	0 0 	
54 1 	55 1 	68 1 	222 2 	223 2 	236 2 	0 0 	
55 1 	56 1 	70 1 	223 2 	224 2 	238 2 	337 2 	
56 1 	70 1 	224 2 	238 2 	0 0 	0 0 	0 0 	
43 1 	57 1 	211 2 	225 2 	0 0 	0 0 	0 0 	
43 1 	57 1 	58 1 	211 2 	225 2 	226 2 	0 0 	
45 1 	58 1 	59 1 	213 2 	226 2 	227 2 	0 0 	
45 1 	59 1 	60 1 	213 2 	227 2 	228 2 	0 0 	
47 1 	60 1 	61 1 	215 2 	228 2 	229 2 	0 0 	
47 1 	61 1 	62 1 	215 2 	229 2 	230 2 	0 0 	
49 1 	62 1 	63 1 	217 2 	230 2 	231 2 	0 0 	
49 1 	63 1 	64 1 	217 2 	231 2 	232 2 	0 0 	
51 1 	64 1 	65 1 	219 2 	232 2 	233 2 	0 0 	
51 1 	65 1 	66 1 	219 2 	233 2 	234 2 	0 0 	
53 1 	66 1 	67 1 	221 2 	234 2 	235 2 	0 0 	
53 1 	67 1 	68 1 	221 2 	235 2 	236 2 	0 0 	
55 1 	68 1 	69 1 	223 2 	236 2 	237 2 	0 0 	
55 1 	69 1 	70 1 	223 2 	237 2 	238 2 	0 0 	
70 1 	71 1 	238 2 	239 2 	337 2 	0 0 	0 0 	
71 1 	72 1 	239 2 	240 2 	337 2 	0 0 	0 0 	
57 1 	75 1 	225 2 	243 2 	0 0 	0 0 	0 0 	
57 1 	58 1 	75 1 	225 2 	226 2 	243 2 	0 0 	
58 1 	59 1 	77 1 	226 2 	227 2 	245 2 	0 0 	
59 1 	60 1 	77 1 	227 2 	228 2 	245 2 	0 0 	
60 1 	61 1 	79 1 	228 2 	229 2 	247 2 	0 0 	
61 1 	62 1 	79 1 	229 2 	230 2 	247 2 	0 0 	
62 1 	63 1 	81 1 	230 2 	231 2 	249 2 	0 0 	
63 1 	64 1 	81 1 	231 2 	232 2 	249 2 	0 0 	
64 1 	65 1 	83 1 	232 2 	233 2 	251 2 	0 0 	
65 1 	66 1 	83 1 	233 2 	234 2 	251 2 	0 0 	
66 1 	67 1 	85 1 	234 2 	235 2 	253 2 	0 0 	
67 1 	68 1 	85 1 	235 2 	236 2 	253 2 	0 0 	
68 1 	69 1 	87 1 	236 2 	237 2 	255 2 	0 0 	
69 1 	70 1 	87 1 	237 2 	238 2 	255 2 	0 0 	
70 1 	71 1 	89 1 	238 2 	239 2 	257 2 	0 0 	
71 1 	72 1 	89 1 	239 2 	240 2 	257 2 	0 0 	
73 1 	74 1 	241 2 	242 2 	0 0 	0 0 	0 0 	
74 1 	75 1 	242 2 	243 2 	0 0 	0 0 	0 0 	
58 1 	75 1 	76 1 	226 2 	243 2 	244 2 	0 0 	
58 1 	76 1 	77 1 	226 2 	244 2 	245 2 	0 0 	
60 1 	77 1 	78 1 	228 2 	245 2 	246 2 	0 0 	
60 1 	78 1 	79 1 	228 2 	246 2 	247 2 	0 0 	
62 1 	79 1 	80 1 	230 2 	247 2 	248 2 	0 0 	
62 1 	80 1 	81 1 	230 2 	248 2 	249 2 	0 0 	
64 1 	81 1 	82 1 	232 2 	249 2 	250 2 	0 0 	
64 1 	82 1 	83 1 	232 2 	250 2 	251 2 	0 0 	
66 1 	83 1 	84 1 	234 2 	251 2 	252 2 	0 0 	
66 1 	84 1 	85 1 	234 2 	252 2 	253 2 	0 0 	
68 1 	85 1 	86 1 	236 2 	253 2 	254 2 	0 0 	
68 1 	86 1 	87 1 	236 2 	254 2 	255 2 	0 0 	
70 1 	87 1 	88 1 	238 2 	255 2 	256 2 	0 0 	
70 1 	88 1 	89 1 	238 2 	256 2 	257 2 	0 0 	
72 1 	89 1 	90 1 	240 2 	257 2 	258 2 	337 2 	
72 1 	90 1 	240 2 	258 2 	0 0 	0 0 	0 0 	
73 1 	74 1 	92 1 	241 2 	242 2 	260 2 	0 0 	
74 1 	75 1 	92 1 	242 2 	243 2 	260 2 	0 0 	
75 1 	76 1 	94 1 	243 2 	244 2 	262 2 	0 0 	
76 1 	77 1 	94 1 	244 2 	245 2 	262 2 	0 0 	
77 1 	78 1 	96 1 	245 2 	246 2 	264 2 	0 0 	
78 1 	79 1 	96 1 	246 2 	247 2 	264 2 	0 0 	
79 1 	80 1 	98 1 	247 2 	248 2 	266 2 	0 0 	
80 1 	81 1 	98 1 	248 2 	249 2 	266 2 	0 0 	
81 1 	82 1 	100 1 	249 2 	250 2 	268 2 	0 0 	
82 1 	83 1 	100 1 	250 2 	251 2 	268 2 	0 0 	
83 1 	84 1 	102 1 	251 2 	252 2 	270 2 	0 0 	
84 1 	85 1 	102 1 	252 2 	253 2 	270 2 	0 0 	
85 1 	86 1 	104 1 	253 2 	254 2 	272 2 	0 0 	
86 1 	87 1 	104 1 	254 2 	255 2 	272 2 	0 0 	
87 1 	88 1 	106 1 	255 2 	256 2 	274 2 	0 0 	
88 1 	89 1 	106 1 	256 2 	257 2 	274 2 	0 0 	
89 1 	90 1 	108 1 	257 2 	258 2 	276 2 	337 2 	
90 1 	108 1 	258 2 	276 2 	0 0 	0 0 	0 0 	
73 1 	91 1 	241 2 	259 2 	0 0 	0 0 	0 0 	
73 1 	91 1 	92 1 	241 2 	259 2 	260 2 	0 0 	
75 1 	92 1 	93 1 	243 2 	260 2 	261 2 	0 0 	
75 1 	93 1 	94 1 	243 2 	261 2 	262 2 	0 0 	
77 1 	94 1 	95 1 	245 2 	262 2 	263 2 	0 0 	
77 1 	95 1 	96 1 	245 2 	263 2 	264 2 	0 0 	
79 1 	96 1 	97 1 	247 2 	264 2 	265 2 	0 0 	
79 1 	97 1 	98 1 	247 2 	265 2 	266 2 	0 0 	
81 1 	98 1 	99 1 	249 2 	266 2 	267 2 	0 0 	
81 1 	99 1 	100 1 	249 2 	267 2 	268 2 	0 0 	
83 1 	100 1 	101 1 	251 2 	268 2 	269 2 	0 0 	
83 1 	101 1 	102 1 	251 2 	269 2 	270 2 	0 0 	
85 1 	102 1 	103 1 	253 2 	270 2 	271 2 	0 0 	
85 1 	103 1 	104 1 	253 2 	271 2 	272 2 	0 0 	
87 1 	104 1 	105 1 	255 2 	272 2 	273 2 	0 0 	
87 1 	105 1 	106 1 	255 2 	273 2 	274 2 	0 0 	
89 1 	106 1 	107 1 	257 2 	274 2 	275 2 	0 0 	
89 1 	107 1 	108 1 	257 2 	275 2 	276 2 	0 0 	
108 1 	109 1 	276 2 	277 2 	337 2 	0 0 	0 0 	
109 1 	110 1 	277 2 	278 2 	337 2 	0 0 	0 0 	
91 1 	113 1 	259 2 	281 2 	0 0 	0 0 	0 0 	
91 1 	92 1 	113 1 	259 2 	260 2 	281 2 	0 0 	
92 1 	93 1 	115 1 	260 2 	261 2 	283 2 	0 0 	
93 1 	94 1 	115 1 	261 2 	262 2 	283 2 	0 0 	
94 1 	95 1 	117 1 	262 2 	263 2 	285 2 	0 0 	
95 1 	96 1 	117 1 	263 2 	264 2 	285 2 	0 0 	
96 1 	97 1 	119 1 	264 2 	265 2 	287 2 	0 0 	
97 1 	98 1 	119 1 	265 2 	266 2 	287 2 	0 0 	
98 1 	99 1 	121 1 	266 2 	267 2 	289 2 	0 0 	
99 1 	100 1 	121 1 	267 2 	268 2 	289 2 	0 0 	
100 1 	101 1 	123 1 	268 2 	269 2 	291 2 	0 0 	
101 1 	102 1 	123 1 	269 2 	270 2 	291 2 	0 0 	
102 1 	103 1 	125 1 	270 2 	271 2 	293 2 	0 0 	
103 1 	104 1 	125 1 	271 2 	272 2 	293 2 	0 0 	
104 1 	105 1 	127 1 	272 2 	273 2 	295 2 	0 0 	
105 1 	106 1 	127 1 	273 2 	274 2 	295 2 	0 0 	
106 1 	107 1 	129 1 	274 2 	275 2 	297 2 	0 0 	
107 1 	108 1 	129 1 	275 2 	276 2 	297 2 	0 0 	
108 1 	109 1 	131 1 	276 2 	277 2 	299 2 	0 0 	
109 1 	110 1 	131 1 	277 2 	278 2 	299 2 	0 0 	
111 1 	112 1 	279 2 	280 2 	0 0 	0 0 	0 0 	
112 1 	113 1 	280 2 	281 2 	0 0 	0 0 	0 0 	
92 1 	113 1 	114 1 	260 2 	281 2 	282 2 	0 0 	
92 1 	114 1 	115 1 	260 2 	282 2 	283 2 	0 0 	
94 1 	115 1 	116 1 	262 2 	283 2 	284 2 	0 0 	
94 1 	116 1 	117 1 	262 2 	284 2 	285 2 	0 0 	
96 1 	117 1 	118 1 	264 2 	285 2 	286 2 	0 0 	
96 1 	118 1 	119 1 	264 2 	286 2 	287 2 	0 0 	
98 1 	119 1 	120 1 	266 2 	287 2 	288 2 	0 0 	
98 1 	120 1 	121 1 	266 2 	288 2 	289 2 	0 0 	
100 1 	121 1 	122 1 	268 2 	289 2 	290 2 	0 0 	
100 1 	122 1 	123 1 	268 2 	290 2 	291 2 	0 0 	
102 1 	123 1 	124 1 	270 2 	291 2 	292 2 	0 0 	
102 1 	124 1 	125 1 	270 2 	292 2 	293 2 	0 0 	
104 1 	125 1 	126 1 	272 2 	293 2 	294 2 	0 0 	
104 1 	126 1 	127 1 	272 2 	294 2 	295 2 	0 0 	
106 1 	127 1 	128 1 	274 2 	295 2 	296 2 	0 0 	
106 1 	128 1 	129 1 	274 2 	296 2 	297 2 	0 0 	
108 1 	129 1 	130 1 	276 2 	297 2 	298 2 	0 0 	
108 1 	130 1 	131 1 	276 2 	298 2 	299 2 	0 0 	
110 1 	131 1 	132 1 	278 2 	299 2 	300 2 	337 2 	
110 1 	132 1 	278 2 	300 2 	0 0 	0 0 	0 0 	
111 1 	112 1 	134 1 	279 2 	280 2 	302 2 	0 0 	
112 1 	113 1 	134 1 	280 2 	281 2 	302 2 	0 0 	
113 1 	114 1 	136 1 	281 2 	282 2 	304 2 	0 0 	
114 1 	115 1 	136 1 	282 2 	283 2 	304 2 	0 0 	
115 1 	116 1 	138 1 	283 2 	284 2 	306 2 	0 0 	
116 1 	117 1 	138 1 	284 2 	285 2 	306 2 	0 0 	
117 1 	118 1 	140 1 	285 2 	286 2 	308 2 	0 0 	
118 1 	119 1 	140 1 	286 2 	287 2 	308 2 	0 0 	
119 1 	120 1 	142 1 	287 2 	288 2 	310 2 	0 0 	
120 1 	121 1 	142 1 	288 2 	289 2 	310 2 	0 0 	
121 1 	122 1 	144 1 	289 2 	290 2 	312 2 	0 0 	
122 1 	123 1 	144 1 	290 2 	291 2 	312 2 	0 0 	
123 1 	124 1 	146 1 	291 2 	292 2 	314 2 	0 0 	
124 1 	125 1 	146 1 	292 2 	293 2 	314 2 	0 0 	
125 1 	126 1 	148 1 	293 2 	294 2 	316 2 	0 0 	
126 1 	127 1 	148 1 	294 2 	295 2 	316 2 	0 0 	
127 1 	128 1 	150 1 	295 2 	296 2 	318 2 	0 0 	
128 1 	129 1 	150 1 	296 2 	297 2 	318 2 	0 0 	
129 1 	130 1 	152 1 	297 2 	298 2 	320 2 	0 0 	
130 1 	131 1 	152 1 	298 2 	299 2 	320 2 	0 0 	
131 1 	132 1 	154 1 	299 2 	300 2 	322 2 	337 2 	
132 1 	154 1 	300 2 	322 2 	0 0 	0 0 	0 0 	
111 1 	133 1 	279 2 	301 2 	0 0 	0 0 	0 0 	
111 1 	133 1 	134 1 	279 2 	301 2 	302 2 	0 0 	
113 1 	134 1 	135 1 	281 2 	302 2 	303 2 	0 0 	
113 1 	135 1 	136 1 	281 2 	303 2 	304 2 	0 0 	
115 1 	136 1 	137 1 	283 2 	304 2 	305 2 	0 0 	
115 1 	137 1 	138 1 	283 2 	305 2 	306 2 	0 0 	
117 1 	138 1 	139 1 	285 2 	306 2 	307 2 	0 0 	
117 1 	139 1 	140 1 	285 2 	307 2 	308 2 	0 0 	
119 1 	140 1 	141 1 	287 2 	308 2 	309 2 	0 0 	
119 1 	141 1 	142 1 	287 2 	309 2 	310 2 	0 0 	
121 1 	142 1 	143 1 	289 2 	310 2 	311 2 	0 0 	
121 1 	143 1 	144 1 	289 2 	311 2 	312 2 	0 0 	
123 1 	144 1 	145 1 	291 2 	312 2 	313 2 	0 0 	
123 1 	145 1 	146 1 	291 2 	313 2 	314 2 	0 0 	
125 1 	146 1 	147 1 	293 2 	314 2 	315 2 	0 0 	
125 1 	147 1 	148 1 	293 2 	315 2 	316 2 	0 0 	
127 1 	148 1 	149 1 	295 2 	316 2 	317 2 	0 0 	
127 1 	149 1 	150 1 	295 2 	317 2 	318 2 	0 0 	
129 1 	150 1 	151 1 	297 2 	318 2 	319 2 	0 0 	
129 1 	151 1 	152 1 	297 2 	319 2 	320 2 	0 0 	
131 1 	152 1 	153 1 	299 2 	320 2 	321 2 	0 0 	
131 1 	153 1 	154 1 	299 2 	321 2 	322 2 	0 0 	
154 1 	155 1 	322 2 	323 2 	337 2 	0 0 	0 0 	
155 1 	156 1 	323 2 	324 2 	337 2 	0 0 	0 0 	
133 1 	157 1 	301 2 	325 2 	0 0 	0 0 	0 0 	
133 1 	134 1 	157 1 	301 2 	302 2 	325 2 	0 0 	
134 1 	135 1 	158 1 	302 2 	303 2 	326 2 	0 0 	
135 1 	136 1 	158 1 	303 2 	304 2 	326 2 	0 0 	
136 1 	137 1 	159 1 	304 2 	305 2 	327 2 	0 0 	
137 1 	138 1 	159 1 	305 2 	306 2 	327 2 	0 0 	
138 1 	139 1 	160 1 	306 2 	307 2 	328 2 	0 0 	
139 1 	140 1 	160 1 	307 2 	308 2 	328 2 	0 0 	
140 1 	141 1 	161 1 	308 2 	309 2 	329 2 	0 0 	
141 1 	142 1 	161 1 	309 2 	310 2 	329 2 	0 0 	
142 1 	143 1 	162 1 	310 2 	311 2 	330 2 	0 0 	
143 1 	144 1 	162 1 	311 2 	312 2 	330 2 	0 0 	
144 1 	145 1 	163 1 	312 2 	313 2 	331 2 	0 0 	
145 1 	146 1 	163 1 	313 2 	314 2 	331 2 	0 0 	
146 1 	147 1 	164 1 	314 2 	315 2 	332 2 	0 0 	
147 1 	148 1 	164 1 	315 2 	316 2 	332 2 	0 0 	
148 1 	149 1 	165 1 	316 2 	317 2 	333 2 	0 0 	
149 1 	150 1 	165 1 	317 2 	318 2 	333 2 	0 0 	
150 1 	151 1 	166 1 	318 2 	319 2 	334 2 	0 0 	
151 1 	152 1 	166 1 	319 2 	320 2 	334 2 	0 0 	
152 1 	153 1 	167 1 	320 2 	321 2 	335 2 	0 0 	
153 1 	154 1 	167 1 	321 2 	322 2 	335 2 	0 0 	
154 1 	155 1 	168 1 	322 2 	323 2 	336 2 	0 0 	
155 1 	156 1 	168 1 	323 2 	324 2 	336 2 	0 0 	
157 1 	325 2 	338 1 	0 0 	0 0 	0 0 	0 0 	
134 1 	157 1 	302 2 	325 2 	338 1 	0 0 	0 0 	
134 1 	158 1 	302 2 	326 2 	338 1 	0 0 	0 0 	
136 1 	158 1 	304 2 	326 2 	338 1 	0 0 	0 0 	
136 1 	159 1 	304 2 	327 2 	338 1 	0 0 	0 0 	
138 1 	159 1 	306 2 	327 2 	338 1 	0 0 	0 0 	
138 1 	160 1 	306 2 	328 2 	338 1 	0 0 	0 0 	
140 1 	160 1 	308 2 	328 2 	338 1 	0 0 	0 0 	
140 1 	161 1 	308 2 	329 2 	338 1 	0 0 	0 0 	
142 1 	161 1 	310 2 	329 2 	338 1 	0 0 	0 0 	
142 1 	162 1 	310 2 	330 2 	338 1 	0 0 	0 0 	
144 1 	162 1 	312 2 	330 2 	338 1 	0 0 	0 0 	
144 1 	163 1 	312 2 	331 2 	338 1 	0 0 	0 0 	
146 1 	163 1 	314 2 	331 2 	338 1 	0 0 	0 0 	
146 1 	164 1 	314 2 	332 2 	338 1 	0 0 	0 0 	
148 1 	164 1 	316 2 	332 2 	338 1 	0 0 	0 0 	
148 1 	165 1 	316 2 	333 2 	338 1 	0 0 	0 0 	
150 1 	165 1 	318 2 	333 2 	338 1 	0 0 	0 0 	
150 1 	166 1 	318 2 	334 2 	338 1 	0 0 	0 0 	
152 1 	166 1 	320 2 	334 2 	338 1 	0 0 	0 0 	
152 1 	167 1 	320 2 	335 2 	338 1 	0 0 	0 0 	
154 1 	167 1 	322 2 	335 2 	338 1 	0 0 	0 0 	
154 1 	168 1 	322 2 	336 2 	338 1 	0 0 	0 0 	
156 1 	168 1 	324 2 	336 2 	338 1 	0 0 	0 0 	
156 1 	324 2 	337 2 	338 1 	0 0 	0 0 	0 0 	
1 1 	3 1 	5 1 	6 1 	0 0 	0 0 	0 0 	0 0 	0 0 	0 0 	0 0 	0 0 	0 0 	0 0 	0 0 	0 0 	0 0 	0 0 	0 0 	0 0 	0 0 	0 0 	0 0 	0 0 	0 0 	
1 1 	2 1 	3 1 	4 1 	0 0 	0 0 	0 0 	0 0 	0 0 	0 0 	0 0 	0 0 	0 0 	0 0 	0 0 	0 0 	0 0 	0 0 	0 0 	0 0 	0 0 	0 0 	0 0 	0 0 	0 0 	
5 1 	6 1 	9 1 	10 1 	0 0 	0 0 	0 0 	0 0 	0 0 	0 0 	0 0 	0 0 	0 0 	0 0 	0 0 	0 0 	0 0 	0 0 	0 0 	0 0 	0 0 	0 0 	0 0 	0 0 	0 0 	
3 1 	4 1 	6 1 	7 1 	10 1 	11 1 	15 1 	16 1 	0 0 	0 0 	0 0 	0 0 	0 0 	0 0 	0 0 	0 0 	0 0 	0 0 	0 0 	0 0 	0 0 	0 0 	0 0 	0 0 	0 0 	
7 1 	8 1 	11 1 	12 1 	0 0 	0 0 	0 0 	0 0 	0 0 	0 0 	0 0 	0 0 	0 0 	0 0 	0 0 	0 0 	0 0 	0 0 	0 0 	0 0 	0 0 	0 0 	0 0 	0 0 	0 0 	
8 1 	12 1 	17 1 	18 1 	0 0 	0 0 	0 0 	0 0 	0 0 	0 0 	0 0 	0 0 	0 0 	0 0 	0 0 	0 0 	0 0 	0 0 	0 0 	0 0 	0 0 	0 0 	0 0 	0 0 	0 0 	
13 1 	19 1 	25 1 	26 1 	0 0 	0 0 	0 0 	0 0 	0 0 	0 0 	0 0 	0 0 	0 0 	0 0 	0 0 	0 0 	0 0 	0 0 	0 0 	0 0 	0 0 	0 0 	0 0 	0 0 	0 0 	
13 1 	14 1 	19 1 	20 1 	0 0 	0 0 	0 0 	0 0 	0 0 	0 0 	0 0 	0 0 	0 0 	0 0 	0 0 	0 0 	0 0 	0 0 	0 0 	0 0 	0 0 	0 0 	0 0 	0 0 	0 0 	
9 1 	10 1 	14 1 	15 1 	20 1 	21 1 	27 1 	28 1 	0 0 	0 0 	0 0 	0 0 	0 0 	0 0 	0 0 	0 0 	0 0 	0 0 	0 0 	0 0 	0 0 	0 0 	0 0 	0 0 	0 0 	
15 1 	16 1 	21 1 	22 1 	0 0 	0 0 	0 0 	0 0 	0 0 	0 0 	0 0 	0 0 	0 0 	0 0 	0 0 	0 0 	0 0 	0 0 	0 0 	0 0 	0 0 	0 0 	0 0 	0 0 	0 0 	
11 1 	12 1 	16 1 	17 1 	22 1 	23 1 	29 1 	30 1 	0 0 	0 0 	0 0 	0 0 	0 0 	0 0 	0 0 	0 0 	0 0 	0 0 	0 0 	0 0 	0 0 	0 0 	0 0 	0 0 	0 0 	
17 1 	18 1 	23 1 	24 1 	0 0 	0 0 	0 0 	0 0 	0 0 	0 0 	0 0 	0 0 	0 0 	0 0 	0 0 	0 0 	0 0 	0 0 	0 0 	0 0 	0 0 	0 0 	0 0 	0 0 	0 0 	
25 1 	26 1 	33 1 	34 1 	0 0 	0 0 	0 0 	0 0 	0 0 	0 0 	0 0 	0 0 	0 0 	0 0 	0 0 	0 0 	0 0 	0 0 	0 0 	0 0 	0 0 	0 0 	0 0 	0 0 	0 0 	
19 1 	20 1 	26 1 	27 1 	34 1 	35 1 	43 1 	44 1 	0 0 	0 0 	0 0 	0 0 	0 0 	0 0 	0 0 	0 0 	0 0 	0 0 	0 0 	0 0 	0 0 	0 0 	0 0 	0 0 	0 0 	
27 1 	28 1 	35 1 	36 1 	0 0 	0 0 	0 0 	0 0 	0 0 	0 0 	0 0 	0 0 	0 0 	0 0 	0 0 	0 0 	0 0 	0 0 	0 0 	0 0 	0 0 	0 0 	0 0 	0 0 	0 0 	
21 1 	22 1 	28 1 	29 1 	36 1 	37 1 	45 1 	46 1 	0 0 	0 0 	0 0 	0 0 	0 0 	0 0 	0 0 	0 0 	0 0 	0 0 	0 0 	0 0 	0 0 	0 0 	0 0 	0 0 	0 0 	
29 1 	30 1 	37 1 	38 1 	0 0 	0 0 	0 0 	0 0 	0 0 	0 0 	0 0 	0 0 	0 0 	0 0 	0 0 	0 0 	0 0 	0 0 	0 0 	0 0 	0 0 	0 0 	0 0 	0 0 	0 0 	
23 1 	24 1 	30 1 	31 1 	38 1 	39 1 	47 1 	48 1 	0 0 	0 0 	0 0 	0 0 	0 0 	0 0 	0 0 	0 0 	0 0 	0 0 	0 0 	0 0 	0 0 	0 0 	0 0 	0 0 	0 0 	
31 1 	32 1 	39 1 	40 1 	0 0 	0 0 	0 0 	0 0 	0 0 	0 0 	0 0 	0 0 	0 0 	0 0 	0 0 	0 0 	0 0 	0 0 	0 0 	0 0 	0 0 	0 0 	0 0 	0 0 	0 0 	
32 1 	40 1 	49 1 	50 1 	0 0 	0 0 	0 0 	0 0 	0 0 	0 0 	0 0 	0 0 	0 0 	0 0 	0 0 	0 0 	0 0 	0 0 	0 0 	0 0 	0 0 	0 0 	0 0 	0 0 	0 0 	
41 1 	51 1 	61 1 	62 1 	0 0 	0 0 	0 0 	0 0 	0 0 	0 0 	0 0 	0 0 	0 0 	0 0 	0 0 	0 0 	0 0 	0 0 	0 0 	0 0 	0 0 	0 0 	0 0 	0 0 	0 0 	
41 1 	42 1 	51 1 	52 1 	0 0 	0 0 	0 0 	0 0 	0 0 	0 0 	0 0 	0 0 	0 0 	0 0 	0 0 	0 0 	0 0 	0 0 	0 0 	0 0 	0 0 	0 0 	0 0 	0 0 	0 0 	
33 1 	34 1 	42 1 	43 1 	52 1 	53 1 	63 1 	64 1 	0 0 	0 0 	0 0 	0 0 	0 0 	0 0 	0 0 	0 0 	0 0 	0 0 	0 0 	0 0 	0 0 	0 0 	0 0 	0 0 	0 0 	
43 1 	44 1 	53 1 	54 1 	0 0 	0 0 	0 0 	0 0 	0 0 	0 0 	0 0 	0 0 	0 0 	0 0 	0 0 	0 0 	0 0 	0 0 	0 0 	0 0 	0 0 	0 0 	0 0 	0 0 	0 0 	
35 1 	36 1 	44 1 	45 1 	54 1 	55 1 	65 1 	66 1 	0 0 	0 0 	0 0 	0 0 	0 0 	0 0 	0 0 	0 0 	0 0 	0 0 	0 0 	0 0 	0 0 	0 0 	0 0 	0 0 	0 0 	
45 1 	46 1 	55 1 	56 1 	0 0 	0 0 	0 0 	0 0 	0 0 	0 0 	0 0 	0 0 	0 0 	0 0 	0 0 	0 0 	0 0 	0 0 	0 0 	0 0 	0 0 	0 0 	0 0 	0 0 	0 0 	
37 1 	38 1 	46 1 	47 1 	56 1 	57 1 	67 1 	68 1 	0 0 	0 0 	0 0 	0 0 	0 0 	0 0 	0 0 	0 0 	0 0 	0 0 	0 0 	0 0 	0 0 	0 0 	0 0 	0 0 	0 0 	
47 1 	48 1 	57 1 	58 1 	0 0 	0 0 	0 0 	0 0 	0 0 	0 0 	0 0 	0 0 	0 0 	0 0 	0 0 	0 0 	0 0 	0 0 	0 0 	0 0 	0 0 	0 0 	0 0 	0 0 	0 0 	
39 1 	40 1 	48 1 	49 1 	58 1 	59 1 	69 1 	70 1 	0 0 	0 0 	0 0 	0 0 	0 0 	0 0 	0 0 	0 0 	0 0 	0 0 	0 0 	0 0 	0 0 	0 0 	0 0 	0 0 	0 0 	
49 1 	50 1 	59 1 	60 1 	0 0 	0 0 	0 0 	0 0 	0 0 	0 0 	0 0 	0 0 	0 0 	0 0 	0 0 	0 0 	0 0 	0 0 	0 0 	0 0 	0 0 	0 0 	0 0 	0 0 	0 0 	
61 1 	62 1 	73 1 	74 1 	0 0 	0 0 	0 0 	0 0 	0 0 	0 0 	0 0 	0 0 	0 0 	0 0 	0 0 	0 0 	0 0 	0 0 	0 0 	0 0 	0 0 	0 0 	0 0 	0 0 	0 0 	
51 1 	52 1 	62 1 	63 1 	74 1 	75 1 	87 1 	88 1 	0 0 	0 0 	0 0 	0 0 	0 0 	0 0 	0 0 	0 0 	0 0 	0 0 	0 0 	0 0 	0 0 	0 0 	0 0 	0 0 	0 0 	
63 1 	64 1 	75 1 	76 1 	0 0 	0 0 	0 0 	0 0 	0 0 	0 0 	0 0 	0 0 	0 0 	0 0 	0 0 	0 0 	0 0 	0 0 	0 0 	0 0 	0 0 	0 0 	0 0 	0 0 	0 0 	
53 1 	54 1 	64 1 	65 1 	76 1 	77 1 	89 1 	90 1 	0 0 	0 0 	0 0 	0 0 	0 0 	0 0 	0 0 	0 0 	0 0 	0 0 	0 0 	0 0 	0 0 	0 0 	0 0 	0 0 	0 0 	
65 1 	66 1 	77 1 	78 1 	0 0 	0 0 	0 0 	0 0 	0 0 	0 0 	0 0 	0 0 	0 0 	0 0 	0 0 	0 0 	0 0 	0 0 	0 0 	0 0 	0 0 	0 0 	0 0 	0 0 	0 0 	
55 1 	56 1 	66 1 	67 1 	78 1 	79 1 	91 1 	92 1 	0 0 	0 0 	0 0 	0 0 	0 0 	0 0 	0 0 	0 0 	0 0 	0 0 	0 0 	0 0 	0 0 	0 0 	0 0 	0 0 	0 0 	
67 1 	68 1 	79 1 	80 1 	0 0 	0 0 	0 0 	0 0 	0 0 	0 0 	0 0 	0 0 	0 0 	0 0 	0 0 	0 0 	0 0 	0 0 	0 0 	0 0 	0 0 	0 0 	0 0 	0 0 	0 0 	
57 1 	58 1 	68 1 	69 1 	80 1 	81 1 	93 1 	94 1 	0 0 	0 0 	0 0 	0 0 	0 0 	0 0 	0 0 	0 0 	0 0 	0 0 	0 0 	0 0 	0 0 	0 0 	0 0 	0 0 	0 0 	
69 1 	70 1 	81 1 	82 1 	0 0 	0 0 	0 0 	0 0 	0 0 	0 0 	0 0 	0 0 	0 0 	0 0 	0 0 	0 0 	0 0 	0 0 	0 0 	0 0 	0 0 	0 0 	0 0 	0 0 	0 0 	
59 1 	60 1 	70 1 	71 1 	82 1 	83 1 	95 1 	96 1 	0 0 	0 0 	0 0 	0 0 	0 0 	0 0 	0 0 	0 0 	0 0 	0 0 	0 0 	0 0 	0 0 	0 0 	0 0 	0 0 	0 0 	
71 1 	72 1 	83 1 	84 1 	0 0 	0 0 	0 0 	0 0 	0 0 	0 0 	0 0 	0 0 	0 0 	0 0 	0 0 	0 0 	0 0 	0 0 	0 0 	0 0 	0 0 	0 0 	0 0 	0 0 	0 0 	
72 1 	84 1 	97 1 	98 1 	0 0 	0 0 	0 0 	0 0 	0 0 	0 0 	0 0 	0 0 	0 0 	0 0 	0 0 	0 0 	0 0 	0 0 	0 0 	0 0 	0 0 	0 0 	0 0 	0 0 	0 0 	
85 1 	99 1 	113 1 	114 1 	0 0 	0 0 	0 0 	0 0 	0 0 	0 0 	0 0 	0 0 	0 0 	0 0 	0 0 	0 0 	0 0 	0 0 	0 0 	0 0 	0 0 	0 0 	0 0 	0 0 	0 0 	
85 1 	86 1 	99 1 	100 1 	0 0 	0 0 	0 0 	0 0 	0 0 	0 0 	0 0 	0 0 	0 0 	0 0 	0 0 	0 0 	0 0 	0 0 	0 0 	0 0 	0 0 	0 0 	0 0 	0 0 	0 0 	
73 1 	74 1 	86 1 	87 1 	100 1 	101 1 	115 1 	116 1 	0 0 	0 0 	0 0 	0 0 	0 0 	0 0 	0 0 	0 0 	0 0 	0 0 	0 0 	0 0 	0 0 	0 0 	0 0 	0 0 	0 0 	
87 1 	88 1 	101 1 	102 1 	0 0 	0 0 	0 0 	0 0 	0 0 	0 0 	0 0 	0 0 	0 0 	0 0 	0 0 	0 0 	0 0 	0 0 	0 0 	0 0 	0 0 	0 0 	0 0 	0 0 	0 0 	
75 1 	76 1 	88 1 	89 1 	102 1 	103 1 	117 1 	118 1 	0 0 	0 0 	0 0 	0 0 	0 0 	0 0 	0 0 	0 0 	0 0 	0 0 	0 0 	0 0 	0 0 	0 0 	0 0 	0 0 	0 0 	
89 1 	90 1 	103 1 	104 1 	0 0 	0 0 	0 0 	0 0 	0 0 	0 0 	0 0 	0 0 	0 0 	0 0 	0 0 	0 0 	0 0 	0 0 	0 0 	0 0 	0 0 	0 0 	0 0 	0 0 	0 0 	
77 1 	78 1 	90 1 	91 1 	104 1 	105 1 	119 1 	120 1 	0 0 	0 0 	0 0 	0 0 	0 0 	0 0 	0 0 	0 0 	0 0 	0 0 	0 0 	0 0 	0 0 	0 0 	0 0 	0 0 	0 0 	
91 1 	92 1 	105 1 	106 1 	0 0 	0 0 	0 0 	0 0 	0 0 	0 0 	0 0 	0 0 	0 0 	0 0 	0 0 	0 0 	0 0 	0 0 	0 0 	0 0 	0 0 	0 0 	0 0 	0 0 	0 0 	
79 1 	80 1 	92 1 	93 1 	106 1 	107 1 	121 1 	122 1 	0 0 	0 0 	0 0 	0 0 	0 0 	0 0 	0 0 	0 0 	0 0 	0 0 	0 0 	0 0 	0 0 	0 0 	0 0 	0 0 	0 0 	
93 1 	94 1 	107 1 	108 1 	0 0 	0 0 	0 0 	0 0 	0 0 	0 0 	0 0 	0 0 	0 0 	0 0 	0 0 	0 0 	0 0 	0 0 	0 0 	0 0 	0 0 	0 0 	0 0 	0 0 	0 0 	
81 1 	82 1 	94 1 	95 1 	108 1 	109 1 	123 1 	124 1 	0 0 	0 0 	0 0 	0 0 	0 0 	0 0 	0 0 	0 0 	0 0 	0 0 	0 0 	0 0 	0 0 	0 0 	0 0 	0 0 	0 0 	
95 1 	96 1 	109 1 	110 1 	0 0 	0 0 	0 0 	0 0 	0 0 	0 0 	0 0 	0 0 	0 0 	0 0 	0 0 	0 0 	0 0 	0 0 	0 0 	0 0 	0 0 	0 0 	0 0 	0 0 	0 0 	
83 1 	84 1 	96 1 	97 1 	110 1 	111 1 	125 1 	126 1 	0 0 	0 0 	0 0 	0 0 	0 0 	0 0 	0 0 	0 0 	0 0 	0 0 	0 0 	0 0 	0 0 	0 0 	0 0 	0 0 	0 0 	
97 1 	98 1 	111 1 	112 1 	0 0 	0 0 	0 0 	0 0 	0 0 	0 0 	0 0 	0 0 	0 0 	0 0 	0 0 	0 0 	0 0 	0 0 	0 0 	0 0 	0 0 	0 0 	0 0 	0 0 	0 0 	
113 1 	114 1 	129 1 	130 1 	0 0 	0 0 	0 0 	0 0 	0 0 	0 0 	0 0 	0 0 	0 0 	0 0 	0 0 	0 0 	0 0 	0 0 	0 0 	0 0 	0 0 	0 0 	0 0 	0 0 	0 0 	
99 1 	100 1 	114 1 	115 1 	130 1 	131 1 	147 1 	148 1 	0 0 	0 0 	0 0 	0 0 	0 0 	0 0 	0 0 	0 0 	0 0 	0 0 	0 0 	0 0 	0 0 	0 0 	0 0 	0 0 	0 0 	
115 1 	116 1 	131 1 	132 1 	0 0 	0 0 	0 0 	0 0 	0 0 	0 0 	0 0 	0 0 	0 0 	0 0 	0 0 	0 0 	0 0 	0 0 	0 0 	0 0 	0 0 	0 0 	0 0 	0 0 	0 0 	
101 1 	102 1 	116 1 	117 1 	132 1 	133 1 	149 1 	150 1 	0 0 	0 0 	0 0 	0 0 	0 0 	0 0 	0 0 	0 0 	0 0 	0 0 	0 0 	0 0 	0 0 	0 0 	0 0 	0 0 	0 0 	
117 1 	118 1 	133 1 	134 1 	0 0 	0 0 	0 0 	0 0 	0 0 	0 0 	0 0 	0 0 	0 0 	0 0 	0 0 	0 0 	0 0 	0 0 	0 0 	0 0 	0 0 	0 0 	0 0 	0 0 	0 0 	
103 1 	104 1 	118 1 	119 1 	134 1 	135 1 	151 1 	152 1 	0 0 	0 0 	0 0 	0 0 	0 0 	0 0 	0 0 	0 0 	0 0 	0 0 	0 0 	0 0 	0 0 	0 0 	0 0 	0 0 	0 0 	
119 1 	120 1 	135 1 	136 1 	0 0 	0 0 	0 0 	0 0 	0 0 	0 0 	0 0 	0 0 	0 0 	0 0 	0 0 	0 0 	0 0 	0 0 	0 0 	0 0 	0 0 	0 0 	0 0 	0 0 	0 0 	
105 1 	106 1 	120 1 	121 1 	136 1 	137 1 	153 1 	154 1 	0 0 	0 0 	0 0 	0 0 	0 0 	0 0 	0 0 	0 0 	0 0 	0 0 	0 0 	0 0 	0 0 	0 0 	0 0 	0 0 	0 0 	
121 1 	122 1 	137 1 	138 1 	0 0 	0 0 	0 0 	0 0 	0 0 	0 0 	0 0 	0 0 	0 0 	0 0 	0 0 	0 0 	0 0 	0 0 	0 0 	0 0 	0 0 	0 0 	0 0 	0 0 	0 0 	
107 1 	108 1 	122 1 	123 1 	138 1 	139 1 	155 1 	156 1 	0 0 	0 0 	0 0 	0 0 	0 0 	0 0 	0 0 	0 0 	0 0 	0 0 	0 0 	0 0 	0 0 	0 0 	0 0 	0 0 	0 0 	
123 1 	124 1 	139 1 	140 1 	0 0 	0 0 	0 0 	0 0 	0 0 	0 0 	0 0 	0 0 	0 0 	0 0 	0 0 	0 0 	0 0 	0 0 	0 0 	0 0 	0 0 	0 0 	0 0 	0 0 	0 0 	
109 1 	110 1 	124 1 	125 1 	140 1 	141 1 	157 1 	158 1 	0 0 	0 0 	0 0 	0 0 	0 0 	0 0 	0 0 	0 0 	0 0 	0 0 	0 0 	0 0 	0 0 	0 0 	0 0 	0 0 	0 0 	
125 1 	126 1 	141 1 	142 1 	0 0 	0 0 	0 0 	0 0 	0 0 	0 0 	0 0 	0 0 	0 0 	0 0 	0 0 	0 0 	0 0 	0 0 	0 0 	0 0 	0 0 	0 0 	0 0 	0 0 	0 0 	
111 1 	112 1 	126 1 	127 1 	142 1 	143 1 	159 1 	160 1 	0 0 	0 0 	0 0 	0 0 	0 0 	0 0 	0 0 	0 0 	0 0 	0 0 	0 0 	0 0 	0 0 	0 0 	0 0 	0 0 	0 0 	
127 1 	128 1 	143 1 	144 1 	0 0 	0 0 	0 0 	0 0 	0 0 	0 0 	0 0 	0 0 	0 0 	0 0 	0 0 	0 0 	0 0 	0 0 	0 0 	0 0 	0 0 	0 0 	0 0 	0 0 	0 0 	
128 1 	144 1 	161 1 	162 1 	0 0 	0 0 	0 0 	0 0 	0 0 	0 0 	0 0 	0 0 	0 0 	0 0 	0 0 	0 0 	0 0 	0 0 	0 0 	0 0 	0 0 	0 0 	0 0 	0 0 	0 0 	
145 1 	163 1 	181 1 	182 1 	0 0 	0 0 	0 0 	0 0 	0 0 	0 0 	0 0 	0 0 	0 0 	0 0 	0 0 	0 0 	0 0 	0 0 	0 0 	0 0 	0 0 	0 0 	0 0 	0 0 	0 0 	
145 1 	146 1 	163 1 	164 1 	0 0 	0 0 	0 0 	0 0 	0 0 	0 0 	0 0 	0 0 	0 0 	0 0 	0 0 	0 0 	0 0 	0 0 	0 0 	0 0 	0 0 	0 0 	0 0 	0 0 	0 0 	
129 1 	130 1 	146 1 	147 1 	164 1 	165 1 	183 1 	184 1 	0 0 	0 0 	0 0 	0 0 	0 0 	0 0 	0 0 	0 0 	0 0 	0 0 	0 0 	0 0 	0 0 	0 0 	0 0 	0 0 	0 0 	
147 1 	148 1 	165 1 	166 1 	0 0 	0 0 	0 0 	0 0 	0 0 	0 0 	0 0 	0 0 	0 0 	0 0 	0 0 	0 0 	0 0 	0 0 	0 0 	0 0 	0 0 	0 0 	0 0 	0 0 	0 0 	
131 1 	132 1 	148 1 	149 1 	166 1 	167 1 	185 1 	186 1 	0 0 	0 0 	0 0 	0 0 	0 0 	0 0 	0 0 	0 0 	0 0 	0 0 	0 0 	0 0 	0 0 	0 0 	0 0 	0 0 	0 0 	
149 1 	150 1 	167 1 	168 1 	0 0 	0 0 	0 0 	0 0 	0 0 	0 0 	0 0 	0 0 	0 0 	0 0 	0 0 	0 0 	0 0 	0 0 	0 0 	0 0 	0 0 	0 0 	0 0 	0 0 	0 0 	
133 1 	134 1 	150 1 	151 1 	168 1 	169 1 	187 1 	188 1 	0 0 	0 0 	0 0 	0 0 	0 0 	0 0 	0 0 	0 0 	0 0 	0 0 	0 0 	0 0 	0 0 	0 0 	0 0 	0 0 	0 0 	
151 1 	152 1 	169 1 	170 1 	0 0 	0 0 	0 0 	0 0 	0 0 	0 0 	0 0 	0 0 	0 0 	0 0 	0 0 	0 0 	0 0 	0 0 	0 0 	0 0 	0 0 	0 0 	0 0 	0 0 	0 0 	
135 1 	136 1 	152 1 	153 1 	170 1 	171 1 	189 1 	190 1 	0 0 	0 0 	0 0 	0 0 	0 0 	0 0 	0 0 	0 0 	0 0 	0 0 	0 0 	0 0 	0 0 	0 0 	0 0 	0 0 	0 0 	
153 1 	154 1 	171 1 	172 1 	0 0 	0 0 	0 0 	0 0 	0 0 	0 0 	0 0 	0 0 	0 0 	0 0 	0 0 	0 0 	0 0 	0 0 	0 0 	0 0 	0 0 	0 0 	0 0 	0 0 	0 0 	
137 1 	138 1 	154 1 	155 1 	172 1 	173 1 	191 1 	192 1 	0 0 	0 0 	0 0 	0 0 	0 0 	0 0 	0 0 	0 0 	0 0 	0 0 	0 0 	0 0 	0 0 	0 0 	0 0 	0 0 	0 0 	
155 1 	156 1 	173 1 	174 1 	0 0 	0 0 	0 0 	0 0 	0 0 	0 0 	0 0 	0 0 	0 0 	0 0 	0 0 	0 0 	0 0 	0 0 	0 0 	0 0 	0 0 	0 0 	0 0 	0 0 	0 0 	
139 1 	140 1 	156 1 	157 1 	174 1 	175 1 	193 1 	194 1 	0 0 	0 0 	0 0 	0 0 	0 0 	0 0 	0 0 	0 0 	0 0 	0 0 	0 0 	0 0 	0 0 	0 0 	0 0 	0 0 	0 0 	
157 1 	158 1 	175 1 	176 1 	0 0 	0 0 	0 0 	0 0 	0 0 	0 0 	0 0 	0 0 	0 0 	0 0 	0 0 	0 0 	0 0 	0 0 	0 0 	0 0 	0 0 	0 0 	0 0 	0 0 	0 0 	
141 1 	142 1 	158 1 	159 1 	176 1 	177 1 	195 1 	196 1 	0 0 	0 0 	0 0 	0 0 	0 0 	0 0 	0 0 	0 0 	0 0 	0 0 	0 0 	0 0 	0 0 	0 0 	0 0 	0 0 	0 0 	
159 1 	160 1 	177 1 	178 1 	0 0 	0 0 	0 0 	0 0 	0 0 	0 0 	0 0 	0 0 	0 0 	0 0 	0 0 	0 0 	0 0 	0 0 	0 0 	0 0 	0 0 	0 0 	0 0 	0 0 	0 0 	
143 1 	144 1 	160 1 	161 1 	178 1 	179 1 	197 1 	198 1 	0 0 	0 0 	0 0 	0 0 	0 0 	0 0 	0 0 	0 0 	0 0 	0 0 	0 0 	0 0 	0 0 	0 0 	0 0 	0 0 	0 0 	
161 1 	162 1 	179 1 	180 1 	0 0 	0 0 	0 0 	0 0 	0 0 	0 0 	0 0 	0 0 	0 0 	0 0 	0 0 	0 0 	0 0 	0 0 	0 0 	0 0 	0 0 	0 0 	0 0 	0 0 	0 0 	
181 1 	182 1 	201 1 	202 1 	0 0 	0 0 	0 0 	0 0 	0 0 	0 0 	0 0 	0 0 	0 0 	0 0 	0 0 	0 0 	0 0 	0 0 	0 0 	0 0 	0 0 	0 0 	0 0 	0 0 	0 0 	
163 1 	164 1 	182 1 	183 1 	202 1 	203 1 	223 1 	224 1 	0 0 	0 0 	0 0 	0 0 	0 0 	0 0 	0 0 	0 0 	0 0 	0 0 	0 0 	0 0 	0 0 	0 0 	0 0 	0 0 	0 0 	
183 1 	184 1 	203 1 	204 1 	0 0 	0 0 	0 0 	0 0 	0 0 	0 0 	0 0 	0 0 	0 0 	0 0 	0 0 	0 0 	0 0 	0 0 	0 0 	0 0 	0 0 	0 0 	0 0 	0 0 	0 0 	
165 1 	166 1 	184 1 	185 1 	204 1 	205 1 	225 1 	226 1 	0 0 	0 0 	0 0 	0 0 	0 0 	0 0 	0 0 	0 0 	0 0 	0 0 	0 0 	0 0 	0 0 	0 0 	0 0 	0 0 	0 0 	
185 1 	186 1 	205 1 	206 1 	0 0 	0 0 	0 0 	0 0 	0 0 	0 0 	0 0 	0 0 	0 0 	0 0 	0 0 	0 0 	0 0 	0 0 	0 0 	0 0 	0 0 	0 0 	0 0 	0 0 	0 0 	
167 1 	168 1 	186 1 	187 1 	206 1 	207 1 	227 1 	228 1 	0 0 	0 0 	0 0 	0 0 	0 0 	0 0 	0 0 	0 0 	0 0 	0 0 	0 0 	0 0 	0 0 	0 0 	0 0 	0 0 	0 0 	
187 1 	188 1 	207 1 	208 1 	0 0 	0 0 	0 0 	0 0 	0 0 	0 0 	0 0 	0 0 	0 0 	0 0 	0 0 	0 0 	0 0 	0 0 	0 0 	0 0 	0 0 	0 0 	0 0 	0 0 	0 0 	
169 1 	170 1 	188 1 	189 1 	208 1 	209 1 	229 1 	230 1 	0 0 	0 0 	0 0 	0 0 	0 0 	0 0 	0 0 	0 0 	0 0 	0 0 	0 0 	0 0 	0 0 	0 0 	0 0 	0 0 	0 0 	
189 1 	190 1 	209 1 	210 1 	0 0 	0 0 	0 0 	0 0 	0 0 	0 0 	0 0 	0 0 	0 0 	0 0 	0 0 	0 0 	0 0 	0 0 	0 0 	0 0 	0 0 	0 0 	0 0 	0 0 	0 0 	
171 1 	172 1 	190 1 	191 1 	210 1 	211 1 	231 1 	232 1 	0 0 	0 0 	0 0 	0 0 	0 0 	0 0 	0 0 	0 0 	0 0 	0 0 	0 0 	0 0 	0 0 	0 0 	0 0 	0 0 	0 0 	
191 1 	192 1 	211 1 	212 1 	0 0 	0 0 	0 0 	0 0 	0 0 	0 0 	0 0 	0 0 	0 0 	0 0 	0 0 	0 0 	0 0 	0 0 	0 0 	0 0 	0 0 	0 0 	0 0 	0 0 	0 0 	
173 1 	174 1 	192 1 	193 1 	212 1 	213 1 	233 1 	234 1 	0 0 	0 0 	0 0 	0 0 	0 0 	0 0 	0 0 	0 0 	0 0 	0 0 	0 0 	0 0 	0 0 	0 0 	0 0 	0 0 	0 0 	
193 1 	194 1 	213 1 	214 1 	0 0 	0 0 	0 0 	0 0 	0 0 	0 0 	0 0 	0 0 	0 0 	0 0 	0 0 	0 0 	0 0 	0 0 	0 0 	0 0 	0 0 	0 0 	0 0 	0 0 	0 0 	
175 1 	176 1 	194 1 	195 1 	214 1 	215 1 	235 1 	236 1 	0 0 	0 0 	0 0 	0 0 	0 0 	0 0 	0 0 	0 0 	0 0 	0 0 	0 0 	0 0 	0 0 	0 0 	0 0 	0 0 	0 0 	
195 1 	196 1 	215 1 	216 1 	0 0 	0 0 	0 0 	0 0 	0 0 	0 0 	0 0 	0 0 	0 0 	0 0 	0 0 	0 0 	0 0 	0 0 	0 0 	0 0 	0 0 	0 0 	0 0 	0 0 	0 0 	
177 1 	178 1 	196 1 	197 1 	216 1 	217 1 	237 1 	238 1 	0 0 	0 0 	0 0 	0 0 	0 0 	0 0 	0 0 	0 0 	0 0 	0 0 	0 0 	0 0 	0 0 	0 0 	0 0 	0 0 	0 0 	
197 1 	198 1 	217 1 	218 1 	0 0 	0 0 	0 0 	0 0 	0 0 	0 0 	0 0 	0 0 	0 0 	0 0 	0 0 	0 0 	0 0 	0 0 	0 0 	0 0 	0 0 	0 0 	0 0 	0 0 	0 0 	
179 1 	180 1 	198 1 	199 1 	218 1 	219 1 	239 1 	240 1 	0 0 	0 0 	0 0 	0 0 	0 0 	0 0 	0 0 	0 0 	0 0 	0 0 	0 0 	0 0 	0 0 	0 0 	0 0 	0 0 	0 0 	
199 1 	200 1 	219 1 	220 1 	0 0 	0 0 	0 0 	0 0 	0 0 	0 0 	0 0 	0 0 	0 0 	0 0 	0 0 	0 0 	0 0 	0 0 	0 0 	0 0 	0 0 	0 0 	0 0 	0 0 	0 0 	
200 1 	220 1 	241 1 	242 1 	0 0 	0 0 	0 0 	0 0 	0 0 	0 0 	0 0 	0 0 	0 0 	0 0 	0 0 	0 0 	0 0 	0 0 	0 0 	0 0 	0 0 	0 0 	0 0 	0 0 	0 0 	
221 1 	243 1 	265 1 	266 1 	0 0 	0 0 	0 0 	0 0 	0 0 	0 0 	0 0 	0 0 	0 0 	0 0 	0 0 	0 0 	0 0 	0 0 	0 0 	0 0 	0 0 	0 0 	0 0 	0 0 	0 0 	
221 1 	222 1 	243 1 	244 1 	0 0 	0 0 	0 0 	0 0 	0 0 	0 0 	0 0 	0 0 	0 0 	0 0 	0 0 	0 0 	0 0 	0 0 	0 0 	0 0 	0 0 	0 0 	0 0 	0 0 	0 0 	
201 1 	202 1 	222 1 	223 1 	244 1 	245 1 	267 1 	268 1 	0 0 	0 0 	0 0 	0 0 	0 0 	0 0 	0 0 	0 0 	0 0 	0 0 	0 0 	0 0 	0 0 	0 0 	0 0 	0 0 	0 0 	
223 1 	224 1 	245 1 	246 1 	0 0 	0 0 	0 0 	0 0 	0 0 	0 0 	0 0 	0 0 	0 0 	0 0 	0 0 	0 0 	0 0 	0 0 	0 0 	0 0 	0 0 	0 0 	0 0 	0 0 	0 0 	
203 1 	204 1 	224 1 	225 1 	246 1 	247 1 	269 1 	270 1 	0 0 	0 0 	0 0 	0 0 	0 0 	0 0 	0 0 	0 0 	0 0 	0 0 	0 0 	0 0 	0 0 	0 0 	0 0 	0 0 	0 0 	
225 1 	226 1 	247 1 	248 1 	0 0 	0 0 	0 0 	0 0 	0 0 	0 0 	0 0 	0 0 	0 0 	0 0 	0 0 	0 0 	0 0 	0 0 	0 0 	0 0 	0 0 	0 0 	0 0 	0 0 	0 0 	
205 1 	206 1 	226 1 	227 1 	248 1 	249 1 	271 1 	272 1 	0 0 	0 0 	0 0 	0 0 	0 0 	0 0 	0 0 	0 0 	0 0 	0 0 	0 0 	0 0 	0 0 	0 0 	0 0 	0 0 	0 0 	
227 1 	228 1 	249 1 	250 1 	0 0 	0 0 	0 0 	0 0 	0 0 	0 0 	0 0 	0 0 	0 0 	0 0 	0 0 	0 0 	0 0 	0 0 	0 0 	0 0 	0 0 	0 0 	0 0 	0 0 	0 0 	
207 1 	208 1 	228 1 	229 1 	250 1 	251 1 	273 1 	274 1 	0 0 	0 0 	0 0 	0 0 	0 0 	0 0 	0 0 	0 0 	0 0 	0 0 	0 0 	0 0 	0 0 	0 0 	0 0 	0 0 	0 0 	
229 1 	230 1 	251 1 	252 1 	0 0 	0 0 	0 0 	0 0 	0 0 	0 0 	0 0 	0 0 	0 0 	0 0 	0 0 	0 0 	0 0 	0 0 	0 0 	0 0 	0 0 	0 0 	0 0 	0 0 	0 0 	
209 1 	210 1 	230 1 	231 1 	252 1 	253 1 	275 1 	276 1 	0 0 	0 0 	0 0 	0 0 	0 0 	0 0 	0 0 	0 0 	0 0 	0 0 	0 0 	0 0 	0 0 	0 0 	0 0 	0 0 	0 0 	
231 1 	232 1 	253 1 	254 1 	0 0 	0 0 	0 0 	0 0 	0 0 	0 0 	0 0 	0 0 	0 0 	0 0 	0 0 	0 0 	0 0 	0 0 	0 0 	0 0 	0 0 	0 0 	0 0 	0 0 	0 0 	
211 1 	212 1 	232 1 	233 1 	254 1 	255 1 	277 1 	278 1 	0 0 	0 0 	0 0 	0 0 	0 0 	0 0 	0 0 	0 0 	0 0 	0 0 	0 0 	0 0 	0 0 	0 0 	0 0 	0 0 	0 0 	
233 1 	234 1 	255 1 	256 1 	0 0 	0 0 	0 0 	0 0 	0 0 	0 0 	0 0 	0 0 	0 0 	0 0 	0 0 	0 0 	0 0 	0 0 	0 0 	0 0 	0 0 	0 0 	0 0 	0 0 	0 0 	
213 1 	214 1 	234 1 	235 1 	256 1 	257 1 	279 1 	280 1 	0 0 	0 0 	0 0 	0 0 	0 0 	0 0 	0 0 	0 0 	0 0 	0 0 	0 0 	0 0 	0 0 	0 0 	0 0 	0 0 	0 0 	
235 1 	236 1 	257 1 	258 1 	0 0 	0 0 	0 0 	0 0 	0 0 	0 0 	0 0 	0 0 	0 0 	0 0 	0 0 	0 0 	0 0 	0 0 	0 0 	0 0 	0 0 	0 0 	0 0 	0 0 	0 0 	
215 1 	216 1 	236 1 	237 1 	258 1 	259 1 	281 1 	282 1 	0 0 	0 0 	0 0 	0 0 	0 0 	0 0 	0 0 	0 0 	0 0 	0 0 	0 0 	0 0 	0 0 	0 0 	0 0 	0 0 	0 0 	
237 1 	238 1 	259 1 	260 1 	0 0 	0 0 	0 0 	0 0 	0 0 	0 0 	0 0 	0 0 	0 0 	0 0 	0 0 	0 0 	0 0 	0 0 	0 0 	0 0 	0 0 	0 0 	0 0 	0 0 	0 0 	
217 1 	218 1 	238 1 	239 1 	260 1 	261 1 	283 1 	284 1 	0 0 	0 0 	0 0 	0 0 	0 0 	0 0 	0 0 	0 0 	0 0 	0 0 	0 0 	0 0 	0 0 	0 0 	0 0 	0 0 	0 0 	
239 1 	240 1 	261 1 	262 1 	0 0 	0 0 	0 0 	0 0 	0 0 	0 0 	0 0 	0 0 	0 0 	0 0 	0 0 	0 0 	0 0 	0 0 	0 0 	0 0 	0 0 	0 0 	0 0 	0 0 	0 0 	
219 1 	220 1 	240 1 	241 1 	262 1 	263 1 	285 1 	286 1 	0 0 	0 0 	0 0 	0 0 	0 0 	0 0 	0 0 	0 0 	0 0 	0 0 	0 0 	0 0 	0 0 	0 0 	0 0 	0 0 	0 0 	
241 1 	242 1 	263 1 	264 1 	0 0 	0 0 	0 0 	0 0 	0 0 	0 0 	0 0 	0 0 	0 0 	0 0 	0 0 	0 0 	0 0 	0 0 	0 0 	0 0 	0 0 	0 0 	0 0 	0 0 	0 0 	
265 1 	266 1 	289 1 	290 1 	0 0 	0 0 	0 0 	0 0 	0 0 	0 0 	0 0 	0 0 	0 0 	0 0 	0 0 	0 0 	0 0 	0 0 	0 0 	0 0 	0 0 	0 0 	0 0 	0 0 	0 0 	
243 1 	244 1 	266 1 	267 1 	290 1 	291 1 	314 1 	315 1 	0 0 	0 0 	0 0 	0 0 	0 0 	0 0 	0 0 	0 0 	0 0 	0 0 	0 0 	0 0 	0 0 	0 0 	0 0 	0 0 	0 0 	
267 1 	268 1 	291 1 	292 1 	0 0 	0 0 	0 0 	0 0 	0 0 	0 0 	0 0 	0 0 	0 0 	0 0 	0 0 	0 0 	0 0 	0 0 	0 0 	0 0 	0 0 	0 0 	0 0 	0 0 	0 0 	
245 1 	246 1 	268 1 	269 1 	292 1 	293 1 	316 1 	317 1 	0 0 	0 0 	0 0 	0 0 	0 0 	0 0 	0 0 	0 0 	0 0 	0 0 	0 0 	0 0 	0 0 	0 0 	0 0 	0 0 	0 0 	
269 1 	270 1 	293 1 	294 1 	0 0 	0 0 	0 0 	0 0 	0 0 	0 0 	0 0 	0 0 	0 0 	0 0 	0 0 	0 0 	0 0 	0 0 	0 0 	0 0 	0 0 	0 0 	0 0 	0 0 	0 0 	
247 1 	248 1 	270 1 	271 1 	294 1 	295 1 	318 1 	319 1 	0 0 	0 0 	0 0 	0 0 	0 0 	0 0 	0 0 	0 0 	0 0 	0 0 	0 0 	0 0 	0 0 	0 0 	0 0 	0 0 	0 0 	
271 1 	272 1 	295 1 	296 1 	0 0 	0 0 	0 0 	0 0 	0 0 	0 0 	0 0 	0 0 	0 0 	0 0 	0 0 	0 0 	0 0 	0 0 	0 0 	0 0 	0 0 	0 0 	0 0 	0 0 	0 0 	
249 1 	250 1 	272 1 	273 1 	296 1 	297 1 	320 1 	321 1 	0 0 	0 0 	0 0 	0 0 	0 0 	0 0 	0 0 	0 0 	0 0 	0 0 	0 0 	0 0 	0 0 	0 0 	0 0 	0 0 	0 0 	
273 1 	274 1 	297 1 	298 1 	0 0 	0 0 	0 0 	0 0 	0 0 	0 0 	0 0 	0 0 	0 0 	0 0 	0 0 	0 0 	0 0 	0 0 	0 0 	0 0 	0 0 	0 0 	0 0 	0 0 	0 0 	
251 1 	252 1 	274 1 	275 1 	298 1 	299 1 	322 1 	323 1 	0 0 	0 0 	0 0 	0 0 	0 0 	0 0 	0 0 	0 0 	0 0 	0 0 	0 0 	0 0 	0 0 	0 0 	0 0 	0 0 	0 0 	
275 1 	276 1 	299 1 	300 1 	0 0 	0 0 	0 0 	0 0 	0 0 	0 0 	0 0 	0 0 	0 0 	0 0 	0 0 	0 0 	0 0 	0 0 	0 0 	0 0 	0 0 	0 0 	0 0 	0 0 	0 0 	
253 1 	254 1 	276 1 	277 1 	300 1 	301 1 	324 1 	325 1 	0 0 	0 0 	0 0 	0 0 	0 0 	0 0 	0 0 	0 0 	0 0 	0 0 	0 0 	0 0 	0 0 	0 0 	0 0 	0 0 	0 0 	
277 1 	278 1 	301 1 	302 1 	0 0 	0 0 	0 0 	0 0 	0 0 	0 0 	0 0 	0 0 	0 0 	0 0 	0 0 	0 0 	0 0 	0 0 	0 0 	0 0 	0 0 	0 0 	0 0 	0 0 	0 0 	
255 1 	256 1 	278 1 	279 1 	302 1 	303 1 	326 1 	327 1 	0 0 	0 0 	0 0 	0 0 	0 0 	0 0 	0 0 	0 0 	0 0 	0 0 	0 0 	0 0 	0 0 	0 0 	0 0 	0 0 	0 0 	
279 1 	280 1 	303 1 	304 1 	0 0 	0 0 	0 0 	0 0 	0 0 	0 0 	0 0 	0 0 	0 0 	0 0 	0 0 	0 0 	0 0 	0 0 	0 0 	0 0 	0 0 	0 0 	0 0 	0 0 	0 0 	
257 1 	258 1 	280 1 	281 1 	304 1 	305 1 	328 1 	329 1 	0 0 	0 0 	0 0 	0 0 	0 0 	0 0 	0 0 	0 0 	0 0 	0 0 	0 0 	0 0 	0 0 	0 0 	0 0 	0 0 	0 0 	
281 1 	282 1 	305 1 	306 1 	0 0 	0 0 	0 0 	0 0 	0 0 	0 0 	0 0 	0 0 	0 0 	0 0 	0 0 	0 0 	0 0 	0 0 	0 0 	0 0 	0 0 	0 0 	0 0 	0 0 	0 0 	
259 1 	260 1 	282 1 	283 1 	306 1 	307 1 	330 1 	331 1 	0 0 	0 0 	0 0 	0 0 	0 0 	0 0 	0 0 	0 0 	0 0 	0 0 	0 0 	0 0 	0 0 	0 0 	0 0 	0 0 	0 0 	
283 1 	284 1 	307 1 	308 1 	0 0 	0 0 	0 0 	0 0 	0 0 	0 0 	0 0 	0 0 	0 0 	0 0 	0 0 	0 0 	0 0 	0 0 	0 0 	0 0 	0 0 	0 0 	0 0 	0 0 	0 0 	
261 1 	262 1 	284 1 	285 1 	308 1 	309 1 	332 1 	333 1 	0 0 	0 0 	0 0 	0 0 	0 0 	0 0 	0 0 	0 0 	0 0 	0 0 	0 0 	0 0 	0 0 	0 0 	0 0 	0 0 	0 0 	
285 1 	286 1 	309 1 	310 1 	0 0 	0 0 	0 0 	0 0 	0 0 	0 0 	0 0 	0 0 	0 0 	0 0 	0 0 	0 0 	0 0 	0 0 	0 0 	0 0 	0 0 	0 0 	0 0 	0 0 	0 0 	
263 1 	264 1 	286 1 	287 1 	310 1 	311 1 	334 1 	335 1 	0 0 	0 0 	0 0 	0 0 	0 0 	0 0 	0 0 	0 0 	0 0 	0 0 	0 0 	0 0 	0 0 	0 0 	0 0 	0 0 	0 0 	
287 1 	288 1 	311 1 	312 1 	0 0 	0 0 	0 0 	0 0 	0 0 	0 0 	0 0 	0 0 	0 0 	0 0 	0 0 	0 0 	0 0 	0 0 	0 0 	0 0 	0 0 	0 0 	0 0 	0 0 	0 0 	
288 1 	312 1 	336 1 	337 1 	0 0 	0 0 	0 0 	0 0 	0 0 	0 0 	0 0 	0 0 	0 0 	0 0 	0 0 	0 0 	0 0 	0 0 	0 0 	0 0 	0 0 	0 0 	0 0 	0 0 	0 0 	
289 1 	290 1 	313 1 	314 1 	0 0 	0 0 	0 0 	0 0 	0 0 	0 0 	0 0 	0 0 	0 0 	0 0 	0 0 	0 0 	0 0 	0 0 	0 0 	0 0 	0 0 	0 0 	0 0 	0 0 	0 0 	
291 1 	292 1 	315 1 	316 1 	0 0 	0 0 	0 0 	0 0 	0 0 	0 0 	0 0 	0 0 	0 0 	0 0 	0 0 	0 0 	0 0 	0 0 	0 0 	0 0 	0 0 	0 0 	0 0 	0 0 	0 0 	
293 1 	294 1 	317 1 	318 1 	0 0 	0 0 	0 0 	0 0 	0 0 	0 0 	0 0 	0 0 	0 0 	0 0 	0 0 	0 0 	0 0 	0 0 	0 0 	0 0 	0 0 	0 0 	0 0 	0 0 	0 0 	
295 1 	296 1 	319 1 	320 1 	0 0 	0 0 	0 0 	0 0 	0 0 	0 0 	0 0 	0 0 	0 0 	0 0 	0 0 	0 0 	0 0 	0 0 	0 0 	0 0 	0 0 	0 0 	0 0 	0 0 	0 0 	
297 1 	298 1 	321 1 	322 1 	0 0 	0 0 	0 0 	0 0 	0 0 	0 0 	0 0 	0 0 	0 0 	0 0 	0 0 	0 0 	0 0 	0 0 	0 0 	0 0 	0 0 	0 0 	0 0 	0 0 	0 0 	
299 1 	300 1 	323 1 	324 1 	0 0 	0 0 	0 0 	0 0 	0 0 	0 0 	0 0 	0 0 	0 0 	0 0 	0 0 	0 0 	0 0 	0 0 	0 0 	0 0 	0 0 	0 0 	0 0 	0 0 	0 0 	
301 1 	302 1 	325 1 	326 1 	0 0 	0 0 	0 0 	0 0 	0 0 	0 0 	0 0 	0 0 	0 0 	0 0 	0 0 	0 0 	0 0 	0 0 	0 0 	0 0 	0 0 	0 0 	0 0 	0 0 	0 0 	
303 1 	304 1 	327 1 	328 1 	0 0 	0 0 	0 0 	0 0 	0 0 	0 0 	0 0 	0 0 	0 0 	0 0 	0 0 	0 0 	0 0 	0 0 	0 0 	0 0 	0 0 	0 0 	0 0 	0 0 	0 0 	
305 1 	306 1 	329 1 	330 1 	0 0 	0 0 	0 0 	0 0 	0 0 	0 0 	0 0 	0 0 	0 0 	0 0 	0 0 	0 0 	0 0 	0 0 	0 0 	0 0 	0 0 	0 0 	0 0 	0 0 	0 0 	
307 1 	308 1 	331 1 	332 1 	0 0 	0 0 	0 0 	0 0 	0 0 	0 0 	0 0 	0 0 	0 0 	0 0 	0 0 	0 0 	0 0 	0 0 	0 0 	0 0 	0 0 	0 0 	0 0 	0 0 	0 0 	
309 1 	310 1 	333 1 	334 1 	0 0 	0 0 	0 0 	0 0 	0 0 	0 0 	0 0 	0 0 	0 0 	0 0 	0 0 	0 0 	0 0 	0 0 	0 0 	0 0 	0 0 	0 0 	0 0 	0 0 	0 0 	
311 1 	312 1 	335 1 	336 1 	0 0 	0 0 	0 0 	0 0 	0 0 	0 0 	0 0 	0 0 	0 0 	0 0 	0 0 	0 0 	0 0 	0 0 	0 0 	0 0 	0 0 	0 0 	0 0 	0 0 	0 0 	
1 2 	3 2 	5 2 	6 2 	0 0 	0 0 	0 0 	0 0 	0 0 	0 0 	0 0 	0 0 	0 0 	0 0 	0 0 	0 0 	0 0 	0 0 	0 0 	0 0 	0 0 	0 0 	0 0 	0 0 	0 0 	
1 2 	2 2 	3 2 	4 2 	0 0 	0 0 	0 0 	0 0 	0 0 	0 0 	0 0 	0 0 	0 0 	0 0 	0 0 	0 0 	0 0 	0 0 	0 0 	0 0 	0 0 	0 0 	0 0 	0 0 	0 0 	
5 2 	6 2 	9 2 	10 2 	0 0 	0 0 	0 0 	0 0 	0 0 	0 0 	0 0 	0 0 	0 0 	0 0 	0 0 	0 0 	0 0 	0 0 	0 0 	0 0 	0 0 	0 0 	0 0 	0 0 	0 0 	
3 2 	4 2 	6 2 	7 2 	10 2 	11 2 	15 2 	16 2 	0 0 	0 0 	0 0 	0 0 	0 0 	0 0 	0 0 	0 0 	0 0 	0 0 	0 0 	0 0 	0 0 	0 0 	0 0 	0 0 	0 0 	
7 2 	8 2 	11 2 	12 2 	0 0 	0 0 	0 0 	0 0 	0 0 	0 0 	0 0 	0 0 	0 0 	0 0 	0 0 	0 0 	0 0 	0 0 	0 0 	0 0 	0 0 	0 0 	0 0 	0 0 	0 0 	
8 2 	12 2 	17 2 	18 2 	0 0 	0 0 	0 0 	0 0 	0 0 	0 0 	0 0 	0 0 	0 0 	0 0 	0 0 	0 0 	0 0 	0 0 	0 0 	0 0 	0 0 	0 0 	0 0 	0 0 	0 0 	
13 2 	19 2 	25 2 	26 2 	0 0 	0 0 	0 0 	0 0 	0 0 	0 0 	0 0 	0 0 	0 0 	0 0 	0 0 	0 0 	0 0 	0 0 	0 0 	0 0 	0 0 	0 0 	0 0 	0 0 	0 0 	
13 2 	14 2 	19 2 	20 2 	0 0 	0 0 	0 0 	0 0 	0 0 	0 0 	0 0 	0 0 	0 0 	0 0 	0 0 	0 0 	0 0 	0 0 	0 0 	0 0 	0 0 	0 0 	0 0 	0 0 	0 0 	
9 2 	10 2 	14 2 	15 2 	20 2 	21 2 	27 2 	28 2 	0 0 	0 0 	0 0 	0 0 	0 0 	0 0 	0 0 	0 0 	0 0 	0 0 	0 0 	0 0 	0 0 	0 0 	0 0 	0 0 	0 0 	
15 2 	16 2 	21 2 	22 2 	0 0 	0 0 	0 0 	0 0 	0 0 	0 0 	0 0 	0 0 	0 0 	0 0 	0 0 	0 0 	0 0 	0 0 	0 0 	0 0 	0 0 	0 0 	0 0 	0 0 	0 0 	
11 2 	12 2 	16 2 	17 2 	22 2 	23 2 	29 2 	30 2 	0 0 	0 0 	0 0 	0 0 	0 0 	0 0 	0 0 	0 0 	0 0 	0 0 	0 0 	0 0 	0 0 	0 0 	0 0 	0 0 	0 0 	
17 2 	18 2 	23 2 	24 2 	0 0 	0 0 	0 0 	0 0 	0 0 	0 0 	0 0 	0 0 	0 0 	0 0 	0 0 	0 0 	0 0 	0 0 	0 0 	0 0 	0 0 	0 0 	0 0 	0 0 	0 0 	
25 2 	26 2 	33 2 	34 2 	0 0 	0 0 	0 0 	0 0 	0 0 	0 0 	0 0 	0 0 	0 0 	0 0 	0 0 	0 0 	0 0 	0 0 	0 0 	0 0 	0 0 	0 0 	0 0 	0 0 	0 0 	
19 2 	20 2 	26 2 	27 2 	34 2 	35 2 	43 2 	44 2 	0 0 	0 0 	0 0 	0 0 	0 0 	0 0 	0 0 	0 0 	0 0 	0 0 	0 0 	0 0 	0 0 	0 0 	0 0 	0 0 	0 0 	
27 2 	28 2 	35 2 	36 2 	0 0 	0 0 	0 0 	0 0 	0 0 	0 0 	0 0 	0 0 	0 0 	0 0 	0 0 	0 0 	0 0 	0 0 	0 0 	0 0 	0 0 	0 0 	0 0 	0 0 	0 0 	
21 2 	22 2 	28 2 	29 2 	36 2 	37 2 	45 2 	46 2 	0 0 	0 0 	0 0 	0 0 	0 0 	0 0 	0 0 	0 0 	0 0 	0 0 	0 0 	0 0 	0 0 	0 0 	0 0 	0 0 	0 0 	
29 2 	30 2 	37 2 	38 2 	0 0 	0 0 	0 0 	0 0 	0 0 	0 0 	0 0 	0 0 	0 0 	0 0 	0 0 	0 0 	0 0 	0 0 	0 0 	0 0 	0 0 	0 0 	0 0 	0 0 	0 0 	
23 2 	24 2 	30 2 	31 2 	38 2 	39 2 	47 2 	48 2 	0 0 	0 0 	0 0 	0 0 	0 0 	0 0 	0 0 	0 0 	0 0 	0 0 	0 0 	0 0 	0 0 	0 0 	0 0 	0 0 	0 0 	
31 2 	32 2 	39 2 	40 2 	0 0 	0 0 	0 0 	0 0 	0 0 	0 0 	0 0 	0 0 	0 0 	0 0 	0 0 	0 0 	0 0 	0 0 	0 0 	0 0 	0 0 	0 0 	0 0 	0 0 	0 0 	
32 2 	40 2 	49 2 	50 2 	0 0 	0 0 	0 0 	0 0 	0 0 	0 0 	0 0 	0 0 	0 0 	0 0 	0 0 	0 0 	0 0 	0 0 	0 0 	0 0 	0 0 	0 0 	0 0 	0 0 	0 0 	
41 2 	51 2 	61 2 	62 2 	0 0 	0 0 	0 0 	0 0 	0 0 	0 0 	0 0 	0 0 	0 0 	0 0 	0 0 	0 0 	0 0 	0 0 	0 0 	0 0 	0 0 	0 0 	0 0 	0 0 	0 0 	
41 2 	42 2 	51 2 	52 2 	0 0 	0 0 	0 0 	0 0 	0 0 	0 0 	0 0 	0 0 	0 0 	0 0 	0 0 	0 0 	0 0 	0 0 	0 0 	0 0 	0 0 	0 0 	0 0 	0 0 	0 0 	
33 2 	34 2 	42 2 	43 2 	52 2 	53 2 	63 2 	64 2 	0 0 	0 0 	0 0 	0 0 	0 0 	0 0 	0 0 	0 0 	0 0 	0 0 	0 0 	0 0 	0 0 	0 0 	0 0 	0 0 	0 0 	
43 2 	44 2 	53 2 	54 2 	0 0 	0 0 	0 0 	0 0 	0 0 	0 0 	0 0 	0 0 	0 0 	0 0 	0 0 	0 0 	0 0 	0 0 	0 0 	0 0 	0 0 	0 0 	0 0 	0 0 	0 0 	
35 2 	36 2 	44 2 	45 2 	54 2 	55 2 	65 2 	66 2 	0 0 	0 0 	0 0 	0 0 	0 0 	0 0 	0 0 	0 0 	0 0 	0 0 	0 0 	0 0 	0 0 	0 0 	0 0 	0 0 	0 0 	
45 2 	46 2 	55 2 	56 2 	0 0 	0 0 	0 0 	0 0 	0 0 	0 0 	0 0 	0 0 	0 0 	0 0 	0 0 	0 0 	0 0 	0 0 	0 0 	0 0 	0 0 	0 0 	0 0 	0 0 	0 0 	
37 2 	38 2 	46 2 	47 2 	56 2 	57 2 	67 2 	68 2 	0 0 	0 0 	0 0 	0 0 	0 0 	0 0 	0 0 	0 0 	0 0 	0 0 	0 0 	0 0 	0 0 	0 0 	0 0 	0 0 	0 0 	
47 2 	48 2 	57 2 	58 2 	0 0 	0 0 	0 0 	0 0 	0 0 	0 0 	0 0 	0 0 	0 0 	0 0 	0 0 	0 0 	0 0 	0 0 	0 0 	0 0 	0 0 	0 0 	0 0 	0 0 	0 0 	
39 2 	40 2 	48 2 	49 2 	58 2 	59 2 	69 2 	70 2 	0 0 	0 0 	0 0 	0 0 	0 0 	0 0 	0 0 	0 0 	0 0 	0 0 	0 0 	0 0 	0 0 	0 0 	0 0 	0 0 	0 0 	
49 2 	50 2 	59 2 	60 2 	0 0 	0 0 	0 0 	0 0 	0 0 	0 0 	0 0 	0 0 	0 0 	0 0 	0 0 	0 0 	0 0 	0 0 	0 0 	0 0 	0 0 	0 0 	0 0 	0 0 	0 0 	
61 2 	62 2 	73 2 	74 2 	0 0 	0 0 	0 0 	0 0 	0 0 	0 0 	0 0 	0 0 	0 0 	0 0 	0 0 	0 0 	0 0 	0 0 	0 0 	0 0 	0 0 	0 0 	0 0 	0 0 	0 0 	
51 2 	52 2 	62 2 	63 2 	74 2 	75 2 	87 2 	88 2 	0 0 	0 0 	0 0 	0 0 	0 0 	0 0 	0 0 	0 0 	0 0 	0 0 	0 0 	0 0 	0 0 	0 0 	0 0 	0 0 	0 0 	
63 2 	64 2 	75 2 	76 2 	0 0 	0 0 	0 0 	0 0 	0 0 	0 0 	0 0 	0 0 	0 0 	0 0 	0 0 	0 0 	0 0 	0 0 	0 0 	0 0 	0 0 	0 0 	0 0 	0 0 	0 0 	
53 2 	54 2 	64 2 	65 2 	76 2 	77 2 	89 2 	90 2 	0 0 	0 0 	0 0 	0 0 	0 0 	0 0 	0 0 	0 0 	0 0 	0 0 	0 0 	0 0 	0 0 	0 0 	0 0 	0 0 	0 0 	
65 2 	66 2 	77 2 	78 2 	0 0 	0 0 	0 0 	0 0 	0 0 	0 0 	0 0 	0 0 	0 0 	0 0 	0 0 	0 0 	0 0 	0 0 	0 0 	0 0 	0 0 	0 0 	0 0 	0 0 	0 0 	
55 2 	56 2 	66 2 	67 2 	78 2 	79 2 	91 2 	92 2 	0 0 	0 0 	0 0 	0 0 	0 0 	0 0 	0 0 	0 0 	0 0 	0 0 	0 0 	0 0 	0 0 	0 0 	0 0 	0 0 	0 0 	
67 2 	68 2 	79 2 	80 2 	0 0 	0 0 	0 0 	0 0 	0 0 	0 0 	0 0 	0 0 	0 0 	0 0 	0 0 	0 0 	0 0 	0 0 	0 0 	0 0 	0 0 	0 0 	0 0 	0 0 	0 0 	
57 2 	58 2 	68 2 	69 2 	80 2 	81 2 	93 2 	94 2 	0 0 	0 0 	0 0 	0 0 	0 0 	0 0 	0 0 	0 0 	0 0 	0 0 	0 0 	0 0 	0 0 	0 0 	0 0 	0 0 	0 0 	
69 2 	70 2 	81 2 	82 2 	0 0 	0 0 	0 0 	0 0 	0 0 	0 0 	0 0 	0 0 	0 0 	0 0 	0 0 	0 0 	0 0 	0 0 	0 0 	0 0 	0 0 	0 0 	0 0 	0 0 	0 0 	
59 2 	60 2 	70 2 	71 2 	82 2 	83 2 	95 2 	96 2 	0 0 	0 0 	0 0 	0 0 	0 0 	0 0 	0 0 	0 0 	0 0 	0 0 	0 0 	0 0 	0 0 	0 0 	0 0 	0 0 	0 0 	
71 2 	72 2 	83 2 	84 2 	0 0 	0 0 	0 0 	0 0 	0 0 	0 0 	0 0 	0 0 	0 0 	0 0 	0 0 	0 0 	0 0 	0 0 	0 0 	0 0 	0 0 	0 0 	0 0 	0 0 	0 0 	
72 2 	84 2 	97 2 	98 2 	0 0 	0 0 	0 0 	0 0 	0 0 	0 0 	0 0 	0 0 	0 0 	0 0 	0 0 	0 0 	0 0 	0 0 	0 0 	0 0 	0 0 	0 0 	0 0 	0 0 	0 0 	
85 2 	99 2 	113 2 	114 2 	0 0 	0 0 	0 0 	0 0 	0 0 	0 0 	0 0 	0 0 	0 0 	0 0 	0 0 	0 0 	0 0 	0 0 	0 0 	0 0 	0 0 	0 0 	0 0 	0 0 	0 0 	
85 2 	86 2 	99 2 	100 2 	0 0 	0 0 	0 0 	0 0 	0 0 	0 0 	0 0 	0 0 	0 0 	0 0 	0 0 	0 0 	0 0 	0 0 	0 0 	0 0 	0 0 	0 0 	0 0 	0 0 	0 0 	
73 2 	74 2 	86 2 	87 2 	100 2 	101 2 	115 2 	116 2 	0 0 	0 0 	0 0 	0 0 	0 0 	0 0 	0 0 	0 0 	0 0 	0 0 	0 0 	0 0 	0 0 	0 0 	0 0 	0 0 	0 0 	
87 2 	88 2 	101 2 	102 2 	0 0 	0 0 	0 0 	0 0 	0 0 	0 0 	0 0 	0 0 	0 0 	0 0 	0 0 	0 0 	0 0 	0 0 	0 0 	0 0 	0 0 	0 0 	0 0 	0 0 	0 0 	
75 2 	76 2 	88 2 	89 2 	102 2 	103 2 	117 2 	118 2 	0 0 	0 0 	0 0 	0 0 	0 0 	0 0 	0 0 	0 0 	0 0 	0 0 	0 0 	0 0 	0 0 	0 0 	0 0 	0 0 	0 0 	
89 2 	90 2 	103 2 	104 2 	0 0 	0 0 	0 0 	0 0 	0 0 	0 0 	0 0 	0 0 	0 0 	0 0 	0 0 	0 0 	0 0 	0 0 	0 0 	0 0 	0 0 	0 0 	0 0 	0 0 	0 0 	
77 2 	78 2 	90 2 	91 2 	104 2 	105 2 	119 2 	120 2 	0 0 	0 0 	0 0 	0 0 	0 0 	0 0 	0 0 	0 0 	0 0 	0 0 	0 0 	0 0 	0 0 	0 0 	0 0 	0 0 	0 0 	
91 2 	92 2 	105 2 	106 2 	0 0 	0 0 	0 0 	0 0 	0 0 	0 0 	0 0 	0 0 	0 0 	0 0 	0 0 	0 0 	0 0 	0 0 	0 0 	0 0 	0 0 	0 0 	0 0 	0 0 	0 0 	
79 2 	80 2 	92 2 	93 2 	106 2 	107 2 	121 2 	122 2 	0 0 	0 0 	0 0 	0 0 	0 0 	0 0 	0 0 	0 0 	0 0 	0 0 	0 0 	0 0 	0 0 	0 0 	0 0 	0 0 	0 0 	
93 2 	94 2 	107 2 	108 2 	0 0 	0 0 	0 0 	0 0 	0 0 	0 0 	0 0 	0 0 	0 0 	0 0 	0 0 	0 0 	0 0 	0 0 	0 0 	0 0 	0 0 	0 0 	0 0 	0 0 	0 0 	
81 2 	82 2 	94 2 	95 2 	108 2 	109 2 	123 2 	124 2 	0 0 	0 0 	0 0 	0 0 	0 0 	0 0 	0 0 	0 0 	0 0 	0 0 	0 0 	0 0 	0 0 	0 0 	0 0 	0 0 	0 0 	
95 2 	96 2 	109 2 	110 2 	0 0 	0 0 	0 0 	0 0 	0 0 	0 0 	0 0 	0 0 	0 0 	0 0 	0 0 	0 0 	0 0 	0 0 	0 0 	0 0 	0 0 	0 0 	0 0 	0 0 	0 0 	
83 2 	84 2 	96 2 	97 2 	110 2 	111 2 	125 2 	126 2 	0 0 	0 0 	0 0 	0 0 	0 0 	0 0 	0 0 	0 0 	0 0 	0 0 	0 0 	0 0 	0 0 	0 0 	0 0 	0 0 	0 0 	
97 2 	98 2 	111 2 	112 2 	0 0 	0 0 	0 0 	0 0 	0 0 	0 0 	0 0 	0 0 	0 0 	0 0 	0 0 	0 0 	0 0 	0 0 	0 0 	0 0 	0 0 	0 0 	0 0 	0 0 	0 0 	
113 2 	114 2 	129 2 	130 2 	0 0 	0 0 	0 0 	0 0 	0 0 	0 0 	0 0 	0 0 	0 0 	0 0 	0 0 	0 0 	0 0 	0 0 	0 0 	0 0 	0 0 	0 0 	0 0 	0 0 	0 0 	
99 2 	100 2 	114 2 	115 2 	130 2 	131 2 	147 2 	148 2 	0 0 	0 0 	0 0 	0 0 	0 0 	0 0 	0 0 	0 0 	0 0 	0 0 	0 0 	0 0 	0 0 	0 0 	0 0 	0 0 	0 0 	
115 2 	116 2 	131 2 	132 2 	0 0 	0 0 	0 0 	0 0 	0 0 	0 0 	0 0 	0 0 	0 0 	0 0 	0 0 	0 0 	0 0 	0 0 	0 0 	0 0 	0 0 	0 0 	0 0 	0 0 	0 0 	
101 2 	102 2 	116 2 	117 2 	132 2 	133 2 	149 2 	150 2 	0 0 	0 0 	0 0 	0 0 	0 0 	0 0 	0 0 	0 0 	0 0 	0 0 	0 0 	0 0 	0 0 	0 0 	0 0 	0 0 	0 0 	
117 2 	118 2 	133 2 	134 2 	0 0 	0 0 	0 0 	0 0 	0 0 	0 0 	0 0 	0 0 	0 0 	0 0 	0 0 	0 0 	0 0 	0 0 	0 0 	0 0 	0 0 	0 0 	0 0 	0 0 	0 0 	
103 2 	104 2 	118 2 	119 2 	134 2 	135 2 	151 2 	152 2 	0 0 	0 0 	0 0 	0 0 	0 0 	0 0 	0 0 	0 0 	0 0 	0 0 	0 0 	0 0 	0 0 	0 0 	0 0 	0 0 	0 0 	
119 2 	120 2 	135 2 	136 2 	0 0 	0 0 	0 0 	0 0 	0 0 	0 0 	0 0 	0 0 	0 0 	0 0 	0 0 	0 0 	0 0 	0 0 	0 0 	0 0 	0 0 	0 0 	0 0 	0 0 	0 0 	
105 2 	106 2 	120 2 	121 2 	136 2 	137 2 	153 2 	154 2 	0 0 	0 0 	0 0 	0 0 	0 0 	0 0 	0 0 	0 0 	0 0 	0 0 	0 0 	0 0 	0 0 	0 0 	0 0 	0 0 	0 0 	
121 2 	122 2 	137 2 	138 2 	0 0 	0 0 	0 0 	0 0 	0 0 	0 0 	0 0 	0 0 	0 0 	0 0 	0 0 	0 0 	0 0 	0 0 	0 0 	0 0 	0 0 	0 0 	0 0 	0 0 	0 0 	
107 2 	108 2 	122 2 	123 2 	138 2 	139 2 	155 2 	156 2 	0 0 	0 0 	0 0 	0 0 	0 0 	0 0 	0 0 	0 0 	0 0 	0 0 	0 0 	0 0 	0 0 	0 0 	0 0 	0 0 	0 0 	
123 2 	124 2 	139 2 	140 2 	0 0 	0 0 	0 0 	0 0 	0 0 	0 0 	0 0 	0 0 	0 0 	0 0 	0 0 	0 0 	0 0 	0 0 	0 0 	0 0 	0 0 	0 0 	0 0 	0 0 	0 0 	
109 2 	110 2 	124 2 	125 2 	140 2 	141 2 	157 2 	158 2 	0 0 	0 0 	0 0 	0 0 	0 0 	0 0 	0 0 	0 0 	0 0 	0 0 	0 0 	0 0 	0 0 	0 0 	0 0 	0 0 	0 0 	
125 2 	126 2 	141 2 	142 2 	0 0 	0 0 	0 0 	0 0 	0 0 	0 0 	0 0 	0 0 	0 0 	0 0 	0 0 	0 0 	0 0 	0 0 	0 0 	0 0 	0 0 	0 0 	0 0 	0 0 	0 0 	
111 2 	112 2 	126 2 	127 2 	142 2 	143 2 	159 2 	160 2 	0 0 	0 0 	0 0 	0 0 	0 0 	0 0 	0 0 	0 0 	0 0 	0 0 	0 0 	0 0 	0 0 	0 0 	0 0 	0 0 	0 0 	
127 2 	128 2 	143 2 	144 2 	0 0 	0 0 	0 0 	0 0 	0 0 	0 0 	0 0 	0 0 	0 0 	0 0 	0 0 	0 0 	0 0 	0 0 	0 0 	0 0 	0 0 	0 0 	0 0 	0 0 	0 0 	
128 2 	144 2 	161 2 	162 2 	0 0 	0 0 	0 0 	0 0 	0 0 	0 0 	0 0 	0 0 	0 0 	0 0 	0 0 	0 0 	0 0 	0 0 	0 0 	0 0 	0 0 	0 0 	0 0 	0 0 	0 0 	
145 2 	163 2 	181 2 	182 2 	0 0 	0 0 	0 0 	0 0 	0 0 	0 0 	0 0 	0 0 	0 0 	0 0 	0 0 	0 0 	0 0 	0 0 	0 0 	0 0 	0 0 	0 0 	0 0 	0 0 	0 0 	
145 2 	146 2 	163 2 	164 2 	0 0 	0 0 	0 0 	0 0 	0 0 	0 0 	0 0 	0 0 	0 0 	0 0 	0 0 	0 0 	0 0 	0 0 	0 0 	0 0 	0 0 	0 0 	0 0 	0 0 	0 0 	
129 2 	130 2 	146 2 	147 2 	164 2 	165 2 	183 2 	184 2 	0 0 	0 0 	0 0 	0 0 	0 0 	0 0 	0 0 	0 0 	0 0 	0 0 	0 0 	0 0 	0 0 	0 0 	0 0 	0 0 	0 0 	
147 2 	148 2 	165 2 	166 2 	0 0 	0 0 	0 0 	0 0 	0 0 	0 0 	0 0 	0 0 	0 0 	0 0 	0 0 	0 0 	0 0 	0 0 	0 0 	0 0 	0 0 	0 0 	0 0 	0 0 	0 0 	
131 2 	132 2 	148 2 	149 2 	166 2 	167 2 	185 2 	186 2 	0 0 	0 0 	0 0 	0 0 	0 0 	0 0 	0 0 	0 0 	0 0 	0 0 	0 0 	0 0 	0 0 	0 0 	0 0 	0 0 	0 0 	
149 2 	150 2 	167 2 	168 2 	0 0 	0 0 	0 0 	0 0 	0 0 	0 0 	0 0 	0 0 	0 0 	0 0 	0 0 	0 0 	0 0 	0 0 	0 0 	0 0 	0 0 	0 0 	0 0 	0 0 	0 0 	
133 2 	134 2 	150 2 	151 2 	168 2 	169 2 	187 2 	188 2 	0 0 	0 0 	0 0 	0 0 	0 0 	0 0 	0 0 	0 0 	0 0 	0 0 	0 0 	0 0 	0 0 	0 0 	0 0 	0 0 	0 0 	
151 2 	152 2 	169 2 	170 2 	0 0 	0 0 	0 0 	0 0 	0 0 	0 0 	0 0 	0 0 	0 0 	0 0 	0 0 	0 0 	0 0 	0 0 	0 0 	0 0 	0 0 	0 0 	0 0 	0 0 	0 0 	
135 2 	136 2 	152 2 	153 2 	170 2 	171 2 	189 2 	190 2 	0 0 	0 0 	0 0 	0 0 	0 0 	0 0 	0 0 	0 0 	0 0 	0 0 	0 0 	0 0 	0 0 	0 0 	0 0 	0 0 	0 0 	
153 2 	154 2 	171 2 	172 2 	0 0 	0 0 	0 0 	0 0 	0 0 	0 0 	0 0 	0 0 	0 0 	0 0 	0 0 	0 0 	0 0 	0 0 	0 0 	0 0 	0 0 	0 0 	0 0 	0 0 	0 0 	
137 2 	138 2 	154 2 	155 2 	172 2 	173 2 	191 2 	192 2 	0 0 	0 0 	0 0 	0 0 	0 0 	0 0 	0 0 	0 0 	0 0 	0 0 	0 0 	0 0 	0 0 	0 0 	0 0 	0 0 	0 0 	
155 2 	156 2 	173 2 	174 2 	0 0 	0 0 	0 0 	0 0 	0 0 	0 0 	0 0 	0 0 	0 0 	0 0 	0 0 	0 0 	0 0 	0 0 	0 0 	0 0 	0 0 	0 0 	0 0 	0 0 	0 0 	
139 2 	140 2 	156 2 	157 2 	174 2 	175 2 	193 2 	194 2 	0 0 	0 0 	0 0 	0 0 	0 0 	0 0 	0 0 	0 0 	0 0 	0 0 	0 0 	0 0 	0 0 	0 0 	0 0 	0 0 	0 0 	
157 2 	158 2 	175 2 	176 2 	0 0 	0 0 	0 0 	0 0 	0 0 	0 0 	0 0 	0 0 	0 0 	0 0 	0 0 	0 0 	0 0 	0 0 	0 0 	0 0 	0 0 	0 0 	0 0 	0 0 	0 0 	
141 2 	142 2 	158 2 	159 2 	176 2 	177 2 	195 2 	196 2 	0 0 	0 0 	0 0 	0 0 	0 0 	0 0 	0 0 	0 0 	0 0 	0 0 	0 0 	0 0 	0 0 	0 0 	0 0 	0 0 	0 0 	
159 2 	160 2 	177 2 	178 2 	0 0 	0 0 	0 0 	0 0 	0 0 	0 0 	0 0 	0 0 	0 0 	0 0 	0 0 	0 0 	0 0 	0 0 	0 0 	0 0 	0 0 	0 0 	0 0 	0 0 	0 0 	
143 2 	144 2 	160 2 	161 2 	178 2 	179 2 	197 2 	198 2 	0 0 	0 0 	0 0 	0 0 	0 0 	0 0 	0 0 	0 0 	0 0 	0 0 	0 0 	0 0 	0 0 	0 0 	0 0 	0 0 	0 0 	
161 2 	162 2 	179 2 	180 2 	0 0 	0 0 	0 0 	0 0 	0 0 	0 0 	0 0 	0 0 	0 0 	0 0 	0 0 	0 0 	0 0 	0 0 	0 0 	0 0 	0 0 	0 0 	0 0 	0 0 	0 0 	
181 2 	182 2 	201 2 	202 2 	0 0 	0 0 	0 0 	0 0 	0 0 	0 0 	0 0 	0 0 	0 0 	0 0 	0 0 	0 0 	0 0 	0 0 	0 0 	0 0 	0 0 	0 0 	0 0 	0 0 	0 0 	
163 2 	164 2 	182 2 	183 2 	202 2 	203 2 	223 2 	224 2 	0 0 	0 0 	0 0 	0 0 	0 0 	0 0 	0 0 	0 0 	0 0 	0 0 	0 0 	0 0 	0 0 	0 0 	0 0 	0 0 	0 0 	
183 2 	184 2 	203 2 	204 2 	0 0 	0 0 	0 0 	0 0 	0 0 	0 0 	0 0 	0 0 	0 0 	0 0 	0 0 	0 0 	0 0 	0 0 	0 0 	0 0 	0 0 	0 0 	0 0 	0 0 	0 0 	
165 2 	166 2 	184 2 	185 2 	204 2 	205 2 	225 2 	226 2 	0 0 	0 0 	0 0 	0 0 	0 0 	0 0 	0 0 	0 0 	0 0 	0 0 	0 0 	0 0 	0 0 	0 0 	0 0 	0 0 	0 0 	
185 2 	186 2 	205 2 	206 2 	0 0 	0 0 	0 0 	0 0 	0 0 	0 0 	0 0 	0 0 	0 0 	0 0 	0 0 	0 0 	0 0 	0 0 	0 0 	0 0 	0 0 	0 0 	0 0 	0 0 	0 0 	
167 2 	168 2 	186 2 	187 2 	206 2 	207 2 	227 2 	228 2 	0 0 	0 0 	0 0 	0 0 	0 0 	0 0 	0 0 	0 0 	0 0 	0 0 	0 0 	0 0 	0 0 	0 0 	0 0 	0 0 	0 0 	
187 2 	188 2 	207 2 	208 2 	0 0 	0 0 	0 0 	0 0 	0 0 	0 0 	0 0 	0 0 	0 0 	0 0 	0 0 	0 0 	0 0 	0 0 	0 0 	0 0 	0 0 	0 0 	0 0 	0 0 	0 0 	
169 2 	170 2 	188 2 	189 2 	208 2 	209 2 	229 2 	230 2 	0 0 	0 0 	0 0 	0 0 	0 0 	0 0 	0 0 	0 0 	0 0 	0 0 	0 0 	0 0 	0 0 	0 0 	0 0 	0 0 	0 0 	
189 2 	190 2 	209 2 	210 2 	0 0 	0 0 	0 0 	0 0 	0 0 	0 0 	0 0 	0 0 	0 0 	0 0 	0 0 	0 0 	0 0 	0 0 	0 0 	0 0 	0 0 	0 0 	0 0 	0 0 	0 0 	
171 2 	172 2 	190 2 	191 2 	210 2 	211 2 	231 2 	232 2 	0 0 	0 0 	0 0 	0 0 	0 0 	0 0 	0 0 	0 0 	0 0 	0 0 	0 0 	0 0 	0 0 	0 0 	0 0 	0 0 	0 0 	
191 2 	192 2 	211 2 	212 2 	0 0 	0 0 	0 0 	0 0 	0 0 	0 0 	0 0 	0 0 	0 0 	0 0 	0 0 	0 0 	0 0 	0 0 	0 0 	0 0 	0 0 	0 0 	0 0 	0 0 	0 0 	
173 2 	174 2 	192 2 	193 2 	212 2 	213 2 	233 2 	234 2 	0 0 	0 0 	0 0 	0 0 	0 0 	0 0 	0 0 	0 0 	0 0 	0 0 	0 0 	0 0 	0 0 	0 0 	0 0 	0 0 	0 0 	
193 2 	194 2 	213 2 	214 2 	0 0 	0 0 	0 0 	0 0 	0 0 	0 0 	0 0 	0 0 	0 0 	0 0 	0 0 	0 0 	0 0 	0 0 	0 0 	0 0 	0 0 	0 0 	0 0 	0 0 	0 0 	
175 2 	176 2 	194 2 	195 2 	214 2 	215 2 	235 2 	236 2 	0 0 	0 0 	0 0 	0 0 	0 0 	0 0 	0 0 	0 0 	0 0 	0 0 	0 0 	0 0 	0 0 	0 0 	0 0 	0 0 	0 0 	
195 2 	196 2 	215 2 	216 2 	0 0 	0 0 	0 0 	0 0 	0 0 	0 0 	0 0 	0 0 	0 0 	0 0 	0 0 	0 0 	0 0 	0 0 	0 0 	0 0 	0 0 	0 0 	0 0 	0 0 	0 0 	
177 2 	178 2 	196 2 	197 2 	216 2 	217 2 	237 2 	238 2 	0 0 	0 0 	0 0 	0 0 	0 0 	0 0 	0 0 	0 0 	0 0 	0 0 	0 0 	0 0 	0 0 	0 0 	0 0 	0 0 	0 0 	
197 2 	198 2 	217 2 	218 2 	0 0 	0 0 	0 0 	0 0 	0 0 	0 0 	0 0 	0 0 	0 0 	0 0 	0 0 	0 0 	0 0 	0 0 	0 0 	0 0 	0 0 	0 0 	0 0 	0 0 	0 0 	
179 2 	180 2 	198 2 	199 2 	218 2 	219 2 	239 2 	240 2 	0 0 	0 0 	0 0 	0 0 	0 0 	0 0 	0 0 	0 0 	0 0 	0 0 	0 0 	0 0 	0 0 	0 0 	0 0 	0 0 	0 0 	
199 2 	200 2 	219 2 	220 2 	0 0 	0 0 	0 0 	0 0 	0 0 	0 0 	0 0 	0 0 	0 0 	0 0 	0 0 	0 0 	0 0 	0 0 	0 0 	0 0 	0 0 	0 0 	0 0 	0 0 	0 0 	
200 2 	220 2 	241 2 	242 2 	0 0 	0 0 	0 0 	0 0 	0 0 	0 0 	0 0 	0 0 	0 0 	0 0 	0 0 	0 0 	0 0 	0 0 	0 0 	0 0 	0 0 	0 0 	0 0 	0 0 	0 0 	
221 2 	243 2 	265 2 	266 2 	0 0 	0 0 	0 0 	0 0 	0 0 	0 0 	0 0 	0 0 	0 0 	0 0 	0 0 	0 0 	0 0 	0 0 	0 0 	0 0 	0 0 	0 0 	0 0 	0 0 	0 0 	
221 2 	222 2 	243 2 	244 2 	0 0 	0 0 	0 0 	0 0 	0 0 	0 0 	0 0 	0 0 	0 0 	0 0 	0 0 	0 0 	0 0 	0 0 	0 0 	0 0 	0 0 	0 0 	0 0 	0 0 	0 0 	
201 2 	202 2 	222 2 	223 2 	244 2 	245 2 	267 2 	268 2 	0 0 	0 0 	0 0 	0 0 	0 0 	0 0 	0 0 	0 0 	0 0 	0 0 	0 0 	0 0 	0 0 	0 0 	0 0 	0 0 	0 0 	
223 2 	224 2 	245 2 	246 2 	0 0 	0 0 	0 0 	0 0 	0 0 	0 0 	0 0 	0 0 	0 0 	0 0 	0 0 	0 0 	0 0 	0 0 	0 0 	0 0 	0 0 	0 0 	0 0 	0 0 	0 0 	
203 2 	204 2 	224 2 	225 2 	246 2 	247 2 	269 2 	270 2 	0 0 	0 0 	0 0 	0 0 	0 0 	0 0 	0 0 	0 0 	0 0 	0 0 	0 0 	0 0 	0 0 	0 0 	0 0 	0 0 	0 0 	
225 2 	226 2 	247 2 	248 2 	0 0 	0 0 	0 0 	0 0 	0 0 	0 0 	0 0 	0 0 	0 0 	0 0 	0 0 	0 0 	0 0 	0 0 	0 0 	0 0 	0 0 	0 0 	0 0 	0 0 	0 0 	
205 2 	206 2 	226 2 	227 2 	248 2 	249 2 	271 2 	272 2 	0 0 	0 0 	0 0 	0 0 	0 0 	0 0 	0 0 	0 0 	0 0 	0 0 	0 0 	0 0 	0 0 	0 0 	0 0 	0 0 	0 0 	
227 2 	228 2 	249 2 	250 2 	0 0 	0 0 	0 0 	0 0 	0 0 	0 0 	0 0 	0 0 	0 0 	0 0 	0 0 	0 0 	0 0 	0 0 	0 0 	0 0 	0 0 	0 0 	0 0 	0 0 	0 0 	
207 2 	208 2 	228 2 	229 2 	250 2 	251 2 	273 2 	274 2 	0 0 	0 0 	0 0 	0 0 	0 0 	0 0 	0 0 	0 0 	0 0 	0 0 	0 0 	0 0 	0 0 	0 0 	0 0 	0 0 	0 0 	
229 2 	230 2 	251 2 	252 2 	0 0 	0 0 	0 0 	0 0 	0 0 	0 0 	0 0 	0 0 	0 0 	0 0 	0 0 	0 0 	0 0 	0 0 	0 0 	0 0 	0 0 	0 0 	0 0 	0 0 	0 0 	
209 2 	210 2 	230 2 	231 2 	252 2 	253 2 	275 2 	276 2 	0 0 	0 0 	0 0 	0 0 	0 0 	0 0 	0 0 	0 0 	0 0 	0 0 	0 0 	0 0 	0 0 	0 0 	0 0 	0 0 	0 0 	
231 2 	232 2 	253 2 	254 2 	0 0 	0 0 	0 0 	0 0 	0 0 	0 0 	0 0 	0 0 	0 0 	0 0 	0 0 	0 0 	0 0 	0 0 	0 0 	0 0 	0 0 	0 0 	0 0 	0 0 	0 0 	
211 2 	212 2 	232 2 	233 2 	254 2 	255 2 	277 2 	278 2 	0 0 	0 0 	0 0 	0 0 	0 0 	0 0 	0 0 	0 0 	0 0 	0 0 	0 0 	0 0 	0 0 	0 0 	0 0 	0 0 	0 0 	
233 2 	234 2 	255 2 	256 2 	0 0 	0 0 	0 0 	0 0 	0 0 	0 0 	0 0 	0 0 	0 0 	0 0 	0 0 	0 0 	0 0 	0 0 	0 0 	0 0 	0 0 	0 0 	0 0 	0 0 	0 0 	
213 2 	214 2 	234 2 	235 2 	256 2 	257 2 	279 2 	280 2 	0 0 	0 0 	0 0 	0 0 	0 0 	0 0 	0 0 	0 0 	0 0 	0 0 	0 0 	0 0 	0 0 	0 0 	0 0 	0 0 	0 0 	
235 2 	236 2 	257 2 	258 2 	0 0 	0 0 	0 0 	0 0 	0 0 	0 0 	0 0 	0 0 	0 0 	0 0 	0 0 	0 0 	0 0 	0 0 	0 0 	0 0 	0 0 	0 0 	0 0 	0 0 	0 0 	
215 2 	216 2 	236 2 	237 2 	258 2 	259 2 	281 2 	282 2 	0 0 	0 0 	0 0 	0 0 	0 0 	0 0 	0 0 	0 0 	0 0 	0 0 	0 0 	0 0 	0 0 	0 0 	0 0 	0 0 	0 0 	
237 2 	238 2 	259 2 	260 2 	0 0 	0 0 	0 0 	0 0 	0 0 	0 0 	0 0 	0 0 	0 0 	0 0 	0 0 	0 0 	0 0 	0 0 	0 0 	0 0 	0 0 	0 0 	0 0 	0 0 	0 0 	
217 2 	218 2 	238 2 	239 2 	260 2 	261 2 	283 2 	284 2 	0 0 	0 0 	0 0 	0 0 	0 0 	0 0 	0 0 	0 0 	0 0 	0 0 	0 0 	0 0 	0 0 	0 0 	0 0 	0 0 	0 0 	
239 2 	240 2 	261 2 	262 2 	0 0 	0 0 	0 0 	0 0 	0 0 	0 0 	0 0 	0 0 	0 0 	0 0 	0 0 	0 0 	0 0 	0 0 	0 0 	0 0 	0 0 	0 0 	0 0 	0 0 	0 0 	
219 2 	220 2 	240 2 	241 2 	262 2 	263 2 	285 2 	286 2 	0 0 	0 0 	0 0 	0 0 	0 0 	0 0 	0 0 	0 0 	0 0 	0 0 	0 0 	0 0 	0 0 	0 0 	0 0 	0 0 	0 0 	
241 2 	242 2 	263 2 	264 2 	0 0 	0 0 	0 0 	0 0 	0 0 	0 0 	0 0 	0 0 	0 0 	0 0 	0 0 	0 0 	0 0 	0 0 	0 0 	0 0 	0 0 	0 0 	0 0 	0 0 	0 0 	
265 2 	266 2 	289 2 	290 2 	0 0 	0 0 	0 0 	0 0 	0 0 	0 0 	0 0 	0 0 	0 0 	0 0 	0 0 	0 0 	0 0 	0 0 	0 0 	0 0 	0 0 	0 0 	0 0 	0 0 	0 0 	
243 2 	244 2 	266 2 	267 2 	290 2 	291 2 	314 2 	315 2 	0 0 	0 0 	0 0 	0 0 	0 0 	0 0 	0 0 	0 0 	0 0 	0 0 	0 0 	0 0 	0 0 	0 0 	0 0 	0 0 	0 0 	
267 2 	268 2 	291 2 	292 2 	0 0 	0 0 	0 0 	0 0 	0 0 	0 0 	0 0 	0 0 	0 0 	0 0 	0 0 	0 0 	0 0 	0 0 	0 0 	0 0 	0 0 	0 0 	0 0 	0 0 	0 0 	
245 2 	246 2 	268 2 	269 2 	292 2 	293 2 	316 2 	317 2 	0 0 	0 0 	0 0 	0 0 	0 0 	0 0 	0 0 	0 0 	0 0 	0 0 	0 0 	0 0 	0 0 	0 0 	0 0 	0 0 	0 0 	
269 2 	270 2 	293 2 	294 2 	0 0 	0 0 	0 0 	0 0 	0 0 	0 0 	0 0 	0 0 	0 0 	0 0 	0 0 	0 0 	0 0 	0 0 	0 0 	0 0 	0 0 	0 0 	0 0 	0 0 	0 0 	
247 2 	248 2 	270 2 	271 2 	294 2 	295 2 	318 2 	319 2 	0 0 	0 0 	0 0 	0 0 	0 0 	0 0 	0 0 	0 0 	0 0 	0 0 	0 0 	0 0 	0 0 	0 0 	0 0 	0 0 	0 0 	
271 2 	272 2 	295 2 	296 2 	0 0 	0 0 	0 0 	0 0 	0 0 	0 0 	0 0 	0 0 	0 0 	0 0 	0 0 	0 0 	0 0 	0 0 	0 0 	0 0 	0 0 	0 0 	0 0 	0 0 	0 0 	
249 2 	250 2 	272 2 	273 2 	296 2 	297 2 	320 2 	321 2 	0 0 	0 0 	0 0 	0 0 	0 0 	0 0 	0 0 	0 0 	0 0 	0 0 	0 0 	0 0 	0 0 	0 0 	0 0 	0 0 	0 0 	
273 2 	274 2 	297 2 	298 2 	0 0 	0 0 	0 0 	0 0 	0 0 	0 0 	0 0 	0 0 	0 0 	0 0 	0 0 	0 0 	0 0 	0 0 	0 0 	0 0 	0 0 	0 0 	0 0 	0 0 	0 0 	
251 2 	252 2 	274 2 	275 2 	298 2 	299 2 	322 2 	323 2 	0 0 	0 0 	0 0 	0 0 	0 0 	0 0 	0 0 	0 0 	0 0 	0 0 	0 0 	0 0 	0 0 	0 0 	0 0 	0 0 	0 0 	
275 2 	276 2 	299 2 	300 2 	0 0 	0 0 	0 0 	0 0 	0 0 	0 0 	0 0 	0 0 	0 0 	0 0 	0 0 	0 0 	0 0 	0 0 	0 0 	0 0 	0 0 	0 0 	0 0 	0 0 	0 0 	
253 2 	254 2 	276 2 	277 2 	300 2 	301 2 	324 2 	325 2 	0 0 	0 0 	0 0 	0 0 	0 0 	0 0 	0 0 	0 0 	0 0 	0 0 	0 0 	0 0 	0 0 	0 0 	0 0 	0 0 	0 0 	
277 2 	278 2 	301 2 	302 2 	0 0 	0 0 	0 0 	0 0 	0 0 	0 0 	0 0 	0 0 	0 0 	0 0 	0 0 	0 0 	0 0 	0 0 	0 0 	0 0 	0 0 	0 0 	0 0 	0 0 	0 0 	
255 2 	256 2 	278 2 	279 2 	302 2 	303 2 	326 2 	327 2 	0 0 	0 0 	0 0 	0 0 	0 0 	0 0 	0 0 	0 0 	0 0 	0 0 	0 0 	0 0 	0 0 	0 0 	0 0 	0 0 	0 0 	
279 2 	280 2 	303 2 	304 2 	0 0 	0 0 	0 0 	0 0 	0 0 	0 0 	0 0 	0 0 	0 0 	0 0 	0 0 	0 0 	0 0 	0 0 	0 0 	0 0 	0 0 	0 0 	0 0 	0 0 	0 0 	
257 2 	258 2 	280 2 	281 2 	304 2 	305 2 	328 2 	329 2 	0 0 	0 0 	0 0 	0 0 	0 0 	0 0 	0 0 	0 0 	0 0 	0 0 	0 0 	0 0 	0 0 	0 0 	0 0 	0 0 	0 0 	
281 2 	282 2 	305 2 	306 2 	0 0 	0 0 	0 0 	0 0 	0 0 	0 0 	0 0 	0 0 	0 0 	0 0 	0 0 	0 0 	0 0 	0 0 	0 0 	0 0 	0 0 	0 0 	0 0 	0 0 	0 0 	
259 2 	260 2 	282 2 	283 2 	306 2 	307 2 	330 2 	331 2 	0 0 	0 0 	0 0 	0 0 	0 0 	0 0 	0 0 	0 0 	0 0 	0 0 	0 0 	0 0 	0 0 	0 0 	0 0 	0 0 	0 0 	
283 2 	284 2 	307 2 	308 2 	0 0 	0 0 	0 0 	0 0 	0 0 	0 0 	0 0 	0 0 	0 0 	0 0 	0 0 	0 0 	0 0 	0 0 	0 0 	0 0 	0 0 	0 0 	0 0 	0 0 	0 0 	
261 2 	262 2 	284 2 	285 2 	308 2 	309 2 	332 2 	333 2 	0 0 	0 0 	0 0 	0 0 	0 0 	0 0 	0 0 	0 0 	0 0 	0 0 	0 0 	0 0 	0 0 	0 0 	0 0 	0 0 	0 0 	
285 2 	286 2 	309 2 	310 2 	0 0 	0 0 	0 0 	0 0 	0 0 	0 0 	0 0 	0 0 	0 0 	0 0 	0 0 	0 0 	0 0 	0 0 	0 0 	0 0 	0 0 	0 0 	0 0 	0 0 	0 0 	
263 2 	264 2 	286 2 	287 2 	310 2 	311 2 	334 2 	335 2 	0 0 	0 0 	0 0 	0 0 	0 0 	0 0 	0 0 	0 0 	0 0 	0 0 	0 0 	0 0 	0 0 	0 0 	0 0 	0 0 	0 0 	
287 2 	288 2 	311 2 	312 2 	0 0 	0 0 	0 0 	0 0 	0 0 	0 0 	0 0 	0 0 	0 0 	0 0 	0 0 	0 0 	0 0 	0 0 	0 0 	0 0 	0 0 	0 0 	0 0 	0 0 	0 0 	
288 2 	312 2 	336 2 	337 2 	0 0 	0 0 	0 0 	0 0 	0 0 	0 0 	0 0 	0 0 	0 0 	0 0 	0 0 	0 0 	0 0 	0 0 	0 0 	0 0 	0 0 	0 0 	0 0 	0 0 	0 0 	
289 2 	290 2 	313 2 	314 2 	0 0 	0 0 	0 0 	0 0 	0 0 	0 0 	0 0 	0 0 	0 0 	0 0 	0 0 	0 0 	0 0 	0 0 	0 0 	0 0 	0 0 	0 0 	0 0 	0 0 	0 0 	
291 2 	292 2 	315 2 	316 2 	0 0 	0 0 	0 0 	0 0 	0 0 	0 0 	0 0 	0 0 	0 0 	0 0 	0 0 	0 0 	0 0 	0 0 	0 0 	0 0 	0 0 	0 0 	0 0 	0 0 	0 0 	
293 2 	294 2 	317 2 	318 2 	0 0 	0 0 	0 0 	0 0 	0 0 	0 0 	0 0 	0 0 	0 0 	0 0 	0 0 	0 0 	0 0 	0 0 	0 0 	0 0 	0 0 	0 0 	0 0 	0 0 	0 0 	
295 2 	296 2 	319 2 	320 2 	0 0 	0 0 	0 0 	0 0 	0 0 	0 0 	0 0 	0 0 	0 0 	0 0 	0 0 	0 0 	0 0 	0 0 	0 0 	0 0 	0 0 	0 0 	0 0 	0 0 	0 0 	
297 2 	298 2 	321 2 	322 2 	0 0 	0 0 	0 0 	0 0 	0 0 	0 0 	0 0 	0 0 	0 0 	0 0 	0 0 	0 0 	0 0 	0 0 	0 0 	0 0 	0 0 	0 0 	0 0 	0 0 	0 0 	
299 2 	300 2 	323 2 	324 2 	0 0 	0 0 	0 0 	0 0 	0 0 	0 0 	0 0 	0 0 	0 0 	0 0 	0 0 	0 0 	0 0 	0 0 	0 0 	0 0 	0 0 	0 0 	0 0 	0 0 	0 0 	
301 2 	302 2 	325 2 	326 2 	0 0 	0 0 	0 0 	0 0 	0 0 	0 0 	0 0 	0 0 	0 0 	0 0 	0 0 	0 0 	0 0 	0 0 	0 0 	0 0 	0 0 	0 0 	0 0 	0 0 	0 0 	
303 2 	304 2 	327 2 	328 2 	0 0 	0 0 	0 0 	0 0 	0 0 	0 0 	0 0 	0 0 	0 0 	0 0 	0 0 	0 0 	0 0 	0 0 	0 0 	0 0 	0 0 	0 0 	0 0 	0 0 	0 0 	
305 2 	306 2 	329 2 	330 2 	0 0 	0 0 	0 0 	0 0 	0 0 	0 0 	0 0 	0 0 	0 0 	0 0 	0 0 	0 0 	0 0 	0 0 	0 0 	0 0 	0 0 	0 0 	0 0 	0 0 	0 0 	
307 2 	308 2 	331 2 	332 2 	0 0 	0 0 	0 0 	0 0 	0 0 	0 0 	0 0 	0 0 	0 0 	0 0 	0 0 	0 0 	0 0 	0 0 	0 0 	0 0 	0 0 	0 0 	0 0 	0 0 	0 0 	
309 2 	310 2 	333 2 	334 2 	0 0 	0 0 	0 0 	0 0 	0 0 	0 0 	0 0 	0 0 	0 0 	0 0 	0 0 	0 0 	0 0 	0 0 	0 0 	0 0 	0 0 	0 0 	0 0 	0 0 	0 0 	
311 2 	312 2 	335 2 	336 2 	0 0 	0 0 	0 0 	0 0 	0 0 	0 0 	0 0 	0 0 	0 0 	0 0 	0 0 	0 0 	0 0 	0 0 	0 0 	0 0 	0 0 	0 0 	0 0 	0 0 	0 0 	
1 2 	3 2 	7 2 	8 2 	17 2 	23 2 	31 2 	32 2 	49 2 	59 2 	71 2 	72 2 	97 2 	111 2 	127 2 	128 2 	161 2 	179 2 	199 2 	200 2 	241 2 	263 2 	287 2 	288 2 	337 2 	
313 1 	314 1 	315 1 	316 1 	317 1 	318 1 	319 1 	320 1 	321 1 	322 1 	323 1 	324 1 	325 1 	326 1 	327 1 	328 1 	329 1 	330 1 	331 1 	332 1 	333 1 	334 1 	335 1 	336 1 	337 1 	
