38 18
3 6
1 2 2 3 2 3 2 3 3 2 2 3 3 3 1 2 2 2 1 1 2 2 3 2 3 2 3 3 2 2 3 3 3 1 2 2 2 1 
4 4 6 4 6 6 4 4 4 4 4 6 4 6 6 4 4 4 
10 0 0 
10 11 0 
10 12 0 
10 11 12 
12 13 0 
11 12 14 
11 14 0 
12 13 15 
12 14 15 
14 16 0 
13 17 0 
13 15 17 
14 15 18 
14 16 18 
17 0 0 
15 17 0 
15 18 0 
16 18 0 
16 0 0 
1 0 0 
1 2 0 
1 3 0 
1 2 3 
3 4 0 
2 3 5 
2 5 0 
3 4 6 
3 5 6 
5 7 0 
4 8 0 
4 6 8 
5 6 9 
5 7 9 
8 0 0 
6 8 0 
6 9 0 
7 9 0 
7 0 0 
20 21 22 23 0 0 
21 23 25 26 0 0 
22 23 24 25 27 28 
24 27 30 31 0 0 
25 26 28 29 32 33 
27 28 31 32 35 36 
29 33 37 38 0 0 
30 31 34 35 0 0 
32 33 36 37 0 0 
1 2 3 4 0 0 
2 4 6 7 0 0 
3 4 5 6 8 9 
5 8 11 12 0 0 
6 7 9 10 13 14 
8 9 12 13 16 17 
10 14 18 19 0 0 
11 12 15 16 0 0 
13 14 17 18 0 0 
