127 128
7 15
5 2 7 4 4 6 5 5 4 6 6 6 4 4 6 6 7 4 6 6 6 6 7 4 4 6 6 6 6 6 5 5 4 6 6 6 6 6 6 6 4 4 6 6 6 6 6 6 7 4 6 6 6 6 6 6 6 6 7 4 4 6 6 6 6 6 6 6 6 6 5 5 4 6 6 6 6 6 6 6 6 6 6 6 4 4 6 6 6 6 6 6 6 6 6 6 7 4 6 6 6 6 6 6 6 6 6 6 6 6 7 4 3 5 5 5 5 5 5 5 5 5 5 5 5 5 4 
4 4 4 8 4 4 4 4 8 4 8 4 4 8 4 8 4 8 4 4 4 4 8 4 8 4 8 4 8 4 4 8 4 8 4 8 4 8 4 8 4 4 4 4 8 4 8 4 8 4 8 4 8 4 8 4 4 4 4 4 4 4 4 4 4 4 8 4 4 4 4 8 4 8 4 4 8 4 8 4 8 4 4 4 4 8 4 8 4 8 4 8 4 4 8 4 8 4 8 4 8 4 8 4 4 4 4 8 4 8 4 8 4 8 4 8 4 8 4 4 4 4 4 4 4 4 15 15 
1 1 	2 1 	64 2 	65 2 	127 2 	0 0 	0 0 	
2 1 	65 2 	0 0 	0 0 	0 0 	0 0 	0 0 	
1 1 	2 1 	4 1 	64 2 	65 2 	67 2 	127 2 	
2 1 	4 1 	65 2 	67 2 	0 0 	0 0 	0 0 	
1 1 	3 1 	64 2 	66 2 	0 0 	0 0 	0 0 	
1 1 	3 1 	4 1 	64 2 	66 2 	67 2 	0 0 	
4 1 	5 1 	67 2 	68 2 	127 2 	0 0 	0 0 	
5 1 	6 1 	68 2 	69 2 	127 2 	0 0 	0 0 	
3 1 	9 1 	66 2 	72 2 	0 0 	0 0 	0 0 	
3 1 	4 1 	9 1 	66 2 	67 2 	72 2 	0 0 	
4 1 	5 1 	11 1 	67 2 	68 2 	74 2 	0 0 	
5 1 	6 1 	11 1 	68 2 	69 2 	74 2 	0 0 	
7 1 	8 1 	70 2 	71 2 	0 0 	0 0 	0 0 	
8 1 	9 1 	71 2 	72 2 	0 0 	0 0 	0 0 	
4 1 	9 1 	10 1 	67 2 	72 2 	73 2 	0 0 	
4 1 	10 1 	11 1 	67 2 	73 2 	74 2 	0 0 	
6 1 	11 1 	12 1 	69 2 	74 2 	75 2 	127 2 	
6 1 	12 1 	69 2 	75 2 	0 0 	0 0 	0 0 	
7 1 	8 1 	14 1 	70 2 	71 2 	77 2 	0 0 	
8 1 	9 1 	14 1 	71 2 	72 2 	77 2 	0 0 	
9 1 	10 1 	16 1 	72 2 	73 2 	79 2 	0 0 	
10 1 	11 1 	16 1 	73 2 	74 2 	79 2 	0 0 	
11 1 	12 1 	18 1 	74 2 	75 2 	81 2 	127 2 	
12 1 	18 1 	75 2 	81 2 	0 0 	0 0 	0 0 	
7 1 	13 1 	70 2 	76 2 	0 0 	0 0 	0 0 	
7 1 	13 1 	14 1 	70 2 	76 2 	77 2 	0 0 	
9 1 	14 1 	15 1 	72 2 	77 2 	78 2 	0 0 	
9 1 	15 1 	16 1 	72 2 	78 2 	79 2 	0 0 	
11 1 	16 1 	17 1 	74 2 	79 2 	80 2 	0 0 	
11 1 	17 1 	18 1 	74 2 	80 2 	81 2 	0 0 	
18 1 	19 1 	81 2 	82 2 	127 2 	0 0 	0 0 	
19 1 	20 1 	82 2 	83 2 	127 2 	0 0 	0 0 	
13 1 	23 1 	76 2 	86 2 	0 0 	0 0 	0 0 	
13 1 	14 1 	23 1 	76 2 	77 2 	86 2 	0 0 	
14 1 	15 1 	25 1 	77 2 	78 2 	88 2 	0 0 	
15 1 	16 1 	25 1 	78 2 	79 2 	88 2 	0 0 	
16 1 	17 1 	27 1 	79 2 	80 2 	90 2 	0 0 	
17 1 	18 1 	27 1 	80 2 	81 2 	90 2 	0 0 	
18 1 	19 1 	29 1 	81 2 	82 2 	92 2 	0 0 	
19 1 	20 1 	29 1 	82 2 	83 2 	92 2 	0 0 	
21 1 	22 1 	84 2 	85 2 	0 0 	0 0 	0 0 	
22 1 	23 1 	85 2 	86 2 	0 0 	0 0 	0 0 	
14 1 	23 1 	24 1 	77 2 	86 2 	87 2 	0 0 	
14 1 	24 1 	25 1 	77 2 	87 2 	88 2 	0 0 	
16 1 	25 1 	26 1 	79 2 	88 2 	89 2 	0 0 	
16 1 	26 1 	27 1 	79 2 	89 2 	90 2 	0 0 	
18 1 	27 1 	28 1 	81 2 	90 2 	91 2 	0 0 	
18 1 	28 1 	29 1 	81 2 	91 2 	92 2 	0 0 	
20 1 	29 1 	30 1 	83 2 	92 2 	93 2 	127 2 	
20 1 	30 1 	83 2 	93 2 	0 0 	0 0 	0 0 	
21 1 	22 1 	32 1 	84 2 	85 2 	95 2 	0 0 	
22 1 	23 1 	32 1 	85 2 	86 2 	95 2 	0 0 	
23 1 	24 1 	34 1 	86 2 	87 2 	97 2 	0 0 	
24 1 	25 1 	34 1 	87 2 	88 2 	97 2 	0 0 	
25 1 	26 1 	36 1 	88 2 	89 2 	99 2 	0 0 	
26 1 	27 1 	36 1 	89 2 	90 2 	99 2 	0 0 	
27 1 	28 1 	38 1 	90 2 	91 2 	101 2 	0 0 	
28 1 	29 1 	38 1 	91 2 	92 2 	101 2 	0 0 	
29 1 	30 1 	40 1 	92 2 	93 2 	103 2 	127 2 	
30 1 	40 1 	93 2 	103 2 	0 0 	0 0 	0 0 	
21 1 	31 1 	84 2 	94 2 	0 0 	0 0 	0 0 	
21 1 	31 1 	32 1 	84 2 	94 2 	95 2 	0 0 	
23 1 	32 1 	33 1 	86 2 	95 2 	96 2 	0 0 	
23 1 	33 1 	34 1 	86 2 	96 2 	97 2 	0 0 	
25 1 	34 1 	35 1 	88 2 	97 2 	98 2 	0 0 	
25 1 	35 1 	36 1 	88 2 	98 2 	99 2 	0 0 	
27 1 	36 1 	37 1 	90 2 	99 2 	100 2 	0 0 	
27 1 	37 1 	38 1 	90 2 	100 2 	101 2 	0 0 	
29 1 	38 1 	39 1 	92 2 	101 2 	102 2 	0 0 	
29 1 	39 1 	40 1 	92 2 	102 2 	103 2 	0 0 	
40 1 	41 1 	103 2 	104 2 	127 2 	0 0 	0 0 	
41 1 	42 1 	104 2 	105 2 	127 2 	0 0 	0 0 	
31 1 	45 1 	94 2 	108 2 	0 0 	0 0 	0 0 	
31 1 	32 1 	45 1 	94 2 	95 2 	108 2 	0 0 	
32 1 	33 1 	47 1 	95 2 	96 2 	110 2 	0 0 	
33 1 	34 1 	47 1 	96 2 	97 2 	110 2 	0 0 	
34 1 	35 1 	49 1 	97 2 	98 2 	112 2 	0 0 	
35 1 	36 1 	49 1 	98 2 	99 2 	112 2 	0 0 	
36 1 	37 1 	51 1 	99 2 	100 2 	114 2 	0 0 	
37 1 	38 1 	51 1 	100 2 	101 2 	114 2 	0 0 	
38 1 	39 1 	53 1 	101 2 	102 2 	116 2 	0 0 	
39 1 	40 1 	53 1 	102 2 	103 2 	116 2 	0 0 	
40 1 	41 1 	55 1 	103 2 	104 2 	118 2 	0 0 	
41 1 	42 1 	55 1 	104 2 	105 2 	118 2 	0 0 	
43 1 	44 1 	106 2 	107 2 	0 0 	0 0 	0 0 	
44 1 	45 1 	107 2 	108 2 	0 0 	0 0 	0 0 	
32 1 	45 1 	46 1 	95 2 	108 2 	109 2 	0 0 	
32 1 	46 1 	47 1 	95 2 	109 2 	110 2 	0 0 	
34 1 	47 1 	48 1 	97 2 	110 2 	111 2 	0 0 	
34 1 	48 1 	49 1 	97 2 	111 2 	112 2 	0 0 	
36 1 	49 1 	50 1 	99 2 	112 2 	113 2 	0 0 	
36 1 	50 1 	51 1 	99 2 	113 2 	114 2 	0 0 	
38 1 	51 1 	52 1 	101 2 	114 2 	115 2 	0 0 	
38 1 	52 1 	53 1 	101 2 	115 2 	116 2 	0 0 	
40 1 	53 1 	54 1 	103 2 	116 2 	117 2 	0 0 	
40 1 	54 1 	55 1 	103 2 	117 2 	118 2 	0 0 	
42 1 	55 1 	56 1 	105 2 	118 2 	119 2 	127 2 	
42 1 	56 1 	105 2 	119 2 	0 0 	0 0 	0 0 	
43 1 	44 1 	57 1 	106 2 	107 2 	120 2 	0 0 	
44 1 	45 1 	57 1 	107 2 	108 2 	120 2 	0 0 	
45 1 	46 1 	58 1 	108 2 	109 2 	121 2 	0 0 	
46 1 	47 1 	58 1 	109 2 	110 2 	121 2 	0 0 	
47 1 	48 1 	59 1 	110 2 	111 2 	122 2 	0 0 	
48 1 	49 1 	59 1 	111 2 	112 2 	122 2 	0 0 	
49 1 	50 1 	60 1 	112 2 	113 2 	123 2 	0 0 	
50 1 	51 1 	60 1 	113 2 	114 2 	123 2 	0 0 	
51 1 	52 1 	61 1 	114 2 	115 2 	124 2 	0 0 	
52 1 	53 1 	61 1 	115 2 	116 2 	124 2 	0 0 	
53 1 	54 1 	62 1 	116 2 	117 2 	125 2 	0 0 	
54 1 	55 1 	62 1 	117 2 	118 2 	125 2 	0 0 	
55 1 	56 1 	63 1 	118 2 	119 2 	126 2 	127 2 	
56 1 	63 1 	119 2 	126 2 	0 0 	0 0 	0 0 	
43 1 	106 2 	128 1 	0 0 	0 0 	0 0 	0 0 	
43 1 	57 1 	106 2 	120 2 	128 1 	0 0 	0 0 	
45 1 	57 1 	108 2 	120 2 	128 1 	0 0 	0 0 	
45 1 	58 1 	108 2 	121 2 	128 1 	0 0 	0 0 	
47 1 	58 1 	110 2 	121 2 	128 1 	0 0 	0 0 	
47 1 	59 1 	110 2 	122 2 	128 1 	0 0 	0 0 	
49 1 	59 1 	112 2 	122 2 	128 1 	0 0 	0 0 	
49 1 	60 1 	112 2 	123 2 	128 1 	0 0 	0 0 	
51 1 	60 1 	114 2 	123 2 	128 1 	0 0 	0 0 	
51 1 	61 1 	114 2 	124 2 	128 1 	0 0 	0 0 	
53 1 	61 1 	116 2 	124 2 	128 1 	0 0 	0 0 	
53 1 	62 1 	116 2 	125 2 	128 1 	0 0 	0 0 	
55 1 	62 1 	118 2 	125 2 	128 1 	0 0 	0 0 	
55 1 	63 1 	118 2 	126 2 	128 1 	0 0 	0 0 	
63 1 	126 2 	127 2 	128 1 	0 0 	0 0 	0 0 	
1 1 	3 1 	5 1 	6 1 	0 0 	0 0 	0 0 	0 0 	0 0 	0 0 	0 0 	0 0 	0 0 	0 0 	0 0 	
1 1 	2 1 	3 1 	4 1 	0 0 	0 0 	0 0 	0 0 	0 0 	0 0 	0 0 	0 0 	0 0 	0 0 	0 0 	
5 1 	6 1 	9 1 	10 1 	0 0 	0 0 	0 0 	0 0 	0 0 	0 0 	0 0 	0 0 	0 0 	0 0 	0 0 	
3 1 	4 1 	6 1 	7 1 	10 1 	11 1 	15 1 	16 1 	0 0 	0 0 	0 0 	0 0 	0 0 	0 0 	0 0 	
7 1 	8 1 	11 1 	12 1 	0 0 	0 0 	0 0 	0 0 	0 0 	0 0 	0 0 	0 0 	0 0 	0 0 	0 0 	
8 1 	12 1 	17 1 	18 1 	0 0 	0 0 	0 0 	0 0 	0 0 	0 0 	0 0 	0 0 	0 0 	0 0 	0 0 	
13 1 	19 1 	25 1 	26 1 	0 0 	0 0 	0 0 	0 0 	0 0 	0 0 	0 0 	0 0 	0 0 	0 0 	0 0 	
13 1 	14 1 	19 1 	20 1 	0 0 	0 0 	0 0 	0 0 	0 0 	0 0 	0 0 	0 0 	0 0 	0 0 	0 0 	
9 1 	10 1 	14 1 	15 1 	20 1 	21 1 	27 1 	28 1 	0 0 	0 0 	0 0 	0 0 	0 0 	0 0 	0 0 	
15 1 	16 1 	21 1 	22 1 	0 0 	0 0 	0 0 	0 0 	0 0 	0 0 	0 0 	0 0 	0 0 	0 0 	0 0 	
11 1 	12 1 	16 1 	17 1 	22 1 	23 1 	29 1 	30 1 	0 0 	0 0 	0 0 	0 0 	0 0 	0 0 	0 0 	
17 1 	18 1 	23 1 	24 1 	0 0 	0 0 	0 0 	0 0 	0 0 	0 0 	0 0 	0 0 	0 0 	0 0 	0 0 	
25 1 	26 1 	33 1 	34 1 	0 0 	0 0 	0 0 	0 0 	0 0 	0 0 	0 0 	0 0 	0 0 	0 0 	0 0 	
19 1 	20 1 	26 1 	27 1 	34 1 	35 1 	43 1 	44 1 	0 0 	0 0 	0 0 	0 0 	0 0 	0 0 	0 0 	
27 1 	28 1 	35 1 	36 1 	0 0 	0 0 	0 0 	0 0 	0 0 	0 0 	0 0 	0 0 	0 0 	0 0 	0 0 	
21 1 	22 1 	28 1 	29 1 	36 1 	37 1 	45 1 	46 1 	0 0 	0 0 	0 0 	0 0 	0 0 	0 0 	0 0 	
29 1 	30 1 	37 1 	38 1 	0 0 	0 0 	0 0 	0 0 	0 0 	0 0 	0 0 	0 0 	0 0 	0 0 	0 0 	
23 1 	24 1 	30 1 	31 1 	38 1 	39 1 	47 1 	48 1 	0 0 	0 0 	0 0 	0 0 	0 0 	0 0 	0 0 	
31 1 	32 1 	39 1 	40 1 	0 0 	0 0 	0 0 	0 0 	0 0 	0 0 	0 0 	0 0 	0 0 	0 0 	0 0 	
32 1 	40 1 	49 1 	50 1 	0 0 	0 0 	0 0 	0 0 	0 0 	0 0 	0 0 	0 0 	0 0 	0 0 	0 0 	
41 1 	51 1 	61 1 	62 1 	0 0 	0 0 	0 0 	0 0 	0 0 	0 0 	0 0 	0 0 	0 0 	0 0 	0 0 	
41 1 	42 1 	51 1 	52 1 	0 0 	0 0 	0 0 	0 0 	0 0 	0 0 	0 0 	0 0 	0 0 	0 0 	0 0 	
33 1 	34 1 	42 1 	43 1 	52 1 	53 1 	63 1 	64 1 	0 0 	0 0 	0 0 	0 0 	0 0 	0 0 	0 0 	
43 1 	44 1 	53 1 	54 1 	0 0 	0 0 	0 0 	0 0 	0 0 	0 0 	0 0 	0 0 	0 0 	0 0 	0 0 	
35 1 	36 1 	44 1 	45 1 	54 1 	55 1 	65 1 	66 1 	0 0 	0 0 	0 0 	0 0 	0 0 	0 0 	0 0 	
45 1 	46 1 	55 1 	56 1 	0 0 	0 0 	0 0 	0 0 	0 0 	0 0 	0 0 	0 0 	0 0 	0 0 	0 0 	
37 1 	38 1 	46 1 	47 1 	56 1 	57 1 	67 1 	68 1 	0 0 	0 0 	0 0 	0 0 	0 0 	0 0 	0 0 	
47 1 	48 1 	57 1 	58 1 	0 0 	0 0 	0 0 	0 0 	0 0 	0 0 	0 0 	0 0 	0 0 	0 0 	0 0 	
39 1 	40 1 	48 1 	49 1 	58 1 	59 1 	69 1 	70 1 	0 0 	0 0 	0 0 	0 0 	0 0 	0 0 	0 0 	
49 1 	50 1 	59 1 	60 1 	0 0 	0 0 	0 0 	0 0 	0 0 	0 0 	0 0 	0 0 	0 0 	0 0 	0 0 	
61 1 	62 1 	73 1 	74 1 	0 0 	0 0 	0 0 	0 0 	0 0 	0 0 	0 0 	0 0 	0 0 	0 0 	0 0 	
51 1 	52 1 	62 1 	63 1 	74 1 	75 1 	87 1 	88 1 	0 0 	0 0 	0 0 	0 0 	0 0 	0 0 	0 0 	
63 1 	64 1 	75 1 	76 1 	0 0 	0 0 	0 0 	0 0 	0 0 	0 0 	0 0 	0 0 	0 0 	0 0 	0 0 	
53 1 	54 1 	64 1 	65 1 	76 1 	77 1 	89 1 	90 1 	0 0 	0 0 	0 0 	0 0 	0 0 	0 0 	0 0 	
65 1 	66 1 	77 1 	78 1 	0 0 	0 0 	0 0 	0 0 	0 0 	0 0 	0 0 	0 0 	0 0 	0 0 	0 0 	
55 1 	56 1 	66 1 	67 1 	78 1 	79 1 	91 1 	92 1 	0 0 	0 0 	0 0 	0 0 	0 0 	0 0 	0 0 	
67 1 	68 1 	79 1 	80 1 	0 0 	0 0 	0 0 	0 0 	0 0 	0 0 	0 0 	0 0 	0 0 	0 0 	0 0 	
57 1 	58 1 	68 1 	69 1 	80 1 	81 1 	93 1 	94 1 	0 0 	0 0 	0 0 	0 0 	0 0 	0 0 	0 0 	
69 1 	70 1 	81 1 	82 1 	0 0 	0 0 	0 0 	0 0 	0 0 	0 0 	0 0 	0 0 	0 0 	0 0 	0 0 	
59 1 	60 1 	70 1 	71 1 	82 1 	83 1 	95 1 	96 1 	0 0 	0 0 	0 0 	0 0 	0 0 	0 0 	0 0 	
71 1 	72 1 	83 1 	84 1 	0 0 	0 0 	0 0 	0 0 	0 0 	0 0 	0 0 	0 0 	0 0 	0 0 	0 0 	
72 1 	84 1 	97 1 	98 1 	0 0 	0 0 	0 0 	0 0 	0 0 	0 0 	0 0 	0 0 	0 0 	0 0 	0 0 	
85 1 	99 1 	113 1 	114 1 	0 0 	0 0 	0 0 	0 0 	0 0 	0 0 	0 0 	0 0 	0 0 	0 0 	0 0 	
85 1 	86 1 	99 1 	100 1 	0 0 	0 0 	0 0 	0 0 	0 0 	0 0 	0 0 	0 0 	0 0 	0 0 	0 0 	
73 1 	74 1 	86 1 	87 1 	100 1 	101 1 	115 1 	116 1 	0 0 	0 0 	0 0 	0 0 	0 0 	0 0 	0 0 	
87 1 	88 1 	101 1 	102 1 	0 0 	0 0 	0 0 	0 0 	0 0 	0 0 	0 0 	0 0 	0 0 	0 0 	0 0 	
75 1 	76 1 	88 1 	89 1 	102 1 	103 1 	117 1 	118 1 	0 0 	0 0 	0 0 	0 0 	0 0 	0 0 	0 0 	
89 1 	90 1 	103 1 	104 1 	0 0 	0 0 	0 0 	0 0 	0 0 	0 0 	0 0 	0 0 	0 0 	0 0 	0 0 	
77 1 	78 1 	90 1 	91 1 	104 1 	105 1 	119 1 	120 1 	0 0 	0 0 	0 0 	0 0 	0 0 	0 0 	0 0 	
91 1 	92 1 	105 1 	106 1 	0 0 	0 0 	0 0 	0 0 	0 0 	0 0 	0 0 	0 0 	0 0 	0 0 	0 0 	
79 1 	80 1 	92 1 	93 1 	106 1 	107 1 	121 1 	122 1 	0 0 	0 0 	0 0 	0 0 	0 0 	0 0 	0 0 	
93 1 	94 1 	107 1 	108 1 	0 0 	0 0 	0 0 	0 0 	0 0 	0 0 	0 0 	0 0 	0 0 	0 0 	0 0 	
81 1 	82 1 	94 1 	95 1 	108 1 	109 1 	123 1 	124 1 	0 0 	0 0 	0 0 	0 0 	0 0 	0 0 	0 0 	
95 1 	96 1 	109 1 	110 1 	0 0 	0 0 	0 0 	0 0 	0 0 	0 0 	0 0 	0 0 	0 0 	0 0 	0 0 	
83 1 	84 1 	96 1 	97 1 	110 1 	111 1 	125 1 	126 1 	0 0 	0 0 	0 0 	0 0 	0 0 	0 0 	0 0 	
97 1 	98 1 	111 1 	112 1 	0 0 	0 0 	0 0 	0 0 	0 0 	0 0 	0 0 	0 0 	0 0 	0 0 	0 0 	
99 1 	100 1 	114 1 	115 1 	0 0 	0 0 	0 0 	0 0 	0 0 	0 0 	0 0 	0 0 	0 0 	0 0 	0 0 	
101 1 	102 1 	116 1 	117 1 	0 0 	0 0 	0 0 	0 0 	0 0 	0 0 	0 0 	0 0 	0 0 	0 0 	0 0 	
103 1 	104 1 	118 1 	119 1 	0 0 	0 0 	0 0 	0 0 	0 0 	0 0 	0 0 	0 0 	0 0 	0 0 	0 0 	
105 1 	106 1 	120 1 	121 1 	0 0 	0 0 	0 0 	0 0 	0 0 	0 0 	0 0 	0 0 	0 0 	0 0 	0 0 	
107 1 	108 1 	122 1 	123 1 	0 0 	0 0 	0 0 	0 0 	0 0 	0 0 	0 0 	0 0 	0 0 	0 0 	0 0 	
109 1 	110 1 	124 1 	125 1 	0 0 	0 0 	0 0 	0 0 	0 0 	0 0 	0 0 	0 0 	0 0 	0 0 	0 0 	
111 1 	112 1 	126 1 	127 1 	0 0 	0 0 	0 0 	0 0 	0 0 	0 0 	0 0 	0 0 	0 0 	0 0 	0 0 	
1 2 	3 2 	5 2 	6 2 	0 0 	0 0 	0 0 	0 0 	0 0 	0 0 	0 0 	0 0 	0 0 	0 0 	0 0 	
1 2 	2 2 	3 2 	4 2 	0 0 	0 0 	0 0 	0 0 	0 0 	0 0 	0 0 	0 0 	0 0 	0 0 	0 0 	
5 2 	6 2 	9 2 	10 2 	0 0 	0 0 	0 0 	0 0 	0 0 	0 0 	0 0 	0 0 	0 0 	0 0 	0 0 	
3 2 	4 2 	6 2 	7 2 	10 2 	11 2 	15 2 	16 2 	0 0 	0 0 	0 0 	0 0 	0 0 	0 0 	0 0 	
7 2 	8 2 	11 2 	12 2 	0 0 	0 0 	0 0 	0 0 	0 0 	0 0 	0 0 	0 0 	0 0 	0 0 	0 0 	
8 2 	12 2 	17 2 	18 2 	0 0 	0 0 	0 0 	0 0 	0 0 	0 0 	0 0 	0 0 	0 0 	0 0 	0 0 	
13 2 	19 2 	25 2 	26 2 	0 0 	0 0 	0 0 	0 0 	0 0 	0 0 	0 0 	0 0 	0 0 	0 0 	0 0 	
13 2 	14 2 	19 2 	20 2 	0 0 	0 0 	0 0 	0 0 	0 0 	0 0 	0 0 	0 0 	0 0 	0 0 	0 0 	
9 2 	10 2 	14 2 	15 2 	20 2 	21 2 	27 2 	28 2 	0 0 	0 0 	0 0 	0 0 	0 0 	0 0 	0 0 	
15 2 	16 2 	21 2 	22 2 	0 0 	0 0 	0 0 	0 0 	0 0 	0 0 	0 0 	0 0 	0 0 	0 0 	0 0 	
11 2 	12 2 	16 2 	17 2 	22 2 	23 2 	29 2 	30 2 	0 0 	0 0 	0 0 	0 0 	0 0 	0 0 	0 0 	
17 2 	18 2 	23 2 	24 2 	0 0 	0 0 	0 0 	0 0 	0 0 	0 0 	0 0 	0 0 	0 0 	0 0 	0 0 	
25 2 	26 2 	33 2 	34 2 	0 0 	0 0 	0 0 	0 0 	0 0 	0 0 	0 0 	0 0 	0 0 	0 0 	0 0 	
19 2 	20 2 	26 2 	27 2 	34 2 	35 2 	43 2 	44 2 	0 0 	0 0 	0 0 	0 0 	0 0 	0 0 	0 0 	
27 2 	28 2 	35 2 	36 2 	0 0 	0 0 	0 0 	0 0 	0 0 	0 0 	0 0 	0 0 	0 0 	0 0 	0 0 	
21 2 	22 2 	28 2 	29 2 	36 2 	37 2 	45 2 	46 2 	0 0 	0 0 	0 0 	0 0 	0 0 	0 0 	0 0 	
29 2 	30 2 	37 2 	38 2 	0 0 	0 0 	0 0 	0 0 	0 0 	0 0 	0 0 	0 0 	0 0 	0 0 	0 0 	
23 2 	24 2 	30 2 	31 2 	38 2 	39 2 	47 2 	48 2 	0 0 	0 0 	0 0 	0 0 	0 0 	0 0 	0 0 	
31 2 	32 2 	39 2 	40 2 	0 0 	0 0 	0 0 	0 0 	0 0 	0 0 	0 0 	0 0 	0 0 	0 0 	0 0 	
32 2 	40 2 	49 2 	50 2 	0 0 	0 0 	0 0 	0 0 	0 0 	0 0 	0 0 	0 0 	0 0 	0 0 	0 0 	
41 2 	51 2 	61 2 	62 2 	0 0 	0 0 	0 0 	0 0 	0 0 	0 0 	0 0 	0 0 	0 0 	0 0 	0 0 	
41 2 	42 2 	51 2 	52 2 	0 0 	0 0 	0 0 	0 0 	0 0 	0 0 	0 0 	0 0 	0 0 	0 0 	0 0 	
33 2 	34 2 	42 2 	43 2 	52 2 	53 2 	63 2 	64 2 	0 0 	0 0 	0 0 	0 0 	0 0 	0 0 	0 0 	
43 2 	44 2 	53 2 	54 2 	0 0 	0 0 	0 0 	0 0 	0 0 	0 0 	0 0 	0 0 	0 0 	0 0 	0 0 	
35 2 	36 2 	44 2 	45 2 	54 2 	55 2 	65 2 	66 2 	0 0 	0 0 	0 0 	0 0 	0 0 	0 0 	0 0 	
45 2 	46 2 	55 2 	56 2 	0 0 	0 0 	0 0 	0 0 	0 0 	0 0 	0 0 	0 0 	0 0 	0 0 	0 0 	
37 2 	38 2 	46 2 	47 2 	56 2 	57 2 	67 2 	68 2 	0 0 	0 0 	0 0 	0 0 	0 0 	0 0 	0 0 	
47 2 	48 2 	57 2 	58 2 	0 0 	0 0 	0 0 	0 0 	0 0 	0 0 	0 0 	0 0 	0 0 	0 0 	0 0 	
39 2 	40 2 	48 2 	49 2 	58 2 	59 2 	69 2 	70 2 	0 0 	0 0 	0 0 	0 0 	0 0 	0 0 	0 0 	
49 2 	50 2 	59 2 	60 2 	0 0 	0 0 	0 0 	0 0 	0 0 	0 0 	0 0 	0 0 	0 0 	0 0 	0 0 	
61 2 	62 2 	73 2 	74 2 	0 0 	0 0 	0 0 	0 0 	0 0 	0 0 	0 0 	0 0 	0 0 	0 0 	0 0 	
51 2 	52 2 	62 2 	63 2 	74 2 	75 2 	87 2 	88 2 	0 0 	0 0 	0 0 	0 0 	0 0 	0 0 	0 0 	
63 2 	64 2 	75 2 	76 2 	0 0 	0 0 	0 0 	0 0 	0 0 	0 0 	0 0 	0 0 	0 0 	0 0 	0 0 	
53 2 	54 2 	64 2 	65 2 	76 2 	77 2 	89 2 	90 2 	0 0 	0 0 	0 0 	0 0 	0 0 	0 0 	0 0 	
65 2 	66 2 	77 2 	78 2 	0 0 	0 0 	0 0 	0 0 	0 0 	0 0 	0 0 	0 0 	0 0 	0 0 	0 0 	
55 2 	56 2 	66 2 	67 2 	78 2 	79 2 	91 2 	92 2 	0 0 	0 0 	0 0 	0 0 	0 0 	0 0 	0 0 	
67 2 	68 2 	79 2 	80 2 	0 0 	0 0 	0 0 	0 0 	0 0 	0 0 	0 0 	0 0 	0 0 	0 0 	0 0 	
57 2 	58 2 	68 2 	69 2 	80 2 	81 2 	93 2 	94 2 	0 0 	0 0 	0 0 	0 0 	0 0 	0 0 	0 0 	
69 2 	70 2 	81 2 	82 2 	0 0 	0 0 	0 0 	0 0 	0 0 	0 0 	0 0 	0 0 	0 0 	0 0 	0 0 	
59 2 	60 2 	70 2 	71 2 	82 2 	83 2 	95 2 	96 2 	0 0 	0 0 	0 0 	0 0 	0 0 	0 0 	0 0 	
71 2 	72 2 	83 2 	84 2 	0 0 	0 0 	0 0 	0 0 	0 0 	0 0 	0 0 	0 0 	0 0 	0 0 	0 0 	
72 2 	84 2 	97 2 	98 2 	0 0 	0 0 	0 0 	0 0 	0 0 	0 0 	0 0 	0 0 	0 0 	0 0 	0 0 	
85 2 	99 2 	113 2 	114 2 	0 0 	0 0 	0 0 	0 0 	0 0 	0 0 	0 0 	0 0 	0 0 	0 0 	0 0 	
85 2 	86 2 	99 2 	100 2 	0 0 	0 0 	0 0 	0 0 	0 0 	0 0 	0 0 	0 0 	0 0 	0 0 	0 0 	
73 2 	74 2 	86 2 	87 2 	100 2 	101 2 	115 2 	116 2 	0 0 	0 0 	0 0 	0 0 	0 0 	0 0 	0 0 	
87 2 	88 2 	101 2 	102 2 	0 0 	0 0 	0 0 	0 0 	0 0 	0 0 	0 0 	0 0 	0 0 	0 0 	0 0 	
75 2 	76 2 	88 2 	89 2 	102 2 	103 2 	117 2 	118 2 	0 0 	0 0 	0 0 	0 0 	0 0 	0 0 	0 0 	
89 2 	90 2 	103 2 	104 2 	0 0 	0 0 	0 0 	0 0 	0 0 	0 0 	0 0 	0 0 	0 0 	0 0 	0 0 	
77 2 	78 2 	90 2 	91 2 	104 2 	105 2 	119 2 	120 2 	0 0 	0 0 	0 0 	0 0 	0 0 	0 0 	0 0 	
91 2 	92 2 	105 2 	106 2 	0 0 	0 0 	0 0 	0 0 	0 0 	0 0 	0 0 	0 0 	0 0 	0 0 	0 0 	
79 2 	80 2 	92 2 	93 2 	106 2 	107 2 	121 2 	122 2 	0 0 	0 0 	0 0 	0 0 	0 0 	0 0 	0 0 	
93 2 	94 2 	107 2 	108 2 	0 0 	0 0 	0 0 	0 0 	0 0 	0 0 	0 0 	0 0 	0 0 	0 0 	0 0 	
81 2 	82 2 	94 2 	95 2 	108 2 	109 2 	123 2 	124 2 	0 0 	0 0 	0 0 	0 0 	0 0 	0 0 	0 0 	
95 2 	96 2 	109 2 	110 2 	0 0 	0 0 	0 0 	0 0 	0 0 	0 0 	0 0 	0 0 	0 0 	0 0 	0 0 	
83 2 	84 2 	96 2 	97 2 	110 2 	111 2 	125 2 	126 2 	0 0 	0 0 	0 0 	0 0 	0 0 	0 0 	0 0 	
97 2 	98 2 	111 2 	112 2 	0 0 	0 0 	0 0 	0 0 	0 0 	0 0 	0 0 	0 0 	0 0 	0 0 	0 0 	
99 2 	100 2 	114 2 	115 2 	0 0 	0 0 	0 0 	0 0 	0 0 	0 0 	0 0 	0 0 	0 0 	0 0 	0 0 	
101 2 	102 2 	116 2 	117 2 	0 0 	0 0 	0 0 	0 0 	0 0 	0 0 	0 0 	0 0 	0 0 	0 0 	0 0 	
103 2 	104 2 	118 2 	119 2 	0 0 	0 0 	0 0 	0 0 	0 0 	0 0 	0 0 	0 0 	0 0 	0 0 	0 0 	
105 2 	106 2 	120 2 	121 2 	0 0 	0 0 	0 0 	0 0 	0 0 	0 0 	0 0 	0 0 	0 0 	0 0 	0 0 	
107 2 	108 2 	122 2 	123 2 	0 0 	0 0 	0 0 	0 0 	0 0 	0 0 	0 0 	0 0 	0 0 	0 0 	0 0 	
109 2 	110 2 	124 2 	125 2 	0 0 	0 0 	0 0 	0 0 	0 0 	0 0 	0 0 	0 0 	0 0 	0 0 	0 0 	
111 2 	112 2 	126 2 	127 2 	0 0 	0 0 	0 0 	0 0 	0 0 	0 0 	0 0 	0 0 	0 0 	0 0 	0 0 	
1 2 	3 2 	7 2 	8 2 	17 2 	23 2 	31 2 	32 2 	49 2 	59 2 	71 2 	72 2 	97 2 	111 2 	127 2 	
113 1 	114 1 	115 1 	116 1 	117 1 	118 1 	119 1 	120 1 	121 1 	122 1 	123 1 	124 1 	125 1 	126 1 	127 1 	
