00000000000000000000000000000000000001111000000000000000000000000000000000
00000000000000000000000000000000000000101011000000000000000000000000000000
00000000000000000000000000000000000000011110110000000000000000000000000000
00000000000000000000000000000000000000000100100110000000000000000000000000
00000000000000000000000000000000000000000011011001100000000000000000000000
00000000000000000000000000000000000000000000110011001100000000000000000000
00000000000000000000000000000000000000000000001000100011000000000000000000
00000000000000000000000000000000000000000000000110011000110000000000000000
00000000000000000000000000000000000000000000000001100110001100000000000000
00000000000000000000000000000000000000000000000000010000100001100000000000
00000000000000000000000000000000000000000000000000001100011000011000000000
00000000000000000000000000000000000000000000000000000011000110000110000000
00000000000000000000000000000000000000000000000000000000110000110000110000
00000000000000000000000000000000000000000000000000000000001100001100001100
00000000000000000000000000000000000000000000000000000000000010000010000011
00000000000000000000000000000000000000000000000000000000000001100001100000
00000000000000000000000000000000000000000000000000000000000000011000011000
00000000000000000000000000000000000000000000000000000000000000000110000110
11110000000000000000000000000000000000000000000000000000000000000000000000
01010110000000000000000000000000000000000000000000000000000000000000000000
00111101100000000000000000000000000000000000000000000000000000000000000000
00001001001100000000000000000000000000000000000000000000000000000000000000
00000110110011000000000000000000000000000000000000000000000000000000000000
00000001100110011000000000000000000000000000000000000000000000000000000000
00000000010001000110000000000000000000000000000000000000000000000000000000
00000000001100110001100000000000000000000000000000000000000000000000000000
00000000000011001100011000000000000000000000000000000000000000000000000000
00000000000000100001000011000000000000000000000000000000000000000000000000
00000000000000011000110000110000000000000000000000000000000000000000000000
00000000000000000110001100001100000000000000000000000000000000000000000000
00000000000000000001100001100001100000000000000000000000000000000000000000
00000000000000000000011000011000011000000000000000000000000000000000000000
00000000000000000000000100000100000110000000000000000000000000000000000000
00000000000000000000000011000011000000000000000000000000000000000000000000
00000000000000000000000000110000110000000000000000000000000000000000000000
00000000000000000000000000001100001100000000000000000000000000000000000000
