74 36
3 6
1 2 2 3 2 3 2 3 3 2 2 3 3 3 2 3 3 3 2 3 3 3 3 2 2 3 3 3 3 3 1 2 2 2 2 2 1 1 2 2 3 2 3 2 3 3 2 2 3 3 3 2 3 3 3 2 3 3 3 3 2 2 3 3 3 3 3 1 2 2 2 2 2 1 
4 4 6 4 6 6 4 6 6 4 6 6 6 6 4 4 4 4 4 4 6 4 6 6 4 6 6 4 6 6 6 6 4 4 4 4 
19 0 0 
19 20 0 
19 21 0 
19 20 21 
21 22 0 
20 21 23 
20 23 0 
21 22 24 
21 23 24 
23 25 0 
22 26 0 
22 24 26 
23 24 27 
23 25 27 
26 28 0 
24 26 29 
24 27 29 
25 27 30 
25 30 0 
26 28 31 
26 29 31 
27 29 32 
27 30 32 
30 33 0 
28 34 0 
28 31 34 
29 31 35 
29 32 35 
30 32 36 
30 33 36 
34 0 0 
31 34 0 
31 35 0 
32 35 0 
32 36 0 
33 36 0 
33 0 0 
1 0 0 
1 2 0 
1 3 0 
1 2 3 
3 4 0 
2 3 5 
2 5 0 
3 4 6 
3 5 6 
5 7 0 
4 8 0 
4 6 8 
5 6 9 
5 7 9 
8 10 0 
6 8 11 
6 9 11 
7 9 12 
7 12 0 
8 10 13 
8 11 13 
9 11 14 
9 12 14 
12 15 0 
10 16 0 
10 13 16 
11 13 17 
11 14 17 
12 14 18 
12 15 18 
16 0 0 
13 16 0 
13 17 0 
14 17 0 
14 18 0 
15 18 0 
15 0 0 
38 39 40 41 0 0 
39 41 43 44 0 0 
40 41 42 43 45 46 
42 45 48 49 0 0 
43 44 46 47 50 51 
45 46 49 50 53 54 
47 51 55 56 0 0 
48 49 52 53 57 58 
50 51 54 55 59 60 
52 57 62 63 0 0 
53 54 58 59 64 65 
55 56 60 61 66 67 
57 58 63 64 69 70 
59 60 65 66 71 72 
61 67 73 74 0 0 
62 63 68 69 0 0 
64 65 70 71 0 0 
66 67 72 73 0 0 
1 2 3 4 0 0 
2 4 6 7 0 0 
3 4 5 6 8 9 
5 8 11 12 0 0 
6 7 9 10 13 14 
8 9 12 13 16 17 
10 14 18 19 0 0 
11 12 15 16 20 21 
13 14 17 18 22 23 
15 20 25 26 0 0 
16 17 21 22 27 28 
18 19 23 24 29 30 
20 21 26 27 32 33 
22 23 28 29 34 35 
24 30 36 37 0 0 
25 26 31 32 0 0 
27 28 33 34 0 0 
29 30 35 36 0 0 
