542 270
3 6
1 2 2 3 2 3 2 3 3 2 2 3 3 3 2 3 3 3 2 3 3 3 3 2 2 3 3 3 3 3 2 3 3 3 3 3 2 3 3 3 3 3 3 2 2 3 3 3 3 3 3 3 2 3 3 3 3 3 3 3 2 3 3 3 3 3 3 3 3 2 2 3 3 3 3 3 3 3 3 3 2 3 3 3 3 3 3 3 3 3 2 3 3 3 3 3 3 3 3 3 3 2 2 3 3 3 3 3 3 3 3 3 3 3 2 3 3 3 3 3 3 3 3 3 3 3 2 3 3 3 3 3 3 3 3 3 3 3 3 2 2 3 3 3 3 3 3 3 3 3 3 3 3 3 2 3 3 3 3 3 3 3 3 3 3 3 3 3 2 3 3 3 3 3 3 3 3 3 3 3 3 3 3 2 2 3 3 3 3 3 3 3 3 3 3 3 3 3 3 3 2 3 3 3 3 3 3 3 3 3 3 3 3 3 3 3 2 3 3 3 3 3 3 3 3 3 3 3 3 3 3 3 3 2 2 3 3 3 3 3 3 3 3 3 3 3 3 3 3 3 3 3 1 2 2 2 2 2 2 2 2 2 2 2 2 2 2 2 2 2 1 1 2 2 3 2 3 2 3 3 2 2 3 3 3 2 3 3 3 2 3 3 3 3 2 2 3 3 3 3 3 2 3 3 3 3 3 2 3 3 3 3 3 3 2 2 3 3 3 3 3 3 3 2 3 3 3 3 3 3 3 2 3 3 3 3 3 3 3 3 2 2 3 3 3 3 3 3 3 3 3 2 3 3 3 3 3 3 3 3 3 2 3 3 3 3 3 3 3 3 3 3 2 2 3 3 3 3 3 3 3 3 3 3 3 2 3 3 3 3 3 3 3 3 3 3 3 2 3 3 3 3 3 3 3 3 3 3 3 3 2 2 3 3 3 3 3 3 3 3 3 3 3 3 3 2 3 3 3 3 3 3 3 3 3 3 3 3 3 2 3 3 3 3 3 3 3 3 3 3 3 3 3 3 2 2 3 3 3 3 3 3 3 3 3 3 3 3 3 3 3 2 3 3 3 3 3 3 3 3 3 3 3 3 3 3 3 2 3 3 3 3 3 3 3 3 3 3 3 3 3 3 3 3 2 2 3 3 3 3 3 3 3 3 3 3 3 3 3 3 3 3 3 1 2 2 2 2 2 2 2 2 2 2 2 2 2 2 2 2 2 1 
4 4 6 4 6 6 4 6 6 4 6 6 6 6 4 6 6 6 4 6 6 6 6 6 6 4 6 6 6 6 4 6 6 6 6 6 6 6 6 4 6 6 6 6 6 4 6 6 6 6 6 6 6 6 6 6 4 6 6 6 6 6 6 4 6 6 6 6 6 6 6 6 6 6 6 6 4 6 6 6 6 6 6 6 4 6 6 6 6 6 6 6 6 6 6 6 6 6 6 4 6 6 6 6 6 6 6 6 4 6 6 6 6 6 6 6 6 6 6 6 6 6 6 6 6 4 4 4 4 4 4 4 4 4 4 4 4 6 4 6 6 4 6 6 4 6 6 6 6 4 6 6 6 4 6 6 6 6 6 6 4 6 6 6 6 4 6 6 6 6 6 6 6 6 4 6 6 6 6 6 4 6 6 6 6 6 6 6 6 6 6 4 6 6 6 6 6 6 4 6 6 6 6 6 6 6 6 6 6 6 6 4 6 6 6 6 6 6 6 4 6 6 6 6 6 6 6 6 6 6 6 6 6 6 4 6 6 6 6 6 6 6 6 4 6 6 6 6 6 6 6 6 6 6 6 6 6 6 6 6 4 4 4 4 4 4 4 4 4 4 
136 0 0 
136 137 0 
136 138 0 
136 137 138 
138 139 0 
137 138 140 
137 140 0 
138 139 141 
138 140 141 
140 142 0 
139 143 0 
139 141 143 
140 141 144 
140 142 144 
143 145 0 
141 143 146 
141 144 146 
142 144 147 
142 147 0 
143 145 148 
143 146 148 
144 146 149 
144 147 149 
147 150 0 
145 151 0 
145 148 151 
146 148 152 
146 149 152 
147 149 153 
147 150 153 
151 154 0 
148 151 155 
148 152 155 
149 152 156 
149 153 156 
150 153 157 
150 157 0 
151 154 158 
151 155 158 
152 155 159 
152 156 159 
153 156 160 
153 157 160 
157 161 0 
154 162 0 
154 158 162 
155 158 163 
155 159 163 
156 159 164 
156 160 164 
157 160 165 
157 161 165 
162 166 0 
158 162 167 
158 163 167 
159 163 168 
159 164 168 
160 164 169 
160 165 169 
161 165 170 
161 170 0 
162 166 171 
162 167 171 
163 167 172 
163 168 172 
164 168 173 
164 169 173 
165 169 174 
165 170 174 
170 175 0 
166 176 0 
166 171 176 
167 171 177 
167 172 177 
168 172 178 
168 173 178 
169 173 179 
169 174 179 
170 174 180 
170 175 180 
176 181 0 
171 176 182 
171 177 182 
172 177 183 
172 178 183 
173 178 184 
173 179 184 
174 179 185 
174 180 185 
175 180 186 
175 186 0 
176 181 187 
176 182 187 
177 182 188 
177 183 188 
178 183 189 
178 184 189 
179 184 190 
179 185 190 
180 185 191 
180 186 191 
186 192 0 
181 193 0 
181 187 193 
182 187 194 
182 188 194 
183 188 195 
183 189 195 
184 189 196 
184 190 196 
185 190 197 
185 191 197 
186 191 198 
186 192 198 
193 199 0 
187 193 200 
187 194 200 
188 194 201 
188 195 201 
189 195 202 
189 196 202 
190 196 203 
190 197 203 
191 197 204 
191 198 204 
192 198 205 
192 205 0 
193 199 206 
193 200 206 
194 200 207 
194 201 207 
195 201 208 
195 202 208 
196 202 209 
196 203 209 
197 203 210 
197 204 210 
198 204 211 
198 205 211 
205 212 0 
199 213 0 
199 206 213 
200 206 214 
200 207 214 
201 207 215 
201 208 215 
202 208 216 
202 209 216 
203 209 217 
203 210 217 
204 210 218 
204 211 218 
205 211 219 
205 212 219 
213 220 0 
206 213 221 
206 214 221 
207 214 222 
207 215 222 
208 215 223 
208 216 223 
209 216 224 
209 217 224 
210 217 225 
210 218 225 
211 218 226 
211 219 226 
212 219 227 
212 227 0 
213 220 228 
213 221 228 
214 221 229 
214 222 229 
215 222 230 
215 223 230 
216 223 231 
216 224 231 
217 224 232 
217 225 232 
218 225 233 
218 226 233 
219 226 234 
219 227 234 
227 235 0 
220 236 0 
220 228 236 
221 228 237 
221 229 237 
222 229 238 
222 230 238 
223 230 239 
223 231 239 
224 231 240 
224 232 240 
225 232 241 
225 233 241 
226 233 242 
226 234 242 
227 234 243 
227 235 243 
236 244 0 
228 236 245 
228 237 245 
229 237 246 
229 238 246 
230 238 247 
230 239 247 
231 239 248 
231 240 248 
232 240 249 
232 241 249 
233 241 250 
233 242 250 
234 242 251 
234 243 251 
235 243 252 
235 252 0 
236 244 253 
236 245 253 
237 245 254 
237 246 254 
238 246 255 
238 247 255 
239 247 256 
239 248 256 
240 248 257 
240 249 257 
241 249 258 
241 250 258 
242 250 259 
242 251 259 
243 251 260 
243 252 260 
252 261 0 
244 262 0 
244 253 262 
245 253 263 
245 254 263 
246 254 264 
246 255 264 
247 255 265 
247 256 265 
248 256 266 
248 257 266 
249 257 267 
249 258 267 
250 258 268 
250 259 268 
251 259 269 
251 260 269 
252 260 270 
252 261 270 
262 0 0 
253 262 0 
253 263 0 
254 263 0 
254 264 0 
255 264 0 
255 265 0 
256 265 0 
256 266 0 
257 266 0 
257 267 0 
258 267 0 
258 268 0 
259 268 0 
259 269 0 
260 269 0 
260 270 0 
261 270 0 
261 0 0 
1 0 0 
1 2 0 
1 3 0 
1 2 3 
3 4 0 
2 3 5 
2 5 0 
3 4 6 
3 5 6 
5 7 0 
4 8 0 
4 6 8 
5 6 9 
5 7 9 
8 10 0 
6 8 11 
6 9 11 
7 9 12 
7 12 0 
8 10 13 
8 11 13 
9 11 14 
9 12 14 
12 15 0 
10 16 0 
10 13 16 
11 13 17 
11 14 17 
12 14 18 
12 15 18 
16 19 0 
13 16 20 
13 17 20 
14 17 21 
14 18 21 
15 18 22 
15 22 0 
16 19 23 
16 20 23 
17 20 24 
17 21 24 
18 21 25 
18 22 25 
22 26 0 
19 27 0 
19 23 27 
20 23 28 
20 24 28 
21 24 29 
21 25 29 
22 25 30 
22 26 30 
27 31 0 
23 27 32 
23 28 32 
24 28 33 
24 29 33 
25 29 34 
25 30 34 
26 30 35 
26 35 0 
27 31 36 
27 32 36 
28 32 37 
28 33 37 
29 33 38 
29 34 38 
30 34 39 
30 35 39 
35 40 0 
31 41 0 
31 36 41 
32 36 42 
32 37 42 
33 37 43 
33 38 43 
34 38 44 
34 39 44 
35 39 45 
35 40 45 
41 46 0 
36 41 47 
36 42 47 
37 42 48 
37 43 48 
38 43 49 
38 44 49 
39 44 50 
39 45 50 
40 45 51 
40 51 0 
41 46 52 
41 47 52 
42 47 53 
42 48 53 
43 48 54 
43 49 54 
44 49 55 
44 50 55 
45 50 56 
45 51 56 
51 57 0 
46 58 0 
46 52 58 
47 52 59 
47 53 59 
48 53 60 
48 54 60 
49 54 61 
49 55 61 
50 55 62 
50 56 62 
51 56 63 
51 57 63 
58 64 0 
52 58 65 
52 59 65 
53 59 66 
53 60 66 
54 60 67 
54 61 67 
55 61 68 
55 62 68 
56 62 69 
56 63 69 
57 63 70 
57 70 0 
58 64 71 
58 65 71 
59 65 72 
59 66 72 
60 66 73 
60 67 73 
61 67 74 
61 68 74 
62 68 75 
62 69 75 
63 69 76 
63 70 76 
70 77 0 
64 78 0 
64 71 78 
65 71 79 
65 72 79 
66 72 80 
66 73 80 
67 73 81 
67 74 81 
68 74 82 
68 75 82 
69 75 83 
69 76 83 
70 76 84 
70 77 84 
78 85 0 
71 78 86 
71 79 86 
72 79 87 
72 80 87 
73 80 88 
73 81 88 
74 81 89 
74 82 89 
75 82 90 
75 83 90 
76 83 91 
76 84 91 
77 84 92 
77 92 0 
78 85 93 
78 86 93 
79 86 94 
79 87 94 
80 87 95 
80 88 95 
81 88 96 
81 89 96 
82 89 97 
82 90 97 
83 90 98 
83 91 98 
84 91 99 
84 92 99 
92 100 0 
85 101 0 
85 93 101 
86 93 102 
86 94 102 
87 94 103 
87 95 103 
88 95 104 
88 96 104 
89 96 105 
89 97 105 
90 97 106 
90 98 106 
91 98 107 
91 99 107 
92 99 108 
92 100 108 
101 109 0 
93 101 110 
93 102 110 
94 102 111 
94 103 111 
95 103 112 
95 104 112 
96 104 113 
96 105 113 
97 105 114 
97 106 114 
98 106 115 
98 107 115 
99 107 116 
99 108 116 
100 108 117 
100 117 0 
101 109 118 
101 110 118 
102 110 119 
102 111 119 
103 111 120 
103 112 120 
104 112 121 
104 113 121 
105 113 122 
105 114 122 
106 114 123 
106 115 123 
107 115 124 
107 116 124 
108 116 125 
108 117 125 
117 126 0 
109 127 0 
109 118 127 
110 118 128 
110 119 128 
111 119 129 
111 120 129 
112 120 130 
112 121 130 
113 121 131 
113 122 131 
114 122 132 
114 123 132 
115 123 133 
115 124 133 
116 124 134 
116 125 134 
117 125 135 
117 126 135 
127 0 0 
118 127 0 
118 128 0 
119 128 0 
119 129 0 
120 129 0 
120 130 0 
121 130 0 
121 131 0 
122 131 0 
122 132 0 
123 132 0 
123 133 0 
124 133 0 
124 134 0 
125 134 0 
125 135 0 
126 135 0 
126 0 0 
272 273 274 275 0 0 
273 275 277 278 0 0 
274 275 276 277 279 280 
276 279 282 283 0 0 
277 278 280 281 284 285 
279 280 283 284 287 288 
281 285 289 290 0 0 
282 283 286 287 291 292 
284 285 288 289 293 294 
286 291 296 297 0 0 
287 288 292 293 298 299 
289 290 294 295 300 301 
291 292 297 298 303 304 
293 294 299 300 305 306 
295 301 307 308 0 0 
296 297 302 303 309 310 
298 299 304 305 311 312 
300 301 306 307 313 314 
302 309 316 317 0 0 
303 304 310 311 318 319 
305 306 312 313 320 321 
307 308 314 315 322 323 
309 310 317 318 325 326 
311 312 319 320 327 328 
313 314 321 322 329 330 
315 323 331 332 0 0 
316 317 324 325 333 334 
318 319 326 327 335 336 
320 321 328 329 337 338 
322 323 330 331 339 340 
324 333 342 343 0 0 
325 326 334 335 344 345 
327 328 336 337 346 347 
329 330 338 339 348 349 
331 332 340 341 350 351 
333 334 343 344 353 354 
335 336 345 346 355 356 
337 338 347 348 357 358 
339 340 349 350 359 360 
341 351 361 362 0 0 
342 343 352 353 363 364 
344 345 354 355 365 366 
346 347 356 357 367 368 
348 349 358 359 369 370 
350 351 360 361 371 372 
352 363 374 375 0 0 
353 354 364 365 376 377 
355 356 366 367 378 379 
357 358 368 369 380 381 
359 360 370 371 382 383 
361 362 372 373 384 385 
363 364 375 376 387 388 
365 366 377 378 389 390 
367 368 379 380 391 392 
369 370 381 382 393 394 
371 372 383 384 395 396 
373 385 397 398 0 0 
374 375 386 387 399 400 
376 377 388 389 401 402 
378 379 390 391 403 404 
380 381 392 393 405 406 
382 383 394 395 407 408 
384 385 396 397 409 410 
386 399 412 413 0 0 
387 388 400 401 414 415 
389 390 402 403 416 417 
391 392 404 405 418 419 
393 394 406 407 420 421 
395 396 408 409 422 423 
397 398 410 411 424 425 
399 400 413 414 427 428 
401 402 415 416 429 430 
403 404 417 418 431 432 
405 406 419 420 433 434 
407 408 421 422 435 436 
409 410 423 424 437 438 
411 425 439 440 0 0 
412 413 426 427 441 442 
414 415 428 429 443 444 
416 417 430 431 445 446 
418 419 432 433 447 448 
420 421 434 435 449 450 
422 423 436 437 451 452 
424 425 438 439 453 454 
426 441 456 457 0 0 
427 428 442 443 458 459 
429 430 444 445 460 461 
431 432 446 447 462 463 
433 434 448 449 464 465 
435 436 450 451 466 467 
437 438 452 453 468 469 
439 440 454 455 470 471 
441 442 457 458 473 474 
443 444 459 460 475 476 
445 446 461 462 477 478 
447 448 463 464 479 480 
449 450 465 466 481 482 
451 452 467 468 483 484 
453 454 469 470 485 486 
455 471 487 488 0 0 
456 457 472 473 489 490 
458 459 474 475 491 492 
460 461 476 477 493 494 
462 463 478 479 495 496 
464 465 480 481 497 498 
466 467 482 483 499 500 
468 469 484 485 501 502 
470 471 486 487 503 504 
472 489 506 507 0 0 
473 474 490 491 508 509 
475 476 492 493 510 511 
477 478 494 495 512 513 
479 480 496 497 514 515 
481 482 498 499 516 517 
483 484 500 501 518 519 
485 486 502 503 520 521 
487 488 504 505 522 523 
489 490 507 508 525 526 
491 492 509 510 527 528 
493 494 511 512 529 530 
495 496 513 514 531 532 
497 498 515 516 533 534 
499 500 517 518 535 536 
501 502 519 520 537 538 
503 504 521 522 539 540 
505 523 541 542 0 0 
506 507 524 525 0 0 
508 509 526 527 0 0 
510 511 528 529 0 0 
512 513 530 531 0 0 
514 515 532 533 0 0 
516 517 534 535 0 0 
518 519 536 537 0 0 
520 521 538 539 0 0 
522 523 540 541 0 0 
1 2 3 4 0 0 
2 4 6 7 0 0 
3 4 5 6 8 9 
5 8 11 12 0 0 
6 7 9 10 13 14 
8 9 12 13 16 17 
10 14 18 19 0 0 
11 12 15 16 20 21 
13 14 17 18 22 23 
15 20 25 26 0 0 
16 17 21 22 27 28 
18 19 23 24 29 30 
20 21 26 27 32 33 
22 23 28 29 34 35 
24 30 36 37 0 0 
25 26 31 32 38 39 
27 28 33 34 40 41 
29 30 35 36 42 43 
31 38 45 46 0 0 
32 33 39 40 47 48 
34 35 41 42 49 50 
36 37 43 44 51 52 
38 39 46 47 54 55 
40 41 48 49 56 57 
42 43 50 51 58 59 
44 52 60 61 0 0 
45 46 53 54 62 63 
47 48 55 56 64 65 
49 50 57 58 66 67 
51 52 59 60 68 69 
53 62 71 72 0 0 
54 55 63 64 73 74 
56 57 65 66 75 76 
58 59 67 68 77 78 
60 61 69 70 79 80 
62 63 72 73 82 83 
64 65 74 75 84 85 
66 67 76 77 86 87 
68 69 78 79 88 89 
70 80 90 91 0 0 
71 72 81 82 92 93 
73 74 83 84 94 95 
75 76 85 86 96 97 
77 78 87 88 98 99 
79 80 89 90 100 101 
81 92 103 104 0 0 
82 83 93 94 105 106 
84 85 95 96 107 108 
86 87 97 98 109 110 
88 89 99 100 111 112 
90 91 101 102 113 114 
92 93 104 105 116 117 
94 95 106 107 118 119 
96 97 108 109 120 121 
98 99 110 111 122 123 
100 101 112 113 124 125 
102 114 126 127 0 0 
103 104 115 116 128 129 
105 106 117 118 130 131 
107 108 119 120 132 133 
109 110 121 122 134 135 
111 112 123 124 136 137 
113 114 125 126 138 139 
115 128 141 142 0 0 
116 117 129 130 143 144 
118 119 131 132 145 146 
120 121 133 134 147 148 
122 123 135 136 149 150 
124 125 137 138 151 152 
126 127 139 140 153 154 
128 129 142 143 156 157 
130 131 144 145 158 159 
132 133 146 147 160 161 
134 135 148 149 162 163 
136 137 150 151 164 165 
138 139 152 153 166 167 
140 154 168 169 0 0 
141 142 155 156 170 171 
143 144 157 158 172 173 
145 146 159 160 174 175 
147 148 161 162 176 177 
149 150 163 164 178 179 
151 152 165 166 180 181 
153 154 167 168 182 183 
155 170 185 186 0 0 
156 157 171 172 187 188 
158 159 173 174 189 190 
160 161 175 176 191 192 
162 163 177 178 193 194 
164 165 179 180 195 196 
166 167 181 182 197 198 
168 169 183 184 199 200 
170 171 186 187 202 203 
172 173 188 189 204 205 
174 175 190 191 206 207 
176 177 192 193 208 209 
178 179 194 195 210 211 
180 181 196 197 212 213 
182 183 198 199 214 215 
184 200 216 217 0 0 
185 186 201 202 218 219 
187 188 203 204 220 221 
189 190 205 206 222 223 
191 192 207 208 224 225 
193 194 209 210 226 227 
195 196 211 212 228 229 
197 198 213 214 230 231 
199 200 215 216 232 233 
201 218 235 236 0 0 
202 203 219 220 237 238 
204 205 221 222 239 240 
206 207 223 224 241 242 
208 209 225 226 243 244 
210 211 227 228 245 246 
212 213 229 230 247 248 
214 215 231 232 249 250 
216 217 233 234 251 252 
218 219 236 237 254 255 
220 221 238 239 256 257 
222 223 240 241 258 259 
224 225 242 243 260 261 
226 227 244 245 262 263 
228 229 246 247 264 265 
230 231 248 249 266 267 
232 233 250 251 268 269 
234 252 270 271 0 0 
235 236 253 254 0 0 
237 238 255 256 0 0 
239 240 257 258 0 0 
241 242 259 260 0 0 
243 244 261 262 0 0 
245 246 263 264 0 0 
247 248 265 266 0 0 
249 250 267 268 0 0 
251 252 269 270 0 0 
