254 126
3 6
1 2 2 3 2 3 2 3 3 2 2 3 3 3 2 3 3 3 2 3 3 3 3 2 2 3 3 3 3 3 2 3 3 3 3 3 2 3 3 3 3 3 3 2 2 3 3 3 3 3 3 3 2 3 3 3 3 3 3 3 2 3 3 3 3 3 3 3 3 2 2 3 3 3 3 3 3 3 3 3 2 3 3 3 3 3 3 3 3 3 2 3 3 3 3 3 3 3 3 3 3 2 2 3 3 3 3 3 3 3 3 3 3 3 1 2 2 2 2 2 2 2 2 2 2 2 1 1 2 2 3 2 3 2 3 3 2 2 3 3 3 2 3 3 3 2 3 3 3 3 2 2 3 3 3 3 3 2 3 3 3 3 3 2 3 3 3 3 3 3 2 2 3 3 3 3 3 3 3 2 3 3 3 3 3 3 3 2 3 3 3 3 3 3 3 3 2 2 3 3 3 3 3 3 3 3 3 2 3 3 3 3 3 3 3 3 3 2 3 3 3 3 3 3 3 3 3 3 2 2 3 3 3 3 3 3 3 3 3 3 3 1 2 2 2 2 2 2 2 2 2 2 2 1 
4 4 6 4 6 6 4 6 6 4 6 6 6 6 4 6 6 6 4 6 6 6 6 6 6 4 6 6 6 6 4 6 6 6 6 6 6 6 6 4 6 6 6 6 6 4 6 6 6 6 6 6 6 6 6 6 4 4 4 4 4 4 4 4 4 6 4 6 6 4 6 6 4 6 6 6 6 4 6 6 6 4 6 6 6 6 6 6 4 6 6 6 6 4 6 6 6 6 6 6 6 6 4 6 6 6 6 6 4 6 6 6 6 6 6 6 6 6 6 4 4 4 4 4 4 4 
64 0 0 
64 65 0 
64 66 0 
64 65 66 
66 67 0 
65 66 68 
65 68 0 
66 67 69 
66 68 69 
68 70 0 
67 71 0 
67 69 71 
68 69 72 
68 70 72 
71 73 0 
69 71 74 
69 72 74 
70 72 75 
70 75 0 
71 73 76 
71 74 76 
72 74 77 
72 75 77 
75 78 0 
73 79 0 
73 76 79 
74 76 80 
74 77 80 
75 77 81 
75 78 81 
79 82 0 
76 79 83 
76 80 83 
77 80 84 
77 81 84 
78 81 85 
78 85 0 
79 82 86 
79 83 86 
80 83 87 
80 84 87 
81 84 88 
81 85 88 
85 89 0 
82 90 0 
82 86 90 
83 86 91 
83 87 91 
84 87 92 
84 88 92 
85 88 93 
85 89 93 
90 94 0 
86 90 95 
86 91 95 
87 91 96 
87 92 96 
88 92 97 
88 93 97 
89 93 98 
89 98 0 
90 94 99 
90 95 99 
91 95 100 
91 96 100 
92 96 101 
92 97 101 
93 97 102 
93 98 102 
98 103 0 
94 104 0 
94 99 104 
95 99 105 
95 100 105 
96 100 106 
96 101 106 
97 101 107 
97 102 107 
98 102 108 
98 103 108 
104 109 0 
99 104 110 
99 105 110 
100 105 111 
100 106 111 
101 106 112 
101 107 112 
102 107 113 
102 108 113 
103 108 114 
103 114 0 
104 109 115 
104 110 115 
105 110 116 
105 111 116 
106 111 117 
106 112 117 
107 112 118 
107 113 118 
108 113 119 
108 114 119 
114 120 0 
109 121 0 
109 115 121 
110 115 122 
110 116 122 
111 116 123 
111 117 123 
112 117 124 
112 118 124 
113 118 125 
113 119 125 
114 119 126 
114 120 126 
121 0 0 
115 121 0 
115 122 0 
116 122 0 
116 123 0 
117 123 0 
117 124 0 
118 124 0 
118 125 0 
119 125 0 
119 126 0 
120 126 0 
120 0 0 
1 0 0 
1 2 0 
1 3 0 
1 2 3 
3 4 0 
2 3 5 
2 5 0 
3 4 6 
3 5 6 
5 7 0 
4 8 0 
4 6 8 
5 6 9 
5 7 9 
8 10 0 
6 8 11 
6 9 11 
7 9 12 
7 12 0 
8 10 13 
8 11 13 
9 11 14 
9 12 14 
12 15 0 
10 16 0 
10 13 16 
11 13 17 
11 14 17 
12 14 18 
12 15 18 
16 19 0 
13 16 20 
13 17 20 
14 17 21 
14 18 21 
15 18 22 
15 22 0 
16 19 23 
16 20 23 
17 20 24 
17 21 24 
18 21 25 
18 22 25 
22 26 0 
19 27 0 
19 23 27 
20 23 28 
20 24 28 
21 24 29 
21 25 29 
22 25 30 
22 26 30 
27 31 0 
23 27 32 
23 28 32 
24 28 33 
24 29 33 
25 29 34 
25 30 34 
26 30 35 
26 35 0 
27 31 36 
27 32 36 
28 32 37 
28 33 37 
29 33 38 
29 34 38 
30 34 39 
30 35 39 
35 40 0 
31 41 0 
31 36 41 
32 36 42 
32 37 42 
33 37 43 
33 38 43 
34 38 44 
34 39 44 
35 39 45 
35 40 45 
41 46 0 
36 41 47 
36 42 47 
37 42 48 
37 43 48 
38 43 49 
38 44 49 
39 44 50 
39 45 50 
40 45 51 
40 51 0 
41 46 52 
41 47 52 
42 47 53 
42 48 53 
43 48 54 
43 49 54 
44 49 55 
44 50 55 
45 50 56 
45 51 56 
51 57 0 
46 58 0 
46 52 58 
47 52 59 
47 53 59 
48 53 60 
48 54 60 
49 54 61 
49 55 61 
50 55 62 
50 56 62 
51 56 63 
51 57 63 
58 0 0 
52 58 0 
52 59 0 
53 59 0 
53 60 0 
54 60 0 
54 61 0 
55 61 0 
55 62 0 
56 62 0 
56 63 0 
57 63 0 
57 0 0 
128 129 130 131 0 0 
129 131 133 134 0 0 
130 131 132 133 135 136 
132 135 138 139 0 0 
133 134 136 137 140 141 
135 136 139 140 143 144 
137 141 145 146 0 0 
138 139 142 143 147 148 
140 141 144 145 149 150 
142 147 152 153 0 0 
143 144 148 149 154 155 
145 146 150 151 156 157 
147 148 153 154 159 160 
149 150 155 156 161 162 
151 157 163 164 0 0 
152 153 158 159 165 166 
154 155 160 161 167 168 
156 157 162 163 169 170 
158 165 172 173 0 0 
159 160 166 167 174 175 
161 162 168 169 176 177 
163 164 170 171 178 179 
165 166 173 174 181 182 
167 168 175 176 183 184 
169 170 177 178 185 186 
171 179 187 188 0 0 
172 173 180 181 189 190 
174 175 182 183 191 192 
176 177 184 185 193 194 
178 179 186 187 195 196 
180 189 198 199 0 0 
181 182 190 191 200 201 
183 184 192 193 202 203 
185 186 194 195 204 205 
187 188 196 197 206 207 
189 190 199 200 209 210 
191 192 201 202 211 212 
193 194 203 204 213 214 
195 196 205 206 215 216 
197 207 217 218 0 0 
198 199 208 209 219 220 
200 201 210 211 221 222 
202 203 212 213 223 224 
204 205 214 215 225 226 
206 207 216 217 227 228 
208 219 230 231 0 0 
209 210 220 221 232 233 
211 212 222 223 234 235 
213 214 224 225 236 237 
215 216 226 227 238 239 
217 218 228 229 240 241 
219 220 231 232 243 244 
221 222 233 234 245 246 
223 224 235 236 247 248 
225 226 237 238 249 250 
227 228 239 240 251 252 
229 241 253 254 0 0 
230 231 242 243 0 0 
232 233 244 245 0 0 
234 235 246 247 0 0 
236 237 248 249 0 0 
238 239 250 251 0 0 
240 241 252 253 0 0 
1 2 3 4 0 0 
2 4 6 7 0 0 
3 4 5 6 8 9 
5 8 11 12 0 0 
6 7 9 10 13 14 
8 9 12 13 16 17 
10 14 18 19 0 0 
11 12 15 16 20 21 
13 14 17 18 22 23 
15 20 25 26 0 0 
16 17 21 22 27 28 
18 19 23 24 29 30 
20 21 26 27 32 33 
22 23 28 29 34 35 
24 30 36 37 0 0 
25 26 31 32 38 39 
27 28 33 34 40 41 
29 30 35 36 42 43 
31 38 45 46 0 0 
32 33 39 40 47 48 
34 35 41 42 49 50 
36 37 43 44 51 52 
38 39 46 47 54 55 
40 41 48 49 56 57 
42 43 50 51 58 59 
44 52 60 61 0 0 
45 46 53 54 62 63 
47 48 55 56 64 65 
49 50 57 58 66 67 
51 52 59 60 68 69 
53 62 71 72 0 0 
54 55 63 64 73 74 
56 57 65 66 75 76 
58 59 67 68 77 78 
60 61 69 70 79 80 
62 63 72 73 82 83 
64 65 74 75 84 85 
66 67 76 77 86 87 
68 69 78 79 88 89 
70 80 90 91 0 0 
71 72 81 82 92 93 
73 74 83 84 94 95 
75 76 85 86 96 97 
77 78 87 88 98 99 
79 80 89 90 100 101 
81 92 103 104 0 0 
82 83 93 94 105 106 
84 85 95 96 107 108 
86 87 97 98 109 110 
88 89 99 100 111 112 
90 91 101 102 113 114 
92 93 104 105 116 117 
94 95 106 107 118 119 
96 97 108 109 120 121 
98 99 110 111 122 123 
100 101 112 113 124 125 
102 114 126 127 0 0 
103 104 115 116 0 0 
105 106 117 118 0 0 
107 108 119 120 0 0 
109 110 121 122 0 0 
111 112 123 124 0 0 
113 114 125 126 0 0 
