1010110000000000000000000000000
1111000000000000000000000000000
0000110011000000000000000000000
0011011001100011000000000000000
0000001100110000000000000000000
0000000100010000110000000000000
0000000000001000001000001100000
0000000000001100001100000000000
0000000011000110000110000011000
0000000000000011000011000000000
0000000000110001100001100000110
0000000000000000110000110000000
0000000000000000001100000110000
0000000000000000000011000001100
0000000000000000000000110000011
2020220000000000000000000000000
2222000000000000000000000000000
0000220022000000000000000000000
0022022002200022000000000000000
0000002200220000000000000000000
0000000200020000220000000000000
0000000000002000002000002200000
0000000000002200002200000000000
0000000022000220000220000022000
0000000000000022000022000000000
0000000000220002200002200000220
0000000000000000220000220000000
0000000000000000002200000220000
0000000000000000000022000002200
0000000000000000000000220000022
