91 90
6 6
2 4 4 6 4 6 4 6 6 4 4 6 6 6 4 6 6 6 4 6 6 6 6 4 4 6 6 6 6 6 4 6 6 6 6 6 4 6 6 6 6 6 6 4 4 6 6 6 6 6 6 6 4 6 6 6 6 6 6 6 4 6 6 6 6 6 6 6 6 4 4 6 6 6 6 6 6 6 6 6 2 4 4 4 4 4 4 4 4 4 2 
4 4 6 4 6 6 4 6 6 4 6 6 6 6 4 6 6 6 4 6 6 6 6 6 6 4 6 6 6 6 4 6 6 6 6 6 6 6 6 4 4 4 4 4 4 4 4 6 4 6 6 4 6 6 4 6 6 6 6 4 6 6 6 4 6 6 6 6 6 6 4 6 6 6 6 4 6 6 6 6 6 6 6 6 4 4 4 4 4 4 
1 1 	46 2 	0 0 	0 0 	0 0 	0 0 	
1 1 	2 1 	46 2 	47 2 	0 0 	0 0 	
1 1 	3 1 	46 2 	48 2 	0 0 	0 0 	
1 1 	2 1 	3 1 	46 2 	47 2 	48 2 	
3 1 	4 1 	48 2 	49 2 	0 0 	0 0 	
2 1 	3 1 	5 1 	47 2 	48 2 	50 2 	
2 1 	5 1 	47 2 	50 2 	0 0 	0 0 	
3 1 	4 1 	6 1 	48 2 	49 2 	51 2 	
3 1 	5 1 	6 1 	48 2 	50 2 	51 2 	
5 1 	7 1 	50 2 	52 2 	0 0 	0 0 	
4 1 	8 1 	49 2 	53 2 	0 0 	0 0 	
4 1 	6 1 	8 1 	49 2 	51 2 	53 2 	
5 1 	6 1 	9 1 	50 2 	51 2 	54 2 	
5 1 	7 1 	9 1 	50 2 	52 2 	54 2 	
8 1 	10 1 	53 2 	55 2 	0 0 	0 0 	
6 1 	8 1 	11 1 	51 2 	53 2 	56 2 	
6 1 	9 1 	11 1 	51 2 	54 2 	56 2 	
7 1 	9 1 	12 1 	52 2 	54 2 	57 2 	
7 1 	12 1 	52 2 	57 2 	0 0 	0 0 	
8 1 	10 1 	13 1 	53 2 	55 2 	58 2 	
8 1 	11 1 	13 1 	53 2 	56 2 	58 2 	
9 1 	11 1 	14 1 	54 2 	56 2 	59 2 	
9 1 	12 1 	14 1 	54 2 	57 2 	59 2 	
12 1 	15 1 	57 2 	60 2 	0 0 	0 0 	
10 1 	16 1 	55 2 	61 2 	0 0 	0 0 	
10 1 	13 1 	16 1 	55 2 	58 2 	61 2 	
11 1 	13 1 	17 1 	56 2 	58 2 	62 2 	
11 1 	14 1 	17 1 	56 2 	59 2 	62 2 	
12 1 	14 1 	18 1 	57 2 	59 2 	63 2 	
12 1 	15 1 	18 1 	57 2 	60 2 	63 2 	
16 1 	19 1 	61 2 	64 2 	0 0 	0 0 	
13 1 	16 1 	20 1 	58 2 	61 2 	65 2 	
13 1 	17 1 	20 1 	58 2 	62 2 	65 2 	
14 1 	17 1 	21 1 	59 2 	62 2 	66 2 	
14 1 	18 1 	21 1 	59 2 	63 2 	66 2 	
15 1 	18 1 	22 1 	60 2 	63 2 	67 2 	
15 1 	22 1 	60 2 	67 2 	0 0 	0 0 	
16 1 	19 1 	23 1 	61 2 	64 2 	68 2 	
16 1 	20 1 	23 1 	61 2 	65 2 	68 2 	
17 1 	20 1 	24 1 	62 2 	65 2 	69 2 	
17 1 	21 1 	24 1 	62 2 	66 2 	69 2 	
18 1 	21 1 	25 1 	63 2 	66 2 	70 2 	
18 1 	22 1 	25 1 	63 2 	67 2 	70 2 	
22 1 	26 1 	67 2 	71 2 	0 0 	0 0 	
19 1 	27 1 	64 2 	72 2 	0 0 	0 0 	
19 1 	23 1 	27 1 	64 2 	68 2 	72 2 	
20 1 	23 1 	28 1 	65 2 	68 2 	73 2 	
20 1 	24 1 	28 1 	65 2 	69 2 	73 2 	
21 1 	24 1 	29 1 	66 2 	69 2 	74 2 	
21 1 	25 1 	29 1 	66 2 	70 2 	74 2 	
22 1 	25 1 	30 1 	67 2 	70 2 	75 2 	
22 1 	26 1 	30 1 	67 2 	71 2 	75 2 	
27 1 	31 1 	72 2 	76 2 	0 0 	0 0 	
23 1 	27 1 	32 1 	68 2 	72 2 	77 2 	
23 1 	28 1 	32 1 	68 2 	73 2 	77 2 	
24 1 	28 1 	33 1 	69 2 	73 2 	78 2 	
24 1 	29 1 	33 1 	69 2 	74 2 	78 2 	
25 1 	29 1 	34 1 	70 2 	74 2 	79 2 	
25 1 	30 1 	34 1 	70 2 	75 2 	79 2 	
26 1 	30 1 	35 1 	71 2 	75 2 	80 2 	
26 1 	35 1 	71 2 	80 2 	0 0 	0 0 	
27 1 	31 1 	36 1 	72 2 	76 2 	81 2 	
27 1 	32 1 	36 1 	72 2 	77 2 	81 2 	
28 1 	32 1 	37 1 	73 2 	77 2 	82 2 	
28 1 	33 1 	37 1 	73 2 	78 2 	82 2 	
29 1 	33 1 	38 1 	74 2 	78 2 	83 2 	
29 1 	34 1 	38 1 	74 2 	79 2 	83 2 	
30 1 	34 1 	39 1 	75 2 	79 2 	84 2 	
30 1 	35 1 	39 1 	75 2 	80 2 	84 2 	
35 1 	40 1 	80 2 	85 2 	0 0 	0 0 	
31 1 	41 1 	76 2 	86 2 	0 0 	0 0 	
31 1 	36 1 	41 1 	76 2 	81 2 	86 2 	
32 1 	36 1 	42 1 	77 2 	81 2 	87 2 	
32 1 	37 1 	42 1 	77 2 	82 2 	87 2 	
33 1 	37 1 	43 1 	78 2 	82 2 	88 2 	
33 1 	38 1 	43 1 	78 2 	83 2 	88 2 	
34 1 	38 1 	44 1 	79 2 	83 2 	89 2 	
34 1 	39 1 	44 1 	79 2 	84 2 	89 2 	
35 1 	39 1 	45 1 	80 2 	84 2 	90 2 	
35 1 	40 1 	45 1 	80 2 	85 2 	90 2 	
41 1 	86 2 	0 0 	0 0 	0 0 	0 0 	
36 1 	41 1 	81 2 	86 2 	0 0 	0 0 	
36 1 	42 1 	81 2 	87 2 	0 0 	0 0 	
37 1 	42 1 	82 2 	87 2 	0 0 	0 0 	
37 1 	43 1 	82 2 	88 2 	0 0 	0 0 	
38 1 	43 1 	83 2 	88 2 	0 0 	0 0 	
38 1 	44 1 	83 2 	89 2 	0 0 	0 0 	
39 1 	44 1 	84 2 	89 2 	0 0 	0 0 	
39 1 	45 1 	84 2 	90 2 	0 0 	0 0 	
40 1 	45 1 	85 2 	90 2 	0 0 	0 0 	
40 1 	85 2 	0 0 	0 0 	0 0 	0 0 	
1 1 	2 1 	3 1 	4 1 	0 0 	0 0 	
2 1 	4 1 	6 1 	7 1 	0 0 	0 0 	
3 1 	4 1 	5 1 	6 1 	8 1 	9 1 	
5 1 	8 1 	11 1 	12 1 	0 0 	0 0 	
6 1 	7 1 	9 1 	10 1 	13 1 	14 1 	
8 1 	9 1 	12 1 	13 1 	16 1 	17 1 	
10 1 	14 1 	18 1 	19 1 	0 0 	0 0 	
11 1 	12 1 	15 1 	16 1 	20 1 	21 1 	
13 1 	14 1 	17 1 	18 1 	22 1 	23 1 	
15 1 	20 1 	25 1 	26 1 	0 0 	0 0 	
16 1 	17 1 	21 1 	22 1 	27 1 	28 1 	
18 1 	19 1 	23 1 	24 1 	29 1 	30 1 	
20 1 	21 1 	26 1 	27 1 	32 1 	33 1 	
22 1 	23 1 	28 1 	29 1 	34 1 	35 1 	
24 1 	30 1 	36 1 	37 1 	0 0 	0 0 	
25 1 	26 1 	31 1 	32 1 	38 1 	39 1 	
27 1 	28 1 	33 1 	34 1 	40 1 	41 1 	
29 1 	30 1 	35 1 	36 1 	42 1 	43 1 	
31 1 	38 1 	45 1 	46 1 	0 0 	0 0 	
32 1 	33 1 	39 1 	40 1 	47 1 	48 1 	
34 1 	35 1 	41 1 	42 1 	49 1 	50 1 	
36 1 	37 1 	43 1 	44 1 	51 1 	52 1 	
38 1 	39 1 	46 1 	47 1 	54 1 	55 1 	
40 1 	41 1 	48 1 	49 1 	56 1 	57 1 	
42 1 	43 1 	50 1 	51 1 	58 1 	59 1 	
44 1 	52 1 	60 1 	61 1 	0 0 	0 0 	
45 1 	46 1 	53 1 	54 1 	62 1 	63 1 	
47 1 	48 1 	55 1 	56 1 	64 1 	65 1 	
49 1 	50 1 	57 1 	58 1 	66 1 	67 1 	
51 1 	52 1 	59 1 	60 1 	68 1 	69 1 	
53 1 	62 1 	71 1 	72 1 	0 0 	0 0 	
54 1 	55 1 	63 1 	64 1 	73 1 	74 1 	
56 1 	57 1 	65 1 	66 1 	75 1 	76 1 	
58 1 	59 1 	67 1 	68 1 	77 1 	78 1 	
60 1 	61 1 	69 1 	70 1 	79 1 	80 1 	
62 1 	63 1 	72 1 	73 1 	82 1 	83 1 	
64 1 	65 1 	74 1 	75 1 	84 1 	85 1 	
66 1 	67 1 	76 1 	77 1 	86 1 	87 1 	
68 1 	69 1 	78 1 	79 1 	88 1 	89 1 	
70 1 	80 1 	90 1 	91 1 	0 0 	0 0 	
71 1 	72 1 	81 1 	82 1 	0 0 	0 0 	
73 1 	74 1 	83 1 	84 1 	0 0 	0 0 	
75 1 	76 1 	85 1 	86 1 	0 0 	0 0 	
77 1 	78 1 	87 1 	88 1 	0 0 	0 0 	
79 1 	80 1 	89 1 	90 1 	0 0 	0 0 	
1 2 	2 2 	3 2 	4 2 	0 0 	0 0 	
2 2 	4 2 	6 2 	7 2 	0 0 	0 0 	
3 2 	4 2 	5 2 	6 2 	8 2 	9 2 	
5 2 	8 2 	11 2 	12 2 	0 0 	0 0 	
6 2 	7 2 	9 2 	10 2 	13 2 	14 2 	
8 2 	9 2 	12 2 	13 2 	16 2 	17 2 	
10 2 	14 2 	18 2 	19 2 	0 0 	0 0 	
11 2 	12 2 	15 2 	16 2 	20 2 	21 2 	
13 2 	14 2 	17 2 	18 2 	22 2 	23 2 	
15 2 	20 2 	25 2 	26 2 	0 0 	0 0 	
16 2 	17 2 	21 2 	22 2 	27 2 	28 2 	
18 2 	19 2 	23 2 	24 2 	29 2 	30 2 	
20 2 	21 2 	26 2 	27 2 	32 2 	33 2 	
22 2 	23 2 	28 2 	29 2 	34 2 	35 2 	
24 2 	30 2 	36 2 	37 2 	0 0 	0 0 	
25 2 	26 2 	31 2 	32 2 	38 2 	39 2 	
27 2 	28 2 	33 2 	34 2 	40 2 	41 2 	
29 2 	30 2 	35 2 	36 2 	42 2 	43 2 	
31 2 	38 2 	45 2 	46 2 	0 0 	0 0 	
32 2 	33 2 	39 2 	40 2 	47 2 	48 2 	
34 2 	35 2 	41 2 	42 2 	49 2 	50 2 	
36 2 	37 2 	43 2 	44 2 	51 2 	52 2 	
38 2 	39 2 	46 2 	47 2 	54 2 	55 2 	
40 2 	41 2 	48 2 	49 2 	56 2 	57 2 	
42 2 	43 2 	50 2 	51 2 	58 2 	59 2 	
44 2 	52 2 	60 2 	61 2 	0 0 	0 0 	
45 2 	46 2 	53 2 	54 2 	62 2 	63 2 	
47 2 	48 2 	55 2 	56 2 	64 2 	65 2 	
49 2 	50 2 	57 2 	58 2 	66 2 	67 2 	
51 2 	52 2 	59 2 	60 2 	68 2 	69 2 	
53 2 	62 2 	71 2 	72 2 	0 0 	0 0 	
54 2 	55 2 	63 2 	64 2 	73 2 	74 2 	
56 2 	57 2 	65 2 	66 2 	75 2 	76 2 	
58 2 	59 2 	67 2 	68 2 	77 2 	78 2 	
60 2 	61 2 	69 2 	70 2 	79 2 	80 2 	
62 2 	63 2 	72 2 	73 2 	82 2 	83 2 	
64 2 	65 2 	74 2 	75 2 	84 2 	85 2 	
66 2 	67 2 	76 2 	77 2 	86 2 	87 2 	
68 2 	69 2 	78 2 	79 2 	88 2 	89 2 	
70 2 	80 2 	90 2 	91 2 	0 0 	0 0 	
71 2 	72 2 	81 2 	82 2 	0 0 	0 0 	
73 2 	74 2 	83 2 	84 2 	0 0 	0 0 	
75 2 	76 2 	85 2 	86 2 	0 0 	0 0 	
77 2 	78 2 	87 2 	88 2 	0 0 	0 0 	
79 2 	80 2 	89 2 	90 2 	0 0 	0 0 	
