1764 882
5 8
3 3 3 3 3 3 3 3 3 3 3 3 3 3 3 3 3 3 3 3 3 3 3 3 3 3 3 3 3 3 3 3 3 3 3 3 3 3 3 3 3 3 3 3 3 3 3 3 3 3 3 3 3 3 3 3 3 3 3 3 3 3 3 3 3 3 3 3 3 3 3 3 3 3 3 3 3 3 3 3 3 3 3 3 3 3 3 3 3 3 3 3 3 3 3 3 3 3 3 3 3 3 3 3 3 3 3 3 3 3 3 3 3 3 3 3 3 3 3 3 3 3 3 3 3 3 3 3 3 3 3 3 3 3 3 3 3 3 3 3 3 3 3 3 3 3 3 3 3 3 3 3 3 3 3 3 3 3 3 3 3 3 3 3 3 3 3 3 3 3 3 3 3 3 3 3 3 3 3 3 3 3 3 3 3 3 3 3 3 3 3 3 3 3 3 3 3 3 3 3 3 3 3 3 3 3 3 3 3 3 3 3 3 3 3 3 3 3 3 3 3 3 3 3 3 3 3 3 3 3 3 3 3 3 3 3 3 3 3 3 3 3 3 3 3 3 3 3 3 3 3 3 3 3 3 3 3 3 3 3 3 3 3 3 3 3 3 3 3 3 3 3 3 3 3 3 3 3 3 3 3 3 3 3 3 3 3 3 3 3 3 3 3 3 3 3 3 3 3 3 3 3 3 3 3 3 3 3 3 3 3 3 3 3 3 3 3 3 3 3 3 3 3 3 3 3 3 3 3 3 3 3 3 3 3 3 3 3 3 3 3 3 3 3 3 3 3 3 3 3 3 3 3 3 3 3 3 3 3 3 3 3 3 3 3 3 3 3 3 3 3 3 3 3 3 3 3 3 3 3 3 3 3 3 3 3 3 3 3 3 3 3 3 3 3 3 3 3 3 3 3 3 3 3 3 3 3 3 3 3 3 3 3 3 3 3 3 3 3 3 3 3 3 3 3 3 3 3 3 3 3 3 3 3 3 3 3 3 3 3 3 5 5 5 5 5 5 5 5 5 5 5 5 5 5 5 5 5 5 5 5 5 5 5 5 5 5 5 5 5 5 5 5 5 5 5 5 5 5 5 5 5 5 5 5 5 5 5 5 5 5 5 5 5 5 5 5 5 5 5 5 5 5 5 5 5 5 5 5 5 5 5 5 5 5 5 5 5 5 5 5 5 5 5 5 5 5 5 5 5 5 5 5 5 5 5 5 5 5 5 5 5 5 5 5 5 5 5 5 5 5 5 5 5 5 5 5 5 5 5 5 5 5 5 5 5 5 5 5 5 5 5 5 5 5 5 5 5 5 5 5 5 5 5 5 5 5 5 5 5 5 5 5 5 5 5 5 5 5 5 5 5 5 5 5 5 5 5 5 5 5 5 5 5 5 5 5 5 5 5 5 5 5 5 5 5 5 5 5 5 5 5 5 5 5 5 5 5 5 5 5 5 5 5 5 5 5 5 5 5 5 5 5 5 5 5 5 5 5 5 5 5 5 5 5 5 5 5 5 5 5 5 5 5 5 5 5 5 5 5 5 5 5 5 5 5 5 5 5 5 5 5 5 5 5 5 5 5 5 5 5 5 5 5 5 5 5 5 5 5 5 5 5 5 5 5 5 5 5 5 5 5 5 5 5 5 5 5 5 5 5 5 5 5 5 5 5 5 5 5 5 5 5 5 5 5 5 5 5 5 5 5 5 5 5 5 5 5 5 5 5 5 5 5 5 5 5 5 5 5 5 5 5 5 5 5 5 5 5 5 5 5 5 5 5 5 5 5 5 5 5 5 5 5 5 5 5 5 5 5 5 5 5 5 5 5 5 5 5 5 5 5 5 5 5 5 5 5 5 5 5 5 5 5 5 5 5 5 5 5 5 5 5 5 5 5 5 5 5 5 5 5 5 5 5 5 5 5 5 5 5 5 5 5 5 5 5 5 5 5 5 5 5 5 5 5 5 5 5 5 5 5 5 5 5 5 5 5 5 5 5 5 5 5 5 5 5 5 5 5 5 5 5 5 5 5 5 5 5 5 5 5 5 5 5 5 5 5 5 5 5 5 5 5 5 5 5 5 5 5 5 5 5 5 5 5 5 5 5 5 5 5 5 5 5 5 5 5 5 5 5 5 5 5 5 5 5 5 5 5 5 5 5 5 5 5 5 5 5 5 5 5 5 5 5 5 5 5 5 5 5 5 5 5 5 5 5 5 5 5 5 5 5 5 5 5 5 5 5 5 5 5 5 5 5 5 5 5 5 5 5 5 5 5 5 5 5 5 5 5 5 5 5 5 5 5 5 5 5 5 5 5 5 5 5 5 5 5 5 5 5 5 5 5 5 5 5 5 5 5 5 5 5 5 5 5 5 5 5 5 5 5 5 5 5 5 5 5 5 5 5 5 5 5 5 5 5 5 5 5 5 5 5 5 5 5 5 5 5 5 5 5 5 5 5 5 5 5 5 5 5 5 5 5 5 5 5 5 5 5 5 5 5 5 5 5 5 5 5 5 5 5 5 5 5 5 5 5 5 5 5 5 5 5 5 5 5 5 5 5 5 5 5 5 5 5 5 5 5 5 5 5 5 5 5 5 5 5 5 5 5 5 5 5 5 5 5 5 5 5 5 5 5 5 5 5 5 5 5 5 5 5 5 5 5 5 5 5 5 5 5 5 5 5 5 5 5 5 5 5 5 5 5 5 5 5 5 5 5 5 5 5 5 5 5 5 5 5 5 5 5 5 5 5 5 5 5 5 5 5 5 5 5 5 5 5 5 5 5 5 5 5 5 5 5 5 5 5 5 5 5 5 5 5 5 5 5 5 5 5 5 5 5 5 5 5 5 5 5 5 5 5 5 5 5 5 5 5 5 5 5 5 5 5 5 5 5 5 5 5 5 5 5 5 5 5 5 5 5 5 5 5 5 5 5 5 5 5 5 5 5 5 5 5 5 5 5 5 5 5 5 5 5 5 5 5 5 5 5 5 5 5 5 3 3 3 3 3 3 3 3 3 3 3 3 3 3 3 3 3 3 3 3 3 3 3 3 3 3 3 3 3 3 3 3 3 3 3 3 3 3 3 3 3 3 3 3 3 3 3 3 3 3 3 3 3 3 3 3 3 3 3 3 3 3 3 3 3 3 3 3 3 3 3 3 3 3 3 3 3 3 3 3 3 3 3 3 3 3 3 3 3 3 3 3 3 3 3 3 3 3 3 3 3 3 3 3 3 3 3 3 3 3 3 3 3 3 3 3 3 3 3 3 3 3 3 3 3 3 3 3 3 3 3 3 3 3 3 3 3 3 3 3 3 3 3 3 3 3 3 3 3 3 3 3 3 3 3 3 3 3 3 3 3 3 3 3 3 3 3 3 3 3 3 3 3 3 3 3 3 3 3 3 3 3 3 3 3 3 3 3 3 3 3 3 3 3 3 3 3 3 3 3 3 3 3 3 3 3 3 3 3 3 3 3 3 3 3 3 3 3 3 3 3 3 3 3 3 3 3 3 3 3 3 3 3 3 3 3 3 3 3 3 3 3 3 3 3 3 3 3 3 3 3 3 3 3 3 3 3 3 3 3 3 3 3 3 3 3 3 3 3 3 3 3 3 3 3 3 3 3 3 3 3 3 3 3 3 3 3 3 3 3 3 3 3 3 3 3 3 3 3 3 3 3 3 3 3 3 3 3 3 3 3 3 3 3 3 3 3 3 3 3 3 3 3 3 3 3 3 3 3 3 3 3 3 3 3 3 3 3 3 3 3 3 3 3 3 3 3 3 3 3 3 3 3 3 3 3 3 3 3 3 3 3 3 3 3 3 3 3 3 3 3 3 3 3 3 3 3 3 3 3 3 3 3 3 3 3 3 3 3 3 3 3 3 3 3 3 3 3 3 3 3 3 3 3 3 3 3 3 3 3 3 3 3 3 3 3 3 3 3 3 3 3 3 3 3 3 3 3 3 3 3 3 3 3 3 3 3 3 3 3 3 
8 8 8 8 8 8 8 8 8 8 8 8 8 8 8 8 8 8 8 8 8 8 8 8 8 8 8 8 8 8 8 8 8 8 8 8 8 8 8 8 8 8 8 8 8 8 8 8 8 8 8 8 8 8 8 8 8 8 8 8 8 8 8 8 8 8 8 8 8 8 8 8 8 8 8 8 8 8 8 8 8 8 8 8 8 8 8 8 8 8 8 8 8 8 8 8 8 8 8 8 8 8 8 8 8 8 8 8 8 8 8 8 8 8 8 8 8 8 8 8 8 8 8 8 8 8 8 8 8 8 8 8 8 8 8 8 8 8 8 8 8 8 8 8 8 8 8 8 8 8 8 8 8 8 8 8 8 8 8 8 8 8 8 8 8 8 8 8 8 8 8 8 8 8 8 8 8 8 8 8 8 8 8 8 8 8 8 8 8 8 8 8 8 8 8 8 8 8 8 8 8 8 8 8 8 8 8 8 8 8 8 8 8 8 8 8 8 8 8 8 8 8 8 8 8 8 8 8 8 8 8 8 8 8 8 8 8 8 8 8 8 8 8 8 8 8 8 8 8 8 8 8 8 8 8 8 8 8 8 8 8 8 8 8 8 8 8 8 8 8 8 8 8 8 8 8 8 8 8 8 8 8 8 8 8 8 8 8 8 8 8 8 8 8 8 8 8 8 8 8 8 8 8 8 8 8 8 8 8 8 8 8 8 8 8 8 8 8 8 8 8 8 8 8 8 8 8 8 8 8 8 8 8 8 8 8 8 8 8 8 8 8 8 8 8 8 8 8 8 8 8 8 8 8 8 8 8 8 8 8 8 8 8 8 8 8 8 8 8 8 8 8 8 8 8 8 8 8 8 8 8 8 8 8 8 8 8 8 8 8 8 8 8 8 8 8 8 8 8 8 8 8 8 8 8 8 8 8 8 8 8 8 8 8 8 8 8 8 8 8 8 8 8 8 8 8 8 8 8 8 8 8 8 8 8 8 8 8 8 8 8 8 8 8 8 8 8 8 8 8 8 8 8 8 8 8 8 8 8 8 8 8 8 8 8 8 8 8 8 8 8 8 8 8 8 8 8 8 8 8 8 8 8 8 8 8 8 8 8 8 8 8 8 8 8 8 8 8 8 8 8 8 8 8 8 8 8 8 8 8 8 8 8 8 8 8 8 8 8 8 8 8 8 8 8 8 8 8 8 8 8 8 8 8 8 8 8 8 8 8 8 8 8 8 8 8 8 8 8 8 8 8 8 8 8 8 8 8 8 8 8 8 8 8 8 8 8 8 8 8 8 8 8 8 8 8 8 8 8 8 8 8 8 8 8 8 8 8 8 8 8 8 8 8 8 8 8 8 8 8 8 8 8 8 8 8 8 8 8 8 8 8 8 8 8 8 8 8 8 8 8 8 8 8 8 8 8 8 8 8 8 8 8 8 8 8 8 8 8 8 8 8 8 8 8 8 8 8 8 8 8 8 8 8 8 8 8 8 8 8 8 8 8 8 8 8 8 8 8 8 8 8 8 8 8 8 8 8 8 8 8 8 8 8 8 8 8 8 8 8 8 8 8 8 8 8 8 8 8 8 8 8 8 8 8 8 8 8 8 8 8 8 8 8 8 8 8 8 8 8 8 8 8 8 8 8 8 8 8 8 8 8 8 8 8 8 8 8 8 8 8 8 8 8 8 8 8 8 8 8 8 8 8 8 8 8 8 8 8 8 8 8 8 8 8 8 8 8 8 8 8 8 8 8 8 8 8 8 8 8 8 8 8 8 8 8 8 8 8 8 8 8 8 8 8 8 8 8 8 8 8 8 8 8 8 8 8 8 8 8 8 8 8 8 8 8 8 8 8 8 8 8 8 8 8 8 8 8 8 8 8 8 8 8 8 8 8 8 8 8 8 8 8 8 8 8 8 8 8 8 8 8 8 8 8 8 8 8 8 8 8 8 8 8 8 8 8 8 8 8 8 8 8 8 8 8 8 8 8 8 8 8 
442 499 504 0 0 
442 443 500 0 0 
443 444 501 0 0 
444 445 502 0 0 
445 446 503 0 0 
446 447 504 0 0 
442 447 448 0 0 
443 448 449 0 0 
444 449 450 0 0 
445 450 451 0 0 
446 451 452 0 0 
447 452 453 0 0 
448 453 454 0 0 
449 454 455 0 0 
450 455 456 0 0 
451 456 457 0 0 
452 457 458 0 0 
453 458 459 0 0 
454 459 460 0 0 
455 460 461 0 0 
456 461 462 0 0 
457 462 463 0 0 
458 463 464 0 0 
459 464 465 0 0 
460 465 466 0 0 
461 466 467 0 0 
462 467 468 0 0 
463 468 469 0 0 
464 469 470 0 0 
465 470 471 0 0 
466 471 472 0 0 
467 472 473 0 0 
468 473 474 0 0 
469 474 475 0 0 
470 475 476 0 0 
471 476 477 0 0 
472 477 478 0 0 
473 478 479 0 0 
474 479 480 0 0 
475 480 481 0 0 
476 481 482 0 0 
477 482 483 0 0 
478 483 484 0 0 
479 484 485 0 0 
480 485 486 0 0 
481 486 487 0 0 
482 487 488 0 0 
483 488 489 0 0 
484 489 490 0 0 
485 490 491 0 0 
486 491 492 0 0 
487 492 493 0 0 
488 493 494 0 0 
489 494 495 0 0 
490 495 496 0 0 
491 496 497 0 0 
492 497 498 0 0 
493 498 499 0 0 
494 499 500 0 0 
495 500 501 0 0 
496 501 502 0 0 
497 502 503 0 0 
498 503 504 0 0 
505 562 567 0 0 
505 506 563 0 0 
506 507 564 0 0 
507 508 565 0 0 
508 509 566 0 0 
509 510 567 0 0 
505 510 511 0 0 
506 511 512 0 0 
507 512 513 0 0 
508 513 514 0 0 
509 514 515 0 0 
510 515 516 0 0 
511 516 517 0 0 
512 517 518 0 0 
513 518 519 0 0 
514 519 520 0 0 
515 520 521 0 0 
516 521 522 0 0 
517 522 523 0 0 
518 523 524 0 0 
519 524 525 0 0 
520 525 526 0 0 
521 526 527 0 0 
522 527 528 0 0 
523 528 529 0 0 
524 529 530 0 0 
525 530 531 0 0 
526 531 532 0 0 
527 532 533 0 0 
528 533 534 0 0 
529 534 535 0 0 
530 535 536 0 0 
531 536 537 0 0 
532 537 538 0 0 
533 538 539 0 0 
534 539 540 0 0 
535 540 541 0 0 
536 541 542 0 0 
537 542 543 0 0 
538 543 544 0 0 
539 544 545 0 0 
540 545 546 0 0 
541 546 547 0 0 
542 547 548 0 0 
543 548 549 0 0 
544 549 550 0 0 
545 550 551 0 0 
546 551 552 0 0 
547 552 553 0 0 
548 553 554 0 0 
549 554 555 0 0 
550 555 556 0 0 
551 556 557 0 0 
552 557 558 0 0 
553 558 559 0 0 
554 559 560 0 0 
555 560 561 0 0 
556 561 562 0 0 
557 562 563 0 0 
558 563 564 0 0 
559 564 565 0 0 
560 565 566 0 0 
561 566 567 0 0 
568 625 630 0 0 
568 569 626 0 0 
569 570 627 0 0 
570 571 628 0 0 
571 572 629 0 0 
572 573 630 0 0 
568 573 574 0 0 
569 574 575 0 0 
570 575 576 0 0 
571 576 577 0 0 
572 577 578 0 0 
573 578 579 0 0 
574 579 580 0 0 
575 580 581 0 0 
576 581 582 0 0 
577 582 583 0 0 
578 583 584 0 0 
579 584 585 0 0 
580 585 586 0 0 
581 586 587 0 0 
582 587 588 0 0 
583 588 589 0 0 
584 589 590 0 0 
585 590 591 0 0 
586 591 592 0 0 
587 592 593 0 0 
588 593 594 0 0 
589 594 595 0 0 
590 595 596 0 0 
591 596 597 0 0 
592 597 598 0 0 
593 598 599 0 0 
594 599 600 0 0 
595 600 601 0 0 
596 601 602 0 0 
597 602 603 0 0 
598 603 604 0 0 
599 604 605 0 0 
600 605 606 0 0 
601 606 607 0 0 
602 607 608 0 0 
603 608 609 0 0 
604 609 610 0 0 
605 610 611 0 0 
606 611 612 0 0 
607 612 613 0 0 
608 613 614 0 0 
609 614 615 0 0 
610 615 616 0 0 
611 616 617 0 0 
612 617 618 0 0 
613 618 619 0 0 
614 619 620 0 0 
615 620 621 0 0 
616 621 622 0 0 
617 622 623 0 0 
618 623 624 0 0 
619 624 625 0 0 
620 625 626 0 0 
621 626 627 0 0 
622 627 628 0 0 
623 628 629 0 0 
624 629 630 0 0 
631 688 693 0 0 
631 632 689 0 0 
632 633 690 0 0 
633 634 691 0 0 
634 635 692 0 0 
635 636 693 0 0 
631 636 637 0 0 
632 637 638 0 0 
633 638 639 0 0 
634 639 640 0 0 
635 640 641 0 0 
636 641 642 0 0 
637 642 643 0 0 
638 643 644 0 0 
639 644 645 0 0 
640 645 646 0 0 
641 646 647 0 0 
642 647 648 0 0 
643 648 649 0 0 
644 649 650 0 0 
645 650 651 0 0 
646 651 652 0 0 
647 652 653 0 0 
648 653 654 0 0 
649 654 655 0 0 
650 655 656 0 0 
651 656 657 0 0 
652 657 658 0 0 
653 658 659 0 0 
654 659 660 0 0 
655 660 661 0 0 
656 661 662 0 0 
657 662 663 0 0 
658 663 664 0 0 
659 664 665 0 0 
660 665 666 0 0 
661 666 667 0 0 
662 667 668 0 0 
663 668 669 0 0 
664 669 670 0 0 
665 670 671 0 0 
666 671 672 0 0 
667 672 673 0 0 
668 673 674 0 0 
669 674 675 0 0 
670 675 676 0 0 
671 676 677 0 0 
672 677 678 0 0 
673 678 679 0 0 
674 679 680 0 0 
675 680 681 0 0 
676 681 682 0 0 
677 682 683 0 0 
678 683 684 0 0 
679 684 685 0 0 
680 685 686 0 0 
681 686 687 0 0 
682 687 688 0 0 
683 688 689 0 0 
684 689 690 0 0 
685 690 691 0 0 
686 691 692 0 0 
687 692 693 0 0 
694 751 756 0 0 
694 695 752 0 0 
695 696 753 0 0 
696 697 754 0 0 
697 698 755 0 0 
698 699 756 0 0 
694 699 700 0 0 
695 700 701 0 0 
696 701 702 0 0 
697 702 703 0 0 
698 703 704 0 0 
699 704 705 0 0 
700 705 706 0 0 
701 706 707 0 0 
702 707 708 0 0 
703 708 709 0 0 
704 709 710 0 0 
705 710 711 0 0 
706 711 712 0 0 
707 712 713 0 0 
708 713 714 0 0 
709 714 715 0 0 
710 715 716 0 0 
711 716 717 0 0 
712 717 718 0 0 
713 718 719 0 0 
714 719 720 0 0 
715 720 721 0 0 
716 721 722 0 0 
717 722 723 0 0 
718 723 724 0 0 
719 724 725 0 0 
720 725 726 0 0 
721 726 727 0 0 
722 727 728 0 0 
723 728 729 0 0 
724 729 730 0 0 
725 730 731 0 0 
726 731 732 0 0 
727 732 733 0 0 
728 733 734 0 0 
729 734 735 0 0 
730 735 736 0 0 
731 736 737 0 0 
732 737 738 0 0 
733 738 739 0 0 
734 739 740 0 0 
735 740 741 0 0 
736 741 742 0 0 
737 742 743 0 0 
738 743 744 0 0 
739 744 745 0 0 
740 745 746 0 0 
741 746 747 0 0 
742 747 748 0 0 
743 748 749 0 0 
744 749 750 0 0 
745 750 751 0 0 
746 751 752 0 0 
747 752 753 0 0 
748 753 754 0 0 
749 754 755 0 0 
750 755 756 0 0 
757 814 819 0 0 
757 758 815 0 0 
758 759 816 0 0 
759 760 817 0 0 
760 761 818 0 0 
761 762 819 0 0 
757 762 763 0 0 
758 763 764 0 0 
759 764 765 0 0 
760 765 766 0 0 
761 766 767 0 0 
762 767 768 0 0 
763 768 769 0 0 
764 769 770 0 0 
765 770 771 0 0 
766 771 772 0 0 
767 772 773 0 0 
768 773 774 0 0 
769 774 775 0 0 
770 775 776 0 0 
771 776 777 0 0 
772 777 778 0 0 
773 778 779 0 0 
774 779 780 0 0 
775 780 781 0 0 
776 781 782 0 0 
777 782 783 0 0 
778 783 784 0 0 
779 784 785 0 0 
780 785 786 0 0 
781 786 787 0 0 
782 787 788 0 0 
783 788 789 0 0 
784 789 790 0 0 
785 790 791 0 0 
786 791 792 0 0 
787 792 793 0 0 
788 793 794 0 0 
789 794 795 0 0 
790 795 796 0 0 
791 796 797 0 0 
792 797 798 0 0 
793 798 799 0 0 
794 799 800 0 0 
795 800 801 0 0 
796 801 802 0 0 
797 802 803 0 0 
798 803 804 0 0 
799 804 805 0 0 
800 805 806 0 0 
801 806 807 0 0 
802 807 808 0 0 
803 808 809 0 0 
804 809 810 0 0 
805 810 811 0 0 
806 811 812 0 0 
807 812 813 0 0 
808 813 814 0 0 
809 814 815 0 0 
810 815 816 0 0 
811 816 817 0 0 
812 817 818 0 0 
813 818 819 0 0 
820 877 882 0 0 
820 821 878 0 0 
821 822 879 0 0 
822 823 880 0 0 
823 824 881 0 0 
824 825 882 0 0 
820 825 826 0 0 
821 826 827 0 0 
822 827 828 0 0 
823 828 829 0 0 
824 829 830 0 0 
825 830 831 0 0 
826 831 832 0 0 
827 832 833 0 0 
828 833 834 0 0 
829 834 835 0 0 
830 835 836 0 0 
831 836 837 0 0 
832 837 838 0 0 
833 838 839 0 0 
834 839 840 0 0 
835 840 841 0 0 
836 841 842 0 0 
837 842 843 0 0 
838 843 844 0 0 
839 844 845 0 0 
840 845 846 0 0 
841 846 847 0 0 
842 847 848 0 0 
843 848 849 0 0 
844 849 850 0 0 
845 850 851 0 0 
846 851 852 0 0 
847 852 853 0 0 
848 853 854 0 0 
849 854 855 0 0 
850 855 856 0 0 
851 856 857 0 0 
852 857 858 0 0 
853 858 859 0 0 
854 859 860 0 0 
855 860 861 0 0 
856 861 862 0 0 
857 862 863 0 0 
858 863 864 0 0 
859 864 865 0 0 
860 865 866 0 0 
861 866 867 0 0 
862 867 868 0 0 
863 868 869 0 0 
864 869 870 0 0 
865 870 871 0 0 
866 871 872 0 0 
867 872 873 0 0 
868 873 874 0 0 
869 874 875 0 0 
870 875 876 0 0 
871 876 877 0 0 
872 877 878 0 0 
873 878 879 0 0 
874 879 880 0 0 
875 880 881 0 0 
876 881 882 0 0 
478 631 739 793 820 
479 632 740 794 821 
480 633 741 795 822 
481 634 742 796 823 
482 635 743 797 824 
483 636 744 798 825 
484 637 745 799 826 
485 638 746 800 827 
486 639 747 801 828 
487 640 748 802 829 
488 641 749 803 830 
489 642 750 804 831 
490 643 751 805 832 
491 644 752 806 833 
492 645 753 807 834 
493 646 754 808 835 
494 647 755 809 836 
495 648 756 810 837 
496 649 694 811 838 
497 650 695 812 839 
498 651 696 813 840 
499 652 697 814 841 
500 653 698 815 842 
501 654 699 816 843 
502 655 700 817 844 
503 656 701 818 845 
504 657 702 819 846 
442 658 703 757 847 
443 659 704 758 848 
444 660 705 759 849 
445 661 706 760 850 
446 662 707 761 851 
447 663 708 762 852 
448 664 709 763 853 
449 665 710 764 854 
450 666 711 765 855 
451 667 712 766 856 
452 668 713 767 857 
453 669 714 768 858 
454 670 715 769 859 
455 671 716 770 860 
456 672 717 771 861 
457 673 718 772 862 
458 674 719 773 863 
459 675 720 774 864 
460 676 721 775 865 
461 677 722 776 866 
462 678 723 777 867 
463 679 724 778 868 
464 680 725 779 869 
465 681 726 780 870 
466 682 727 781 871 
467 683 728 782 872 
468 684 729 783 873 
469 685 730 784 874 
470 686 731 785 875 
471 687 732 786 876 
472 688 733 787 877 
473 689 734 788 878 
474 690 735 789 879 
475 691 736 790 880 
476 692 737 791 881 
477 693 738 792 882 
442 541 694 802 856 
443 542 695 803 857 
444 543 696 804 858 
445 544 697 805 859 
446 545 698 806 860 
447 546 699 807 861 
448 547 700 808 862 
449 548 701 809 863 
450 549 702 810 864 
451 550 703 811 865 
452 551 704 812 866 
453 552 705 813 867 
454 553 706 814 868 
455 554 707 815 869 
456 555 708 816 870 
457 556 709 817 871 
458 557 710 818 872 
459 558 711 819 873 
460 559 712 757 874 
461 560 713 758 875 
462 561 714 759 876 
463 562 715 760 877 
464 563 716 761 878 
465 564 717 762 879 
466 565 718 763 880 
467 566 719 764 881 
468 567 720 765 882 
469 505 721 766 820 
470 506 722 767 821 
471 507 723 768 822 
472 508 724 769 823 
473 509 725 770 824 
474 510 726 771 825 
475 511 727 772 826 
476 512 728 773 827 
477 513 729 774 828 
478 514 730 775 829 
479 515 731 776 830 
480 516 732 777 831 
481 517 733 778 832 
482 518 734 779 833 
483 519 735 780 834 
484 520 736 781 835 
485 521 737 782 836 
486 522 738 783 837 
487 523 739 784 838 
488 524 740 785 839 
489 525 741 786 840 
490 526 742 787 841 
491 527 743 788 842 
492 528 744 789 843 
493 529 745 790 844 
494 530 746 791 845 
495 531 747 792 846 
496 532 748 793 847 
497 533 749 794 848 
498 534 750 795 849 
499 535 751 796 850 
500 536 752 797 851 
501 537 753 798 852 
502 538 754 799 853 
503 539 755 800 854 
504 540 756 801 855 
478 505 604 757 865 
479 506 605 758 866 
480 507 606 759 867 
481 508 607 760 868 
482 509 608 761 869 
483 510 609 762 870 
484 511 610 763 871 
485 512 611 764 872 
486 513 612 765 873 
487 514 613 766 874 
488 515 614 767 875 
489 516 615 768 876 
490 517 616 769 877 
491 518 617 770 878 
492 519 618 771 879 
493 520 619 772 880 
494 521 620 773 881 
495 522 621 774 882 
496 523 622 775 820 
497 524 623 776 821 
498 525 624 777 822 
499 526 625 778 823 
500 527 626 779 824 
501 528 627 780 825 
502 529 628 781 826 
503 530 629 782 827 
504 531 630 783 828 
442 532 568 784 829 
443 533 569 785 830 
444 534 570 786 831 
445 535 571 787 832 
446 536 572 788 833 
447 537 573 789 834 
448 538 574 790 835 
449 539 575 791 836 
450 540 576 792 837 
451 541 577 793 838 
452 542 578 794 839 
453 543 579 795 840 
454 544 580 796 841 
455 545 581 797 842 
456 546 582 798 843 
457 547 583 799 844 
458 548 584 800 845 
459 549 585 801 846 
460 550 586 802 847 
461 551 587 803 848 
462 552 588 804 849 
463 553 589 805 850 
464 554 590 806 851 
465 555 591 807 852 
466 556 592 808 853 
467 557 593 809 854 
468 558 594 810 855 
469 559 595 811 856 
470 560 596 812 857 
471 561 597 813 858 
472 562 598 814 859 
473 563 599 815 860 
474 564 600 816 861 
475 565 601 817 862 
476 566 602 818 863 
477 567 603 819 864 
487 541 568 667 820 
488 542 569 668 821 
489 543 570 669 822 
490 544 571 670 823 
491 545 572 671 824 
492 546 573 672 825 
493 547 574 673 826 
494 548 575 674 827 
495 549 576 675 828 
496 550 577 676 829 
497 551 578 677 830 
498 552 579 678 831 
499 553 580 679 832 
500 554 581 680 833 
501 555 582 681 834 
502 556 583 682 835 
503 557 584 683 836 
504 558 585 684 837 
442 559 586 685 838 
443 560 587 686 839 
444 561 588 687 840 
445 562 589 688 841 
446 563 590 689 842 
447 564 591 690 843 
448 565 592 691 844 
449 566 593 692 845 
450 567 594 693 846 
451 505 595 631 847 
452 506 596 632 848 
453 507 597 633 849 
454 508 598 634 850 
455 509 599 635 851 
456 510 600 636 852 
457 511 601 637 853 
458 512 602 638 854 
459 513 603 639 855 
460 514 604 640 856 
461 515 605 641 857 
462 516 606 642 858 
463 517 607 643 859 
464 518 608 644 860 
465 519 609 645 861 
466 520 610 646 862 
467 521 611 647 863 
468 522 612 648 864 
469 523 613 649 865 
470 524 614 650 866 
471 525 615 651 867 
472 526 616 652 868 
473 527 617 653 869 
474 528 618 654 870 
475 529 619 655 871 
476 530 620 656 872 
477 531 621 657 873 
478 532 622 658 874 
479 533 623 659 875 
480 534 624 660 876 
481 535 625 661 877 
482 536 626 662 878 
483 537 627 663 879 
484 538 628 664 880 
485 539 629 665 881 
486 540 630 666 882 
442 550 604 631 730 
443 551 605 632 731 
444 552 606 633 732 
445 553 607 634 733 
446 554 608 635 734 
447 555 609 636 735 
448 556 610 637 736 
449 557 611 638 737 
450 558 612 639 738 
451 559 613 640 739 
452 560 614 641 740 
453 561 615 642 741 
454 562 616 643 742 
455 563 617 644 743 
456 564 618 645 744 
457 565 619 646 745 
458 566 620 647 746 
459 567 621 648 747 
460 505 622 649 748 
461 506 623 650 749 
462 507 624 651 750 
463 508 625 652 751 
464 509 626 653 752 
465 510 627 654 753 
466 511 628 655 754 
467 512 629 656 755 
468 513 630 657 756 
469 514 568 658 694 
470 515 569 659 695 
471 516 570 660 696 
472 517 571 661 697 
473 518 572 662 698 
474 519 573 663 699 
475 520 574 664 700 
476 521 575 665 701 
477 522 576 666 702 
478 523 577 667 703 
479 524 578 668 704 
480 525 579 669 705 
481 526 580 670 706 
482 527 581 671 707 
483 528 582 672 708 
484 529 583 673 709 
485 530 584 674 710 
486 531 585 675 711 
487 532 586 676 712 
488 533 587 677 713 
489 534 588 678 714 
490 535 589 679 715 
491 536 590 680 716 
492 537 591 681 717 
493 538 592 682 718 
494 539 593 683 719 
495 540 594 684 720 
496 541 595 685 721 
497 542 596 686 722 
498 543 597 687 723 
499 544 598 688 724 
500 545 599 689 725 
501 546 600 690 726 
502 547 601 691 727 
503 548 602 692 728 
504 549 603 693 729 
505 613 667 694 793 
506 614 668 695 794 
507 615 669 696 795 
508 616 670 697 796 
509 617 671 698 797 
510 618 672 699 798 
511 619 673 700 799 
512 620 674 701 800 
513 621 675 702 801 
514 622 676 703 802 
515 623 677 704 803 
516 624 678 705 804 
517 625 679 706 805 
518 626 680 707 806 
519 627 681 708 807 
520 628 682 709 808 
521 629 683 710 809 
522 630 684 711 810 
523 568 685 712 811 
524 569 686 713 812 
525 570 687 714 813 
526 571 688 715 814 
527 572 689 716 815 
528 573 690 717 816 
529 574 691 718 817 
530 575 692 719 818 
531 576 693 720 819 
532 577 631 721 757 
533 578 632 722 758 
534 579 633 723 759 
535 580 634 724 760 
536 581 635 725 761 
537 582 636 726 762 
538 583 637 727 763 
539 584 638 728 764 
540 585 639 729 765 
541 586 640 730 766 
542 587 641 731 767 
543 588 642 732 768 
544 589 643 733 769 
545 590 644 734 770 
546 591 645 735 771 
547 592 646 736 772 
548 593 647 737 773 
549 594 648 738 774 
550 595 649 739 775 
551 596 650 740 776 
552 597 651 741 777 
553 598 652 742 778 
554 599 653 743 779 
555 600 654 744 780 
556 601 655 745 781 
557 602 656 746 782 
558 603 657 747 783 
559 604 658 748 784 
560 605 659 749 785 
561 606 660 750 786 
562 607 661 751 787 
563 608 662 752 788 
564 609 663 753 789 
565 610 664 754 790 
566 611 665 755 791 
567 612 666 756 792 
568 676 730 757 856 
569 677 731 758 857 
570 678 732 759 858 
571 679 733 760 859 
572 680 734 761 860 
573 681 735 762 861 
574 682 736 763 862 
575 683 737 764 863 
576 684 738 765 864 
577 685 739 766 865 
578 686 740 767 866 
579 687 741 768 867 
580 688 742 769 868 
581 689 743 770 869 
582 690 744 771 870 
583 691 745 772 871 
584 692 746 773 872 
585 693 747 774 873 
586 631 748 775 874 
587 632 749 776 875 
588 633 750 777 876 
589 634 751 778 877 
590 635 752 779 878 
591 636 753 780 879 
592 637 754 781 880 
593 638 755 782 881 
594 639 756 783 882 
595 640 694 784 820 
596 641 695 785 821 
597 642 696 786 822 
598 643 697 787 823 
599 644 698 788 824 
600 645 699 789 825 
601 646 700 790 826 
602 647 701 791 827 
603 648 702 792 828 
604 649 703 793 829 
605 650 704 794 830 
606 651 705 795 831 
607 652 706 796 832 
608 653 707 797 833 
609 654 708 798 834 
610 655 709 799 835 
611 656 710 800 836 
612 657 711 801 837 
613 658 712 802 838 
614 659 713 803 839 
615 660 714 804 840 
616 661 715 805 841 
617 662 716 806 842 
618 663 717 807 843 
619 664 718 808 844 
620 665 719 809 845 
621 666 720 810 846 
622 667 721 811 847 
623 668 722 812 848 
624 669 723 813 849 
625 670 724 814 850 
626 671 725 815 851 
627 672 726 816 852 
628 673 727 817 853 
629 674 728 818 854 
630 675 729 819 855 
28 64 154 208 253 
29 65 155 209 254 
30 66 156 210 255 
31 67 157 211 256 
32 68 158 212 257 
33 69 159 213 258 
34 70 160 214 259 
35 71 161 215 260 
36 72 162 216 261 
37 73 163 217 262 
38 74 164 218 263 
39 75 165 219 264 
40 76 166 220 265 
41 77 167 221 266 
42 78 168 222 267 
43 79 169 223 268 
44 80 170 224 269 
45 81 171 225 270 
46 82 172 226 271 
47 83 173 227 272 
48 84 174 228 273 
49 85 175 229 274 
50 86 176 230 275 
51 87 177 231 276 
52 88 178 232 277 
53 89 179 233 278 
54 90 180 234 279 
55 91 181 235 280 
56 92 182 236 281 
57 93 183 237 282 
58 94 184 238 283 
59 95 185 239 284 
60 96 186 240 285 
61 97 187 241 286 
62 98 188 242 287 
63 99 189 243 288 
1 100 127 244 289 
2 101 128 245 290 
3 102 129 246 291 
4 103 130 247 292 
5 104 131 248 293 
6 105 132 249 294 
7 106 133 250 295 
8 107 134 251 296 
9 108 135 252 297 
10 109 136 190 298 
11 110 137 191 299 
12 111 138 192 300 
13 112 139 193 301 
14 113 140 194 302 
15 114 141 195 303 
16 115 142 196 304 
17 116 143 197 305 
18 117 144 198 306 
19 118 145 199 307 
20 119 146 200 308 
21 120 147 201 309 
22 121 148 202 310 
23 122 149 203 311 
24 123 150 204 312 
25 124 151 205 313 
26 125 152 206 314 
27 126 153 207 315 
91 127 217 271 316 
92 128 218 272 317 
93 129 219 273 318 
94 130 220 274 319 
95 131 221 275 320 
96 132 222 276 321 
97 133 223 277 322 
98 134 224 278 323 
99 135 225 279 324 
100 136 226 280 325 
101 137 227 281 326 
102 138 228 282 327 
103 139 229 283 328 
104 140 230 284 329 
105 141 231 285 330 
106 142 232 286 331 
107 143 233 287 332 
108 144 234 288 333 
109 145 235 289 334 
110 146 236 290 335 
111 147 237 291 336 
112 148 238 292 337 
113 149 239 293 338 
114 150 240 294 339 
115 151 241 295 340 
116 152 242 296 341 
117 153 243 297 342 
118 154 244 298 343 
119 155 245 299 344 
120 156 246 300 345 
121 157 247 301 346 
122 158 248 302 347 
123 159 249 303 348 
124 160 250 304 349 
125 161 251 305 350 
126 162 252 306 351 
64 163 190 307 352 
65 164 191 308 353 
66 165 192 309 354 
67 166 193 310 355 
68 167 194 311 356 
69 168 195 312 357 
70 169 196 313 358 
71 170 197 314 359 
72 171 198 315 360 
73 172 199 253 361 
74 173 200 254 362 
75 174 201 255 363 
76 175 202 256 364 
77 176 203 257 365 
78 177 204 258 366 
79 178 205 259 367 
80 179 206 260 368 
81 180 207 261 369 
82 181 208 262 370 
83 182 209 263 371 
84 183 210 264 372 
85 184 211 265 373 
86 185 212 266 374 
87 186 213 267 375 
88 187 214 268 376 
89 188 215 269 377 
90 189 216 270 378 
154 190 280 334 379 
155 191 281 335 380 
156 192 282 336 381 
157 193 283 337 382 
158 194 284 338 383 
159 195 285 339 384 
160 196 286 340 385 
161 197 287 341 386 
162 198 288 342 387 
163 199 289 343 388 
164 200 290 344 389 
165 201 291 345 390 
166 202 292 346 391 
167 203 293 347 392 
168 204 294 348 393 
169 205 295 349 394 
170 206 296 350 395 
171 207 297 351 396 
172 208 298 352 397 
173 209 299 353 398 
174 210 300 354 399 
175 211 301 355 400 
176 212 302 356 401 
177 213 303 357 402 
178 214 304 358 403 
179 215 305 359 404 
180 216 306 360 405 
181 217 307 361 406 
182 218 308 362 407 
183 219 309 363 408 
184 220 310 364 409 
185 221 311 365 410 
186 222 312 366 411 
187 223 313 367 412 
188 224 314 368 413 
189 225 315 369 414 
127 226 253 370 415 
128 227 254 371 416 
129 228 255 372 417 
130 229 256 373 418 
131 230 257 374 419 
132 231 258 375 420 
133 232 259 376 421 
134 233 260 377 422 
135 234 261 378 423 
136 235 262 316 424 
137 236 263 317 425 
138 237 264 318 426 
139 238 265 319 427 
140 239 266 320 428 
141 240 267 321 429 
142 241 268 322 430 
143 242 269 323 431 
144 243 270 324 432 
145 244 271 325 433 
146 245 272 326 434 
147 246 273 327 435 
148 247 274 328 436 
149 248 275 329 437 
150 249 276 330 438 
151 250 277 331 439 
152 251 278 332 440 
153 252 279 333 441 
1 217 253 343 397 
2 218 254 344 398 
3 219 255 345 399 
4 220 256 346 400 
5 221 257 347 401 
6 222 258 348 402 
7 223 259 349 403 
8 224 260 350 404 
9 225 261 351 405 
10 226 262 352 406 
11 227 263 353 407 
12 228 264 354 408 
13 229 265 355 409 
14 230 266 356 410 
15 231 267 357 411 
16 232 268 358 412 
17 233 269 359 413 
18 234 270 360 414 
19 235 271 361 415 
20 236 272 362 416 
21 237 273 363 417 
22 238 274 364 418 
23 239 275 365 419 
24 240 276 366 420 
25 241 277 367 421 
26 242 278 368 422 
27 243 279 369 423 
28 244 280 370 424 
29 245 281 371 425 
30 246 282 372 426 
31 247 283 373 427 
32 248 284 374 428 
33 249 285 375 429 
34 250 286 376 430 
35 251 287 377 431 
36 252 288 378 432 
37 190 289 316 433 
38 191 290 317 434 
39 192 291 318 435 
40 193 292 319 436 
41 194 293 320 437 
42 195 294 321 438 
43 196 295 322 439 
44 197 296 323 440 
45 198 297 324 441 
46 199 298 325 379 
47 200 299 326 380 
48 201 300 327 381 
49 202 301 328 382 
50 203 302 329 383 
51 204 303 330 384 
52 205 304 331 385 
53 206 305 332 386 
54 207 306 333 387 
55 208 307 334 388 
56 209 308 335 389 
57 210 309 336 390 
58 211 310 337 391 
59 212 311 338 392 
60 213 312 339 393 
61 214 313 340 394 
62 215 314 341 395 
63 216 315 342 396 
19 64 280 316 406 
20 65 281 317 407 
21 66 282 318 408 
22 67 283 319 409 
23 68 284 320 410 
24 69 285 321 411 
25 70 286 322 412 
26 71 287 323 413 
27 72 288 324 414 
28 73 289 325 415 
29 74 290 326 416 
30 75 291 327 417 
31 76 292 328 418 
32 77 293 329 419 
33 78 294 330 420 
34 79 295 331 421 
35 80 296 332 422 
36 81 297 333 423 
37 82 298 334 424 
38 83 299 335 425 
39 84 300 336 426 
40 85 301 337 427 
41 86 302 338 428 
42 87 303 339 429 
43 88 304 340 430 
44 89 305 341 431 
45 90 306 342 432 
46 91 307 343 433 
47 92 308 344 434 
48 93 309 345 435 
49 94 310 346 436 
50 95 311 347 437 
51 96 312 348 438 
52 97 313 349 439 
53 98 314 350 440 
54 99 315 351 441 
55 100 253 352 379 
56 101 254 353 380 
57 102 255 354 381 
58 103 256 355 382 
59 104 257 356 383 
60 105 258 357 384 
61 106 259 358 385 
62 107 260 359 386 
63 108 261 360 387 
1 109 262 361 388 
2 110 263 362 389 
3 111 264 363 390 
4 112 265 364 391 
5 113 266 365 392 
6 114 267 366 393 
7 115 268 367 394 
8 116 269 368 395 
9 117 270 369 396 
10 118 271 370 397 
11 119 272 371 398 
12 120 273 372 399 
13 121 274 373 400 
14 122 275 374 401 
15 123 276 375 402 
16 124 277 376 403 
17 125 278 377 404 
18 126 279 378 405 
28 82 127 343 379 
29 83 128 344 380 
30 84 129 345 381 
31 85 130 346 382 
32 86 131 347 383 
33 87 132 348 384 
34 88 133 349 385 
35 89 134 350 386 
36 90 135 351 387 
37 91 136 352 388 
38 92 137 353 389 
39 93 138 354 390 
40 94 139 355 391 
41 95 140 356 392 
42 96 141 357 393 
43 97 142 358 394 
44 98 143 359 395 
45 99 144 360 396 
46 100 145 361 397 
47 101 146 362 398 
48 102 147 363 399 
49 103 148 364 400 
50 104 149 365 401 
51 105 150 366 402 
52 106 151 367 403 
53 107 152 368 404 
54 108 153 369 405 
55 109 154 370 406 
56 110 155 371 407 
57 111 156 372 408 
58 112 157 373 409 
59 113 158 374 410 
60 114 159 375 411 
61 115 160 376 412 
62 116 161 377 413 
63 117 162 378 414 
1 118 163 316 415 
2 119 164 317 416 
3 120 165 318 417 
4 121 166 319 418 
5 122 167 320 419 
6 123 168 321 420 
7 124 169 322 421 
8 125 170 323 422 
9 126 171 324 423 
10 64 172 325 424 
11 65 173 326 425 
12 66 174 327 426 
13 67 175 328 427 
14 68 176 329 428 
15 69 177 330 429 
16 70 178 331 430 
17 71 179 332 431 
18 72 180 333 432 
19 73 181 334 433 
20 74 182 335 434 
21 75 183 336 435 
22 76 184 337 436 
23 77 185 338 437 
24 78 186 339 438 
25 79 187 340 439 
26 80 188 341 440 
27 81 189 342 441 
1 91 145 190 406 
2 92 146 191 407 
3 93 147 192 408 
4 94 148 193 409 
5 95 149 194 410 
6 96 150 195 411 
7 97 151 196 412 
8 98 152 197 413 
9 99 153 198 414 
10 100 154 199 415 
11 101 155 200 416 
12 102 156 201 417 
13 103 157 202 418 
14 104 158 203 419 
15 105 159 204 420 
16 106 160 205 421 
17 107 161 206 422 
18 108 162 207 423 
19 109 163 208 424 
20 110 164 209 425 
21 111 165 210 426 
22 112 166 211 427 
23 113 167 212 428 
24 114 168 213 429 
25 115 169 214 430 
26 116 170 215 431 
27 117 171 216 432 
28 118 172 217 433 
29 119 173 218 434 
30 120 174 219 435 
31 121 175 220 436 
32 122 176 221 437 
33 123 177 222 438 
34 124 178 223 439 
35 125 179 224 440 
36 126 180 225 441 
37 64 181 226 379 
38 65 182 227 380 
39 66 183 228 381 
40 67 184 229 382 
41 68 185 230 383 
42 69 186 231 384 
43 70 187 232 385 
44 71 188 233 386 
45 72 189 234 387 
46 73 127 235 388 
47 74 128 236 389 
48 75 129 237 390 
49 76 130 238 391 
50 77 131 239 392 
51 78 132 240 393 
52 79 133 241 394 
53 80 134 242 395 
54 81 135 243 396 
55 82 136 244 397 
56 83 137 245 398 
57 84 138 246 399 
58 85 139 247 400 
59 86 140 248 401 
60 87 141 249 402 
61 88 142 250 403 
62 89 143 251 404 
63 90 144 252 405 
1 2 7 0 0 
2 3 8 0 0 
3 4 9 0 0 
4 5 10 0 0 
5 6 11 0 0 
6 7 12 0 0 
7 8 13 0 0 
8 9 14 0 0 
9 10 15 0 0 
10 11 16 0 0 
11 12 17 0 0 
12 13 18 0 0 
13 14 19 0 0 
14 15 20 0 0 
15 16 21 0 0 
16 17 22 0 0 
17 18 23 0 0 
18 19 24 0 0 
19 20 25 0 0 
20 21 26 0 0 
21 22 27 0 0 
22 23 28 0 0 
23 24 29 0 0 
24 25 30 0 0 
25 26 31 0 0 
26 27 32 0 0 
27 28 33 0 0 
28 29 34 0 0 
29 30 35 0 0 
30 31 36 0 0 
31 32 37 0 0 
32 33 38 0 0 
33 34 39 0 0 
34 35 40 0 0 
35 36 41 0 0 
36 37 42 0 0 
37 38 43 0 0 
38 39 44 0 0 
39 40 45 0 0 
40 41 46 0 0 
41 42 47 0 0 
42 43 48 0 0 
43 44 49 0 0 
44 45 50 0 0 
45 46 51 0 0 
46 47 52 0 0 
47 48 53 0 0 
48 49 54 0 0 
49 50 55 0 0 
50 51 56 0 0 
51 52 57 0 0 
52 53 58 0 0 
53 54 59 0 0 
54 55 60 0 0 
55 56 61 0 0 
56 57 62 0 0 
57 58 63 0 0 
1 58 59 0 0 
2 59 60 0 0 
3 60 61 0 0 
4 61 62 0 0 
5 62 63 0 0 
1 6 63 0 0 
64 65 70 0 0 
65 66 71 0 0 
66 67 72 0 0 
67 68 73 0 0 
68 69 74 0 0 
69 70 75 0 0 
70 71 76 0 0 
71 72 77 0 0 
72 73 78 0 0 
73 74 79 0 0 
74 75 80 0 0 
75 76 81 0 0 
76 77 82 0 0 
77 78 83 0 0 
78 79 84 0 0 
79 80 85 0 0 
80 81 86 0 0 
81 82 87 0 0 
82 83 88 0 0 
83 84 89 0 0 
84 85 90 0 0 
85 86 91 0 0 
86 87 92 0 0 
87 88 93 0 0 
88 89 94 0 0 
89 90 95 0 0 
90 91 96 0 0 
91 92 97 0 0 
92 93 98 0 0 
93 94 99 0 0 
94 95 100 0 0 
95 96 101 0 0 
96 97 102 0 0 
97 98 103 0 0 
98 99 104 0 0 
99 100 105 0 0 
100 101 106 0 0 
101 102 107 0 0 
102 103 108 0 0 
103 104 109 0 0 
104 105 110 0 0 
105 106 111 0 0 
106 107 112 0 0 
107 108 113 0 0 
108 109 114 0 0 
109 110 115 0 0 
110 111 116 0 0 
111 112 117 0 0 
112 113 118 0 0 
113 114 119 0 0 
114 115 120 0 0 
115 116 121 0 0 
116 117 122 0 0 
117 118 123 0 0 
118 119 124 0 0 
119 120 125 0 0 
120 121 126 0 0 
64 121 122 0 0 
65 122 123 0 0 
66 123 124 0 0 
67 124 125 0 0 
68 125 126 0 0 
64 69 126 0 0 
127 128 133 0 0 
128 129 134 0 0 
129 130 135 0 0 
130 131 136 0 0 
131 132 137 0 0 
132 133 138 0 0 
133 134 139 0 0 
134 135 140 0 0 
135 136 141 0 0 
136 137 142 0 0 
137 138 143 0 0 
138 139 144 0 0 
139 140 145 0 0 
140 141 146 0 0 
141 142 147 0 0 
142 143 148 0 0 
143 144 149 0 0 
144 145 150 0 0 
145 146 151 0 0 
146 147 152 0 0 
147 148 153 0 0 
148 149 154 0 0 
149 150 155 0 0 
150 151 156 0 0 
151 152 157 0 0 
152 153 158 0 0 
153 154 159 0 0 
154 155 160 0 0 
155 156 161 0 0 
156 157 162 0 0 
157 158 163 0 0 
158 159 164 0 0 
159 160 165 0 0 
160 161 166 0 0 
161 162 167 0 0 
162 163 168 0 0 
163 164 169 0 0 
164 165 170 0 0 
165 166 171 0 0 
166 167 172 0 0 
167 168 173 0 0 
168 169 174 0 0 
169 170 175 0 0 
170 171 176 0 0 
171 172 177 0 0 
172 173 178 0 0 
173 174 179 0 0 
174 175 180 0 0 
175 176 181 0 0 
176 177 182 0 0 
177 178 183 0 0 
178 179 184 0 0 
179 180 185 0 0 
180 181 186 0 0 
181 182 187 0 0 
182 183 188 0 0 
183 184 189 0 0 
127 184 185 0 0 
128 185 186 0 0 
129 186 187 0 0 
130 187 188 0 0 
131 188 189 0 0 
127 132 189 0 0 
190 191 196 0 0 
191 192 197 0 0 
192 193 198 0 0 
193 194 199 0 0 
194 195 200 0 0 
195 196 201 0 0 
196 197 202 0 0 
197 198 203 0 0 
198 199 204 0 0 
199 200 205 0 0 
200 201 206 0 0 
201 202 207 0 0 
202 203 208 0 0 
203 204 209 0 0 
204 205 210 0 0 
205 206 211 0 0 
206 207 212 0 0 
207 208 213 0 0 
208 209 214 0 0 
209 210 215 0 0 
210 211 216 0 0 
211 212 217 0 0 
212 213 218 0 0 
213 214 219 0 0 
214 215 220 0 0 
215 216 221 0 0 
216 217 222 0 0 
217 218 223 0 0 
218 219 224 0 0 
219 220 225 0 0 
220 221 226 0 0 
221 222 227 0 0 
222 223 228 0 0 
223 224 229 0 0 
224 225 230 0 0 
225 226 231 0 0 
226 227 232 0 0 
227 228 233 0 0 
228 229 234 0 0 
229 230 235 0 0 
230 231 236 0 0 
231 232 237 0 0 
232 233 238 0 0 
233 234 239 0 0 
234 235 240 0 0 
235 236 241 0 0 
236 237 242 0 0 
237 238 243 0 0 
238 239 244 0 0 
239 240 245 0 0 
240 241 246 0 0 
241 242 247 0 0 
242 243 248 0 0 
243 244 249 0 0 
244 245 250 0 0 
245 246 251 0 0 
246 247 252 0 0 
190 247 248 0 0 
191 248 249 0 0 
192 249 250 0 0 
193 250 251 0 0 
194 251 252 0 0 
190 195 252 0 0 
253 254 259 0 0 
254 255 260 0 0 
255 256 261 0 0 
256 257 262 0 0 
257 258 263 0 0 
258 259 264 0 0 
259 260 265 0 0 
260 261 266 0 0 
261 262 267 0 0 
262 263 268 0 0 
263 264 269 0 0 
264 265 270 0 0 
265 266 271 0 0 
266 267 272 0 0 
267 268 273 0 0 
268 269 274 0 0 
269 270 275 0 0 
270 271 276 0 0 
271 272 277 0 0 
272 273 278 0 0 
273 274 279 0 0 
274 275 280 0 0 
275 276 281 0 0 
276 277 282 0 0 
277 278 283 0 0 
278 279 284 0 0 
279 280 285 0 0 
280 281 286 0 0 
281 282 287 0 0 
282 283 288 0 0 
283 284 289 0 0 
284 285 290 0 0 
285 286 291 0 0 
286 287 292 0 0 
287 288 293 0 0 
288 289 294 0 0 
289 290 295 0 0 
290 291 296 0 0 
291 292 297 0 0 
292 293 298 0 0 
293 294 299 0 0 
294 295 300 0 0 
295 296 301 0 0 
296 297 302 0 0 
297 298 303 0 0 
298 299 304 0 0 
299 300 305 0 0 
300 301 306 0 0 
301 302 307 0 0 
302 303 308 0 0 
303 304 309 0 0 
304 305 310 0 0 
305 306 311 0 0 
306 307 312 0 0 
307 308 313 0 0 
308 309 314 0 0 
309 310 315 0 0 
253 310 311 0 0 
254 311 312 0 0 
255 312 313 0 0 
256 313 314 0 0 
257 314 315 0 0 
253 258 315 0 0 
316 317 322 0 0 
317 318 323 0 0 
318 319 324 0 0 
319 320 325 0 0 
320 321 326 0 0 
321 322 327 0 0 
322 323 328 0 0 
323 324 329 0 0 
324 325 330 0 0 
325 326 331 0 0 
326 327 332 0 0 
327 328 333 0 0 
328 329 334 0 0 
329 330 335 0 0 
330 331 336 0 0 
331 332 337 0 0 
332 333 338 0 0 
333 334 339 0 0 
334 335 340 0 0 
335 336 341 0 0 
336 337 342 0 0 
337 338 343 0 0 
338 339 344 0 0 
339 340 345 0 0 
340 341 346 0 0 
341 342 347 0 0 
342 343 348 0 0 
343 344 349 0 0 
344 345 350 0 0 
345 346 351 0 0 
346 347 352 0 0 
347 348 353 0 0 
348 349 354 0 0 
349 350 355 0 0 
350 351 356 0 0 
351 352 357 0 0 
352 353 358 0 0 
353 354 359 0 0 
354 355 360 0 0 
355 356 361 0 0 
356 357 362 0 0 
357 358 363 0 0 
358 359 364 0 0 
359 360 365 0 0 
360 361 366 0 0 
361 362 367 0 0 
362 363 368 0 0 
363 364 369 0 0 
364 365 370 0 0 
365 366 371 0 0 
366 367 372 0 0 
367 368 373 0 0 
368 369 374 0 0 
369 370 375 0 0 
370 371 376 0 0 
371 372 377 0 0 
372 373 378 0 0 
316 373 374 0 0 
317 374 375 0 0 
318 375 376 0 0 
319 376 377 0 0 
320 377 378 0 0 
316 321 378 0 0 
379 380 385 0 0 
380 381 386 0 0 
381 382 387 0 0 
382 383 388 0 0 
383 384 389 0 0 
384 385 390 0 0 
385 386 391 0 0 
386 387 392 0 0 
387 388 393 0 0 
388 389 394 0 0 
389 390 395 0 0 
390 391 396 0 0 
391 392 397 0 0 
392 393 398 0 0 
393 394 399 0 0 
394 395 400 0 0 
395 396 401 0 0 
396 397 402 0 0 
397 398 403 0 0 
398 399 404 0 0 
399 400 405 0 0 
400 401 406 0 0 
401 402 407 0 0 
402 403 408 0 0 
403 404 409 0 0 
404 405 410 0 0 
405 406 411 0 0 
406 407 412 0 0 
407 408 413 0 0 
408 409 414 0 0 
409 410 415 0 0 
410 411 416 0 0 
411 412 417 0 0 
412 413 418 0 0 
413 414 419 0 0 
414 415 420 0 0 
415 416 421 0 0 
416 417 422 0 0 
417 418 423 0 0 
418 419 424 0 0 
419 420 425 0 0 
420 421 426 0 0 
421 422 427 0 0 
422 423 428 0 0 
423 424 429 0 0 
424 425 430 0 0 
425 426 431 0 0 
426 427 432 0 0 
427 428 433 0 0 
428 429 434 0 0 
429 430 435 0 0 
430 431 436 0 0 
431 432 437 0 0 
432 433 438 0 0 
433 434 439 0 0 
434 435 440 0 0 
435 436 441 0 0 
379 436 437 0 0 
380 437 438 0 0 
381 438 439 0 0 
382 439 440 0 0 
383 440 441 0 0 
379 384 441 0 0 
919 1072 1180 1234 1261 1324 1381 1386 
920 1073 1181 1235 1262 1324 1325 1382 
921 1074 1182 1236 1263 1325 1326 1383 
922 1075 1183 1237 1264 1326 1327 1384 
923 1076 1184 1238 1265 1327 1328 1385 
924 1077 1185 1239 1266 1328 1329 1386 
925 1078 1186 1240 1267 1324 1329 1330 
926 1079 1187 1241 1268 1325 1330 1331 
927 1080 1188 1242 1269 1326 1331 1332 
928 1081 1189 1243 1270 1327 1332 1333 
929 1082 1190 1244 1271 1328 1333 1334 
930 1083 1191 1245 1272 1329 1334 1335 
931 1084 1192 1246 1273 1330 1335 1336 
932 1085 1193 1247 1274 1331 1336 1337 
933 1086 1194 1248 1275 1332 1337 1338 
934 1087 1195 1249 1276 1333 1338 1339 
935 1088 1196 1250 1277 1334 1339 1340 
936 1089 1197 1251 1278 1335 1340 1341 
937 1090 1135 1252 1279 1336 1341 1342 
938 1091 1136 1253 1280 1337 1342 1343 
939 1092 1137 1254 1281 1338 1343 1344 
940 1093 1138 1255 1282 1339 1344 1345 
941 1094 1139 1256 1283 1340 1345 1346 
942 1095 1140 1257 1284 1341 1346 1347 
943 1096 1141 1258 1285 1342 1347 1348 
944 1097 1142 1259 1286 1343 1348 1349 
945 1098 1143 1260 1287 1344 1349 1350 
883 1099 1144 1198 1288 1345 1350 1351 
884 1100 1145 1199 1289 1346 1351 1352 
885 1101 1146 1200 1290 1347 1352 1353 
886 1102 1147 1201 1291 1348 1353 1354 
887 1103 1148 1202 1292 1349 1354 1355 
888 1104 1149 1203 1293 1350 1355 1356 
889 1105 1150 1204 1294 1351 1356 1357 
890 1106 1151 1205 1295 1352 1357 1358 
891 1107 1152 1206 1296 1353 1358 1359 
892 1108 1153 1207 1297 1354 1359 1360 
893 1109 1154 1208 1298 1355 1360 1361 
894 1110 1155 1209 1299 1356 1361 1362 
895 1111 1156 1210 1300 1357 1362 1363 
896 1112 1157 1211 1301 1358 1363 1364 
897 1113 1158 1212 1302 1359 1364 1365 
898 1114 1159 1213 1303 1360 1365 1366 
899 1115 1160 1214 1304 1361 1366 1367 
900 1116 1161 1215 1305 1362 1367 1368 
901 1117 1162 1216 1306 1363 1368 1369 
902 1118 1163 1217 1307 1364 1369 1370 
903 1119 1164 1218 1308 1365 1370 1371 
904 1120 1165 1219 1309 1366 1371 1372 
905 1121 1166 1220 1310 1367 1372 1373 
906 1122 1167 1221 1311 1368 1373 1374 
907 1123 1168 1222 1312 1369 1374 1375 
908 1124 1169 1223 1313 1370 1375 1376 
909 1125 1170 1224 1314 1371 1376 1377 
910 1126 1171 1225 1315 1372 1377 1378 
911 1127 1172 1226 1316 1373 1378 1379 
912 1128 1173 1227 1317 1374 1379 1380 
913 1129 1174 1228 1318 1375 1380 1381 
914 1130 1175 1229 1319 1376 1381 1382 
915 1131 1176 1230 1320 1377 1382 1383 
916 1132 1177 1231 1321 1378 1383 1384 
917 1133 1178 1232 1322 1379 1384 1385 
918 1134 1179 1233 1323 1380 1385 1386 
883 982 1135 1243 1297 1387 1444 1449 
884 983 1136 1244 1298 1387 1388 1445 
885 984 1137 1245 1299 1388 1389 1446 
886 985 1138 1246 1300 1389 1390 1447 
887 986 1139 1247 1301 1390 1391 1448 
888 987 1140 1248 1302 1391 1392 1449 
889 988 1141 1249 1303 1387 1392 1393 
890 989 1142 1250 1304 1388 1393 1394 
891 990 1143 1251 1305 1389 1394 1395 
892 991 1144 1252 1306 1390 1395 1396 
893 992 1145 1253 1307 1391 1396 1397 
894 993 1146 1254 1308 1392 1397 1398 
895 994 1147 1255 1309 1393 1398 1399 
896 995 1148 1256 1310 1394 1399 1400 
897 996 1149 1257 1311 1395 1400 1401 
898 997 1150 1258 1312 1396 1401 1402 
899 998 1151 1259 1313 1397 1402 1403 
900 999 1152 1260 1314 1398 1403 1404 
901 1000 1153 1198 1315 1399 1404 1405 
902 1001 1154 1199 1316 1400 1405 1406 
903 1002 1155 1200 1317 1401 1406 1407 
904 1003 1156 1201 1318 1402 1407 1408 
905 1004 1157 1202 1319 1403 1408 1409 
906 1005 1158 1203 1320 1404 1409 1410 
907 1006 1159 1204 1321 1405 1410 1411 
908 1007 1160 1205 1322 1406 1411 1412 
909 1008 1161 1206 1323 1407 1412 1413 
910 946 1162 1207 1261 1408 1413 1414 
911 947 1163 1208 1262 1409 1414 1415 
912 948 1164 1209 1263 1410 1415 1416 
913 949 1165 1210 1264 1411 1416 1417 
914 950 1166 1211 1265 1412 1417 1418 
915 951 1167 1212 1266 1413 1418 1419 
916 952 1168 1213 1267 1414 1419 1420 
917 953 1169 1214 1268 1415 1420 1421 
918 954 1170 1215 1269 1416 1421 1422 
919 955 1171 1216 1270 1417 1422 1423 
920 956 1172 1217 1271 1418 1423 1424 
921 957 1173 1218 1272 1419 1424 1425 
922 958 1174 1219 1273 1420 1425 1426 
923 959 1175 1220 1274 1421 1426 1427 
924 960 1176 1221 1275 1422 1427 1428 
925 961 1177 1222 1276 1423 1428 1429 
926 962 1178 1223 1277 1424 1429 1430 
927 963 1179 1224 1278 1425 1430 1431 
928 964 1180 1225 1279 1426 1431 1432 
929 965 1181 1226 1280 1427 1432 1433 
930 966 1182 1227 1281 1428 1433 1434 
931 967 1183 1228 1282 1429 1434 1435 
932 968 1184 1229 1283 1430 1435 1436 
933 969 1185 1230 1284 1431 1436 1437 
934 970 1186 1231 1285 1432 1437 1438 
935 971 1187 1232 1286 1433 1438 1439 
936 972 1188 1233 1287 1434 1439 1440 
937 973 1189 1234 1288 1435 1440 1441 
938 974 1190 1235 1289 1436 1441 1442 
939 975 1191 1236 1290 1437 1442 1443 
940 976 1192 1237 1291 1438 1443 1444 
941 977 1193 1238 1292 1439 1444 1445 
942 978 1194 1239 1293 1440 1445 1446 
943 979 1195 1240 1294 1441 1446 1447 
944 980 1196 1241 1295 1442 1447 1448 
945 981 1197 1242 1296 1443 1448 1449 
919 946 1045 1198 1306 1450 1507 1512 
920 947 1046 1199 1307 1450 1451 1508 
921 948 1047 1200 1308 1451 1452 1509 
922 949 1048 1201 1309 1452 1453 1510 
923 950 1049 1202 1310 1453 1454 1511 
924 951 1050 1203 1311 1454 1455 1512 
925 952 1051 1204 1312 1450 1455 1456 
926 953 1052 1205 1313 1451 1456 1457 
927 954 1053 1206 1314 1452 1457 1458 
928 955 1054 1207 1315 1453 1458 1459 
929 956 1055 1208 1316 1454 1459 1460 
930 957 1056 1209 1317 1455 1460 1461 
931 958 1057 1210 1318 1456 1461 1462 
932 959 1058 1211 1319 1457 1462 1463 
933 960 1059 1212 1320 1458 1463 1464 
934 961 1060 1213 1321 1459 1464 1465 
935 962 1061 1214 1322 1460 1465 1466 
936 963 1062 1215 1323 1461 1466 1467 
937 964 1063 1216 1261 1462 1467 1468 
938 965 1064 1217 1262 1463 1468 1469 
939 966 1065 1218 1263 1464 1469 1470 
940 967 1066 1219 1264 1465 1470 1471 
941 968 1067 1220 1265 1466 1471 1472 
942 969 1068 1221 1266 1467 1472 1473 
943 970 1069 1222 1267 1468 1473 1474 
944 971 1070 1223 1268 1469 1474 1475 
945 972 1071 1224 1269 1470 1475 1476 
883 973 1009 1225 1270 1471 1476 1477 
884 974 1010 1226 1271 1472 1477 1478 
885 975 1011 1227 1272 1473 1478 1479 
886 976 1012 1228 1273 1474 1479 1480 
887 977 1013 1229 1274 1475 1480 1481 
888 978 1014 1230 1275 1476 1481 1482 
889 979 1015 1231 1276 1477 1482 1483 
890 980 1016 1232 1277 1478 1483 1484 
891 981 1017 1233 1278 1479 1484 1485 
892 982 1018 1234 1279 1480 1485 1486 
893 983 1019 1235 1280 1481 1486 1487 
894 984 1020 1236 1281 1482 1487 1488 
895 985 1021 1237 1282 1483 1488 1489 
896 986 1022 1238 1283 1484 1489 1490 
897 987 1023 1239 1284 1485 1490 1491 
898 988 1024 1240 1285 1486 1491 1492 
899 989 1025 1241 1286 1487 1492 1493 
900 990 1026 1242 1287 1488 1493 1494 
901 991 1027 1243 1288 1489 1494 1495 
902 992 1028 1244 1289 1490 1495 1496 
903 993 1029 1245 1290 1491 1496 1497 
904 994 1030 1246 1291 1492 1497 1498 
905 995 1031 1247 1292 1493 1498 1499 
906 996 1032 1248 1293 1494 1499 1500 
907 997 1033 1249 1294 1495 1500 1501 
908 998 1034 1250 1295 1496 1501 1502 
909 999 1035 1251 1296 1497 1502 1503 
910 1000 1036 1252 1297 1498 1503 1504 
911 1001 1037 1253 1298 1499 1504 1505 
912 1002 1038 1254 1299 1500 1505 1506 
913 1003 1039 1255 1300 1501 1506 1507 
914 1004 1040 1256 1301 1502 1507 1508 
915 1005 1041 1257 1302 1503 1508 1509 
916 1006 1042 1258 1303 1504 1509 1510 
917 1007 1043 1259 1304 1505 1510 1511 
918 1008 1044 1260 1305 1506 1511 1512 
928 982 1009 1108 1261 1513 1570 1575 
929 983 1010 1109 1262 1513 1514 1571 
930 984 1011 1110 1263 1514 1515 1572 
931 985 1012 1111 1264 1515 1516 1573 
932 986 1013 1112 1265 1516 1517 1574 
933 987 1014 1113 1266 1517 1518 1575 
934 988 1015 1114 1267 1513 1518 1519 
935 989 1016 1115 1268 1514 1519 1520 
936 990 1017 1116 1269 1515 1520 1521 
937 991 1018 1117 1270 1516 1521 1522 
938 992 1019 1118 1271 1517 1522 1523 
939 993 1020 1119 1272 1518 1523 1524 
940 994 1021 1120 1273 1519 1524 1525 
941 995 1022 1121 1274 1520 1525 1526 
942 996 1023 1122 1275 1521 1526 1527 
943 997 1024 1123 1276 1522 1527 1528 
944 998 1025 1124 1277 1523 1528 1529 
945 999 1026 1125 1278 1524 1529 1530 
883 1000 1027 1126 1279 1525 1530 1531 
884 1001 1028 1127 1280 1526 1531 1532 
885 1002 1029 1128 1281 1527 1532 1533 
886 1003 1030 1129 1282 1528 1533 1534 
887 1004 1031 1130 1283 1529 1534 1535 
888 1005 1032 1131 1284 1530 1535 1536 
889 1006 1033 1132 1285 1531 1536 1537 
890 1007 1034 1133 1286 1532 1537 1538 
891 1008 1035 1134 1287 1533 1538 1539 
892 946 1036 1072 1288 1534 1539 1540 
893 947 1037 1073 1289 1535 1540 1541 
894 948 1038 1074 1290 1536 1541 1542 
895 949 1039 1075 1291 1537 1542 1543 
896 950 1040 1076 1292 1538 1543 1544 
897 951 1041 1077 1293 1539 1544 1545 
898 952 1042 1078 1294 1540 1545 1546 
899 953 1043 1079 1295 1541 1546 1547 
900 954 1044 1080 1296 1542 1547 1548 
901 955 1045 1081 1297 1543 1548 1549 
902 956 1046 1082 1298 1544 1549 1550 
903 957 1047 1083 1299 1545 1550 1551 
904 958 1048 1084 1300 1546 1551 1552 
905 959 1049 1085 1301 1547 1552 1553 
906 960 1050 1086 1302 1548 1553 1554 
907 961 1051 1087 1303 1549 1554 1555 
908 962 1052 1088 1304 1550 1555 1556 
909 963 1053 1089 1305 1551 1556 1557 
910 964 1054 1090 1306 1552 1557 1558 
911 965 1055 1091 1307 1553 1558 1559 
912 966 1056 1092 1308 1554 1559 1560 
913 967 1057 1093 1309 1555 1560 1561 
914 968 1058 1094 1310 1556 1561 1562 
915 969 1059 1095 1311 1557 1562 1563 
916 970 1060 1096 1312 1558 1563 1564 
917 971 1061 1097 1313 1559 1564 1565 
918 972 1062 1098 1314 1560 1565 1566 
919 973 1063 1099 1315 1561 1566 1567 
920 974 1064 1100 1316 1562 1567 1568 
921 975 1065 1101 1317 1563 1568 1569 
922 976 1066 1102 1318 1564 1569 1570 
923 977 1067 1103 1319 1565 1570 1571 
924 978 1068 1104 1320 1566 1571 1572 
925 979 1069 1105 1321 1567 1572 1573 
926 980 1070 1106 1322 1568 1573 1574 
927 981 1071 1107 1323 1569 1574 1575 
883 991 1045 1072 1171 1576 1633 1638 
884 992 1046 1073 1172 1576 1577 1634 
885 993 1047 1074 1173 1577 1578 1635 
886 994 1048 1075 1174 1578 1579 1636 
887 995 1049 1076 1175 1579 1580 1637 
888 996 1050 1077 1176 1580 1581 1638 
889 997 1051 1078 1177 1576 1581 1582 
890 998 1052 1079 1178 1577 1582 1583 
891 999 1053 1080 1179 1578 1583 1584 
892 1000 1054 1081 1180 1579 1584 1585 
893 1001 1055 1082 1181 1580 1585 1586 
894 1002 1056 1083 1182 1581 1586 1587 
895 1003 1057 1084 1183 1582 1587 1588 
896 1004 1058 1085 1184 1583 1588 1589 
897 1005 1059 1086 1185 1584 1589 1590 
898 1006 1060 1087 1186 1585 1590 1591 
899 1007 1061 1088 1187 1586 1591 1592 
900 1008 1062 1089 1188 1587 1592 1593 
901 946 1063 1090 1189 1588 1593 1594 
902 947 1064 1091 1190 1589 1594 1595 
903 948 1065 1092 1191 1590 1595 1596 
904 949 1066 1093 1192 1591 1596 1597 
905 950 1067 1094 1193 1592 1597 1598 
906 951 1068 1095 1194 1593 1598 1599 
907 952 1069 1096 1195 1594 1599 1600 
908 953 1070 1097 1196 1595 1600 1601 
909 954 1071 1098 1197 1596 1601 1602 
910 955 1009 1099 1135 1597 1602 1603 
911 956 1010 1100 1136 1598 1603 1604 
912 957 1011 1101 1137 1599 1604 1605 
913 958 1012 1102 1138 1600 1605 1606 
914 959 1013 1103 1139 1601 1606 1607 
915 960 1014 1104 1140 1602 1607 1608 
916 961 1015 1105 1141 1603 1608 1609 
917 962 1016 1106 1142 1604 1609 1610 
918 963 1017 1107 1143 1605 1610 1611 
919 964 1018 1108 1144 1606 1611 1612 
920 965 1019 1109 1145 1607 1612 1613 
921 966 1020 1110 1146 1608 1613 1614 
922 967 1021 1111 1147 1609 1614 1615 
923 968 1022 1112 1148 1610 1615 1616 
924 969 1023 1113 1149 1611 1616 1617 
925 970 1024 1114 1150 1612 1617 1618 
926 971 1025 1115 1151 1613 1618 1619 
927 972 1026 1116 1152 1614 1619 1620 
928 973 1027 1117 1153 1615 1620 1621 
929 974 1028 1118 1154 1616 1621 1622 
930 975 1029 1119 1155 1617 1622 1623 
931 976 1030 1120 1156 1618 1623 1624 
932 977 1031 1121 1157 1619 1624 1625 
933 978 1032 1122 1158 1620 1625 1626 
934 979 1033 1123 1159 1621 1626 1627 
935 980 1034 1124 1160 1622 1627 1628 
936 981 1035 1125 1161 1623 1628 1629 
937 982 1036 1126 1162 1624 1629 1630 
938 983 1037 1127 1163 1625 1630 1631 
939 984 1038 1128 1164 1626 1631 1632 
940 985 1039 1129 1165 1627 1632 1633 
941 986 1040 1130 1166 1628 1633 1634 
942 987 1041 1131 1167 1629 1634 1635 
943 988 1042 1132 1168 1630 1635 1636 
944 989 1043 1133 1169 1631 1636 1637 
945 990 1044 1134 1170 1632 1637 1638 
946 1054 1108 1135 1234 1639 1696 1701 
947 1055 1109 1136 1235 1639 1640 1697 
948 1056 1110 1137 1236 1640 1641 1698 
949 1057 1111 1138 1237 1641 1642 1699 
950 1058 1112 1139 1238 1642 1643 1700 
951 1059 1113 1140 1239 1643 1644 1701 
952 1060 1114 1141 1240 1639 1644 1645 
953 1061 1115 1142 1241 1640 1645 1646 
954 1062 1116 1143 1242 1641 1646 1647 
955 1063 1117 1144 1243 1642 1647 1648 
956 1064 1118 1145 1244 1643 1648 1649 
957 1065 1119 1146 1245 1644 1649 1650 
958 1066 1120 1147 1246 1645 1650 1651 
959 1067 1121 1148 1247 1646 1651 1652 
960 1068 1122 1149 1248 1647 1652 1653 
961 1069 1123 1150 1249 1648 1653 1654 
962 1070 1124 1151 1250 1649 1654 1655 
963 1071 1125 1152 1251 1650 1655 1656 
964 1009 1126 1153 1252 1651 1656 1657 
965 1010 1127 1154 1253 1652 1657 1658 
966 1011 1128 1155 1254 1653 1658 1659 
967 1012 1129 1156 1255 1654 1659 1660 
968 1013 1130 1157 1256 1655 1660 1661 
969 1014 1131 1158 1257 1656 1661 1662 
970 1015 1132 1159 1258 1657 1662 1663 
971 1016 1133 1160 1259 1658 1663 1664 
972 1017 1134 1161 1260 1659 1664 1665 
973 1018 1072 1162 1198 1660 1665 1666 
974 1019 1073 1163 1199 1661 1666 1667 
975 1020 1074 1164 1200 1662 1667 1668 
976 1021 1075 1165 1201 1663 1668 1669 
977 1022 1076 1166 1202 1664 1669 1670 
978 1023 1077 1167 1203 1665 1670 1671 
979 1024 1078 1168 1204 1666 1671 1672 
980 1025 1079 1169 1205 1667 1672 1673 
981 1026 1080 1170 1206 1668 1673 1674 
982 1027 1081 1171 1207 1669 1674 1675 
983 1028 1082 1172 1208 1670 1675 1676 
984 1029 1083 1173 1209 1671 1676 1677 
985 1030 1084 1174 1210 1672 1677 1678 
986 1031 1085 1175 1211 1673 1678 1679 
987 1032 1086 1176 1212 1674 1679 1680 
988 1033 1087 1177 1213 1675 1680 1681 
989 1034 1088 1178 1214 1676 1681 1682 
990 1035 1089 1179 1215 1677 1682 1683 
991 1036 1090 1180 1216 1678 1683 1684 
992 1037 1091 1181 1217 1679 1684 1685 
993 1038 1092 1182 1218 1680 1685 1686 
994 1039 1093 1183 1219 1681 1686 1687 
995 1040 1094 1184 1220 1682 1687 1688 
996 1041 1095 1185 1221 1683 1688 1689 
997 1042 1096 1186 1222 1684 1689 1690 
998 1043 1097 1187 1223 1685 1690 1691 
999 1044 1098 1188 1224 1686 1691 1692 
1000 1045 1099 1189 1225 1687 1692 1693 
1001 1046 1100 1190 1226 1688 1693 1694 
1002 1047 1101 1191 1227 1689 1694 1695 
1003 1048 1102 1192 1228 1690 1695 1696 
1004 1049 1103 1193 1229 1691 1696 1697 
1005 1050 1104 1194 1230 1692 1697 1698 
1006 1051 1105 1195 1231 1693 1698 1699 
1007 1052 1106 1196 1232 1694 1699 1700 
1008 1053 1107 1197 1233 1695 1700 1701 
1009 1117 1171 1198 1297 1702 1759 1764 
1010 1118 1172 1199 1298 1702 1703 1760 
1011 1119 1173 1200 1299 1703 1704 1761 
1012 1120 1174 1201 1300 1704 1705 1762 
1013 1121 1175 1202 1301 1705 1706 1763 
1014 1122 1176 1203 1302 1706 1707 1764 
1015 1123 1177 1204 1303 1702 1707 1708 
1016 1124 1178 1205 1304 1703 1708 1709 
1017 1125 1179 1206 1305 1704 1709 1710 
1018 1126 1180 1207 1306 1705 1710 1711 
1019 1127 1181 1208 1307 1706 1711 1712 
1020 1128 1182 1209 1308 1707 1712 1713 
1021 1129 1183 1210 1309 1708 1713 1714 
1022 1130 1184 1211 1310 1709 1714 1715 
1023 1131 1185 1212 1311 1710 1715 1716 
1024 1132 1186 1213 1312 1711 1716 1717 
1025 1133 1187 1214 1313 1712 1717 1718 
1026 1134 1188 1215 1314 1713 1718 1719 
1027 1072 1189 1216 1315 1714 1719 1720 
1028 1073 1190 1217 1316 1715 1720 1721 
1029 1074 1191 1218 1317 1716 1721 1722 
1030 1075 1192 1219 1318 1717 1722 1723 
1031 1076 1193 1220 1319 1718 1723 1724 
1032 1077 1194 1221 1320 1719 1724 1725 
1033 1078 1195 1222 1321 1720 1725 1726 
1034 1079 1196 1223 1322 1721 1726 1727 
1035 1080 1197 1224 1323 1722 1727 1728 
1036 1081 1135 1225 1261 1723 1728 1729 
1037 1082 1136 1226 1262 1724 1729 1730 
1038 1083 1137 1227 1263 1725 1730 1731 
1039 1084 1138 1228 1264 1726 1731 1732 
1040 1085 1139 1229 1265 1727 1732 1733 
1041 1086 1140 1230 1266 1728 1733 1734 
1042 1087 1141 1231 1267 1729 1734 1735 
1043 1088 1142 1232 1268 1730 1735 1736 
1044 1089 1143 1233 1269 1731 1736 1737 
1045 1090 1144 1234 1270 1732 1737 1738 
1046 1091 1145 1235 1271 1733 1738 1739 
1047 1092 1146 1236 1272 1734 1739 1740 
1048 1093 1147 1237 1273 1735 1740 1741 
1049 1094 1148 1238 1274 1736 1741 1742 
1050 1095 1149 1239 1275 1737 1742 1743 
1051 1096 1150 1240 1276 1738 1743 1744 
1052 1097 1151 1241 1277 1739 1744 1745 
1053 1098 1152 1242 1278 1740 1745 1746 
1054 1099 1153 1243 1279 1741 1746 1747 
1055 1100 1154 1244 1280 1742 1747 1748 
1056 1101 1155 1245 1281 1743 1748 1749 
1057 1102 1156 1246 1282 1744 1749 1750 
1058 1103 1157 1247 1283 1745 1750 1751 
1059 1104 1158 1248 1284 1746 1751 1752 
1060 1105 1159 1249 1285 1747 1752 1753 
1061 1106 1160 1250 1286 1748 1753 1754 
1062 1107 1161 1251 1287 1749 1754 1755 
1063 1108 1162 1252 1288 1750 1755 1756 
1064 1109 1163 1253 1289 1751 1756 1757 
1065 1110 1164 1254 1290 1752 1757 1758 
1066 1111 1165 1255 1291 1753 1758 1759 
1067 1112 1166 1256 1292 1754 1759 1760 
1068 1113 1167 1257 1293 1755 1760 1761 
1069 1114 1168 1258 1294 1756 1761 1762 
1070 1115 1169 1259 1295 1757 1762 1763 
1071 1116 1170 1260 1296 1758 1763 1764 
1 2 7 469 505 595 649 694 
2 3 8 470 506 596 650 695 
3 4 9 471 507 597 651 696 
4 5 10 472 508 598 652 697 
5 6 11 473 509 599 653 698 
6 7 12 474 510 600 654 699 
7 8 13 475 511 601 655 700 
8 9 14 476 512 602 656 701 
9 10 15 477 513 603 657 702 
10 11 16 478 514 604 658 703 
11 12 17 479 515 605 659 704 
12 13 18 480 516 606 660 705 
13 14 19 481 517 607 661 706 
14 15 20 482 518 608 662 707 
15 16 21 483 519 609 663 708 
16 17 22 484 520 610 664 709 
17 18 23 485 521 611 665 710 
18 19 24 486 522 612 666 711 
19 20 25 487 523 613 667 712 
20 21 26 488 524 614 668 713 
21 22 27 489 525 615 669 714 
22 23 28 490 526 616 670 715 
23 24 29 491 527 617 671 716 
24 25 30 492 528 618 672 717 
25 26 31 493 529 619 673 718 
26 27 32 494 530 620 674 719 
27 28 33 495 531 621 675 720 
28 29 34 496 532 622 676 721 
29 30 35 497 533 623 677 722 
30 31 36 498 534 624 678 723 
31 32 37 499 535 625 679 724 
32 33 38 500 536 626 680 725 
33 34 39 501 537 627 681 726 
34 35 40 502 538 628 682 727 
35 36 41 503 539 629 683 728 
36 37 42 504 540 630 684 729 
37 38 43 442 541 568 685 730 
38 39 44 443 542 569 686 731 
39 40 45 444 543 570 687 732 
40 41 46 445 544 571 688 733 
41 42 47 446 545 572 689 734 
42 43 48 447 546 573 690 735 
43 44 49 448 547 574 691 736 
44 45 50 449 548 575 692 737 
45 46 51 450 549 576 693 738 
46 47 52 451 550 577 631 739 
47 48 53 452 551 578 632 740 
48 49 54 453 552 579 633 741 
49 50 55 454 553 580 634 742 
50 51 56 455 554 581 635 743 
51 52 57 456 555 582 636 744 
52 53 58 457 556 583 637 745 
53 54 59 458 557 584 638 746 
54 55 60 459 558 585 639 747 
55 56 61 460 559 586 640 748 
56 57 62 461 560 587 641 749 
57 58 63 462 561 588 642 750 
1 58 59 463 562 589 643 751 
2 59 60 464 563 590 644 752 
3 60 61 465 564 591 645 753 
4 61 62 466 565 592 646 754 
5 62 63 467 566 593 647 755 
1 6 63 468 567 594 648 756 
64 65 70 532 568 658 712 757 
65 66 71 533 569 659 713 758 
66 67 72 534 570 660 714 759 
67 68 73 535 571 661 715 760 
68 69 74 536 572 662 716 761 
69 70 75 537 573 663 717 762 
70 71 76 538 574 664 718 763 
71 72 77 539 575 665 719 764 
72 73 78 540 576 666 720 765 
73 74 79 541 577 667 721 766 
74 75 80 542 578 668 722 767 
75 76 81 543 579 669 723 768 
76 77 82 544 580 670 724 769 
77 78 83 545 581 671 725 770 
78 79 84 546 582 672 726 771 
79 80 85 547 583 673 727 772 
80 81 86 548 584 674 728 773 
81 82 87 549 585 675 729 774 
82 83 88 550 586 676 730 775 
83 84 89 551 587 677 731 776 
84 85 90 552 588 678 732 777 
85 86 91 553 589 679 733 778 
86 87 92 554 590 680 734 779 
87 88 93 555 591 681 735 780 
88 89 94 556 592 682 736 781 
89 90 95 557 593 683 737 782 
90 91 96 558 594 684 738 783 
91 92 97 559 595 685 739 784 
92 93 98 560 596 686 740 785 
93 94 99 561 597 687 741 786 
94 95 100 562 598 688 742 787 
95 96 101 563 599 689 743 788 
96 97 102 564 600 690 744 789 
97 98 103 565 601 691 745 790 
98 99 104 566 602 692 746 791 
99 100 105 567 603 693 747 792 
100 101 106 505 604 631 748 793 
101 102 107 506 605 632 749 794 
102 103 108 507 606 633 750 795 
103 104 109 508 607 634 751 796 
104 105 110 509 608 635 752 797 
105 106 111 510 609 636 753 798 
106 107 112 511 610 637 754 799 
107 108 113 512 611 638 755 800 
108 109 114 513 612 639 756 801 
109 110 115 514 613 640 694 802 
110 111 116 515 614 641 695 803 
111 112 117 516 615 642 696 804 
112 113 118 517 616 643 697 805 
113 114 119 518 617 644 698 806 
114 115 120 519 618 645 699 807 
115 116 121 520 619 646 700 808 
116 117 122 521 620 647 701 809 
117 118 123 522 621 648 702 810 
118 119 124 523 622 649 703 811 
119 120 125 524 623 650 704 812 
120 121 126 525 624 651 705 813 
64 121 122 526 625 652 706 814 
65 122 123 527 626 653 707 815 
66 123 124 528 627 654 708 816 
67 124 125 529 628 655 709 817 
68 125 126 530 629 656 710 818 
64 69 126 531 630 657 711 819 
127 128 133 595 631 721 775 820 
128 129 134 596 632 722 776 821 
129 130 135 597 633 723 777 822 
130 131 136 598 634 724 778 823 
131 132 137 599 635 725 779 824 
132 133 138 600 636 726 780 825 
133 134 139 601 637 727 781 826 
134 135 140 602 638 728 782 827 
135 136 141 603 639 729 783 828 
136 137 142 604 640 730 784 829 
137 138 143 605 641 731 785 830 
138 139 144 606 642 732 786 831 
139 140 145 607 643 733 787 832 
140 141 146 608 644 734 788 833 
141 142 147 609 645 735 789 834 
142 143 148 610 646 736 790 835 
143 144 149 611 647 737 791 836 
144 145 150 612 648 738 792 837 
145 146 151 613 649 739 793 838 
146 147 152 614 650 740 794 839 
147 148 153 615 651 741 795 840 
148 149 154 616 652 742 796 841 
149 150 155 617 653 743 797 842 
150 151 156 618 654 744 798 843 
151 152 157 619 655 745 799 844 
152 153 158 620 656 746 800 845 
153 154 159 621 657 747 801 846 
154 155 160 622 658 748 802 847 
155 156 161 623 659 749 803 848 
156 157 162 624 660 750 804 849 
157 158 163 625 661 751 805 850 
158 159 164 626 662 752 806 851 
159 160 165 627 663 753 807 852 
160 161 166 628 664 754 808 853 
161 162 167 629 665 755 809 854 
162 163 168 630 666 756 810 855 
163 164 169 568 667 694 811 856 
164 165 170 569 668 695 812 857 
165 166 171 570 669 696 813 858 
166 167 172 571 670 697 814 859 
167 168 173 572 671 698 815 860 
168 169 174 573 672 699 816 861 
169 170 175 574 673 700 817 862 
170 171 176 575 674 701 818 863 
171 172 177 576 675 702 819 864 
172 173 178 577 676 703 757 865 
173 174 179 578 677 704 758 866 
174 175 180 579 678 705 759 867 
175 176 181 580 679 706 760 868 
176 177 182 581 680 707 761 869 
177 178 183 582 681 708 762 870 
178 179 184 583 682 709 763 871 
179 180 185 584 683 710 764 872 
180 181 186 585 684 711 765 873 
181 182 187 586 685 712 766 874 
182 183 188 587 686 713 767 875 
183 184 189 588 687 714 768 876 
127 184 185 589 688 715 769 877 
128 185 186 590 689 716 770 878 
129 186 187 591 690 717 771 879 
130 187 188 592 691 718 772 880 
131 188 189 593 692 719 773 881 
127 132 189 594 693 720 774 882 
190 191 196 442 658 694 784 838 
191 192 197 443 659 695 785 839 
192 193 198 444 660 696 786 840 
193 194 199 445 661 697 787 841 
194 195 200 446 662 698 788 842 
195 196 201 447 663 699 789 843 
196 197 202 448 664 700 790 844 
197 198 203 449 665 701 791 845 
198 199 204 450 666 702 792 846 
199 200 205 451 667 703 793 847 
200 201 206 452 668 704 794 848 
201 202 207 453 669 705 795 849 
202 203 208 454 670 706 796 850 
203 204 209 455 671 707 797 851 
204 205 210 456 672 708 798 852 
205 206 211 457 673 709 799 853 
206 207 212 458 674 710 800 854 
207 208 213 459 675 711 801 855 
208 209 214 460 676 712 802 856 
209 210 215 461 677 713 803 857 
210 211 216 462 678 714 804 858 
211 212 217 463 679 715 805 859 
212 213 218 464 680 716 806 860 
213 214 219 465 681 717 807 861 
214 215 220 466 682 718 808 862 
215 216 221 467 683 719 809 863 
216 217 222 468 684 720 810 864 
217 218 223 469 685 721 811 865 
218 219 224 470 686 722 812 866 
219 220 225 471 687 723 813 867 
220 221 226 472 688 724 814 868 
221 222 227 473 689 725 815 869 
222 223 228 474 690 726 816 870 
223 224 229 475 691 727 817 871 
224 225 230 476 692 728 818 872 
225 226 231 477 693 729 819 873 
226 227 232 478 631 730 757 874 
227 228 233 479 632 731 758 875 
228 229 234 480 633 732 759 876 
229 230 235 481 634 733 760 877 
230 231 236 482 635 734 761 878 
231 232 237 483 636 735 762 879 
232 233 238 484 637 736 763 880 
233 234 239 485 638 737 764 881 
234 235 240 486 639 738 765 882 
235 236 241 487 640 739 766 820 
236 237 242 488 641 740 767 821 
237 238 243 489 642 741 768 822 
238 239 244 490 643 742 769 823 
239 240 245 491 644 743 770 824 
240 241 246 492 645 744 771 825 
241 242 247 493 646 745 772 826 
242 243 248 494 647 746 773 827 
243 244 249 495 648 747 774 828 
244 245 250 496 649 748 775 829 
245 246 251 497 650 749 776 830 
246 247 252 498 651 750 777 831 
190 247 248 499 652 751 778 832 
191 248 249 500 653 752 779 833 
192 249 250 501 654 753 780 834 
193 250 251 502 655 754 781 835 
194 251 252 503 656 755 782 836 
190 195 252 504 657 756 783 837 
253 254 259 460 505 721 757 847 
254 255 260 461 506 722 758 848 
255 256 261 462 507 723 759 849 
256 257 262 463 508 724 760 850 
257 258 263 464 509 725 761 851 
258 259 264 465 510 726 762 852 
259 260 265 466 511 727 763 853 
260 261 266 467 512 728 764 854 
261 262 267 468 513 729 765 855 
262 263 268 469 514 730 766 856 
263 264 269 470 515 731 767 857 
264 265 270 471 516 732 768 858 
265 266 271 472 517 733 769 859 
266 267 272 473 518 734 770 860 
267 268 273 474 519 735 771 861 
268 269 274 475 520 736 772 862 
269 270 275 476 521 737 773 863 
270 271 276 477 522 738 774 864 
271 272 277 478 523 739 775 865 
272 273 278 479 524 740 776 866 
273 274 279 480 525 741 777 867 
274 275 280 481 526 742 778 868 
275 276 281 482 527 743 779 869 
276 277 282 483 528 744 780 870 
277 278 283 484 529 745 781 871 
278 279 284 485 530 746 782 872 
279 280 285 486 531 747 783 873 
280 281 286 487 532 748 784 874 
281 282 287 488 533 749 785 875 
282 283 288 489 534 750 786 876 
283 284 289 490 535 751 787 877 
284 285 290 491 536 752 788 878 
285 286 291 492 537 753 789 879 
286 287 292 493 538 754 790 880 
287 288 293 494 539 755 791 881 
288 289 294 495 540 756 792 882 
289 290 295 496 541 694 793 820 
290 291 296 497 542 695 794 821 
291 292 297 498 543 696 795 822 
292 293 298 499 544 697 796 823 
293 294 299 500 545 698 797 824 
294 295 300 501 546 699 798 825 
295 296 301 502 547 700 799 826 
296 297 302 503 548 701 800 827 
297 298 303 504 549 702 801 828 
298 299 304 442 550 703 802 829 
299 300 305 443 551 704 803 830 
300 301 306 444 552 705 804 831 
301 302 307 445 553 706 805 832 
302 303 308 446 554 707 806 833 
303 304 309 447 555 708 807 834 
304 305 310 448 556 709 808 835 
305 306 311 449 557 710 809 836 
306 307 312 450 558 711 810 837 
307 308 313 451 559 712 811 838 
308 309 314 452 560 713 812 839 
309 310 315 453 561 714 813 840 
253 310 311 454 562 715 814 841 
254 311 312 455 563 716 815 842 
255 312 313 456 564 717 816 843 
256 313 314 457 565 718 817 844 
257 314 315 458 566 719 818 845 
253 258 315 459 567 720 819 846 
316 317 322 469 523 568 784 820 
317 318 323 470 524 569 785 821 
318 319 324 471 525 570 786 822 
319 320 325 472 526 571 787 823 
320 321 326 473 527 572 788 824 
321 322 327 474 528 573 789 825 
322 323 328 475 529 574 790 826 
323 324 329 476 530 575 791 827 
324 325 330 477 531 576 792 828 
325 326 331 478 532 577 793 829 
326 327 332 479 533 578 794 830 
327 328 333 480 534 579 795 831 
328 329 334 481 535 580 796 832 
329 330 335 482 536 581 797 833 
330 331 336 483 537 582 798 834 
331 332 337 484 538 583 799 835 
332 333 338 485 539 584 800 836 
333 334 339 486 540 585 801 837 
334 335 340 487 541 586 802 838 
335 336 341 488 542 587 803 839 
336 337 342 489 543 588 804 840 
337 338 343 490 544 589 805 841 
338 339 344 491 545 590 806 842 
339 340 345 492 546 591 807 843 
340 341 346 493 547 592 808 844 
341 342 347 494 548 593 809 845 
342 343 348 495 549 594 810 846 
343 344 349 496 550 595 811 847 
344 345 350 497 551 596 812 848 
345 346 351 498 552 597 813 849 
346 347 352 499 553 598 814 850 
347 348 353 500 554 599 815 851 
348 349 354 501 555 600 816 852 
349 350 355 502 556 601 817 853 
350 351 356 503 557 602 818 854 
351 352 357 504 558 603 819 855 
352 353 358 442 559 604 757 856 
353 354 359 443 560 605 758 857 
354 355 360 444 561 606 759 858 
355 356 361 445 562 607 760 859 
356 357 362 446 563 608 761 860 
357 358 363 447 564 609 762 861 
358 359 364 448 565 610 763 862 
359 360 365 449 566 611 764 863 
360 361 366 450 567 612 765 864 
361 362 367 451 505 613 766 865 
362 363 368 452 506 614 767 866 
363 364 369 453 507 615 768 867 
364 365 370 454 508 616 769 868 
365 366 371 455 509 617 770 869 
366 367 372 456 510 618 771 870 
367 368 373 457 511 619 772 871 
368 369 374 458 512 620 773 872 
369 370 375 459 513 621 774 873 
370 371 376 460 514 622 775 874 
371 372 377 461 515 623 776 875 
372 373 378 462 516 624 777 876 
316 373 374 463 517 625 778 877 
317 374 375 464 518 626 779 878 
318 375 376 465 519 627 780 879 
319 376 377 466 520 628 781 880 
320 377 378 467 521 629 782 881 
316 321 378 468 522 630 783 882 
379 380 385 442 532 586 631 847 
380 381 386 443 533 587 632 848 
381 382 387 444 534 588 633 849 
382 383 388 445 535 589 634 850 
383 384 389 446 536 590 635 851 
384 385 390 447 537 591 636 852 
385 386 391 448 538 592 637 853 
386 387 392 449 539 593 638 854 
387 388 393 450 540 594 639 855 
388 389 394 451 541 595 640 856 
389 390 395 452 542 596 641 857 
390 391 396 453 543 597 642 858 
391 392 397 454 544 598 643 859 
392 393 398 455 545 599 644 860 
393 394 399 456 546 600 645 861 
394 395 400 457 547 601 646 862 
395 396 401 458 548 602 647 863 
396 397 402 459 549 603 648 864 
397 398 403 460 550 604 649 865 
398 399 404 461 551 605 650 866 
399 400 405 462 552 606 651 867 
400 401 406 463 553 607 652 868 
401 402 407 464 554 608 653 869 
402 403 408 465 555 609 654 870 
403 404 409 466 556 610 655 871 
404 405 410 467 557 611 656 872 
405 406 411 468 558 612 657 873 
406 407 412 469 559 613 658 874 
407 408 413 470 560 614 659 875 
408 409 414 471 561 615 660 876 
409 410 415 472 562 616 661 877 
410 411 416 473 563 617 662 878 
411 412 417 474 564 618 663 879 
412 413 418 475 565 619 664 880 
413 414 419 476 566 620 665 881 
414 415 420 477 567 621 666 882 
415 416 421 478 505 622 667 820 
416 417 422 479 506 623 668 821 
417 418 423 480 507 624 669 822 
418 419 424 481 508 625 670 823 
419 420 425 482 509 626 671 824 
420 421 426 483 510 627 672 825 
421 422 427 484 511 628 673 826 
422 423 428 485 512 629 674 827 
423 424 429 486 513 630 675 828 
424 425 430 487 514 568 676 829 
425 426 431 488 515 569 677 830 
426 427 432 489 516 570 678 831 
427 428 433 490 517 571 679 832 
428 429 434 491 518 572 680 833 
429 430 435 492 519 573 681 834 
430 431 436 493 520 574 682 835 
431 432 437 494 521 575 683 836 
432 433 438 495 522 576 684 837 
433 434 439 496 523 577 685 838 
434 435 440 497 524 578 686 839 
435 436 441 498 525 579 687 840 
379 436 437 499 526 580 688 841 
380 437 438 500 527 581 689 842 
381 438 439 501 528 582 690 843 
382 439 440 502 529 583 691 844 
383 440 441 503 530 584 692 845 
379 384 441 504 531 585 693 846 
