500 312
14 16
10 10 10 10 12 10 8 12 8 12 8 8 8 10 8 10 10 10 10 12 8 10 12 8 12 10 12 10 8 12 10 12 10 12 12 10 10 12 10 8 10 12 10 10 12 10 10 8 8 6 10 10 10 10 10 8 12 12 12 8 10 10 10 12 12 12 10 10 10 10 10 8 8 8 10 10 10 12 12 12 12 8 12 8 8 8 10 12 10 10 10 10 12 12 8 10 8 10 12 10 12 12 8 12 10 10 10 8 10 12 12 10 12 10 10 8 10 10 14 12 10 10 8 10 10 10 10 10 10 10 12 8 10 10 10 8 10 10 10 12 10 8 10 10 10 10 10 8 8 10 10 10 10 12 10 6 12 12 8 10 10 10 10 8 8 10 6 10 10 10 12 10 12 10 10 8 14 10 10 10 12 12 8 10 8 8 10 10 10 12 10 10 10 10 8 12 10 10 10 8 10 10 8 10 10 10 10 10 10 10 10 10 8 10 8 8 10 10 10 12 10 8 12 12 10 10 10 8 12 12 12 8 8 10 10 12 10 10 10 10 8 10 8 10 8 10 10 10 8 8 10 12 8 10 10 10 10 12 10 10 10 10 10 10 10 10 8 10 12 8 10 10 10 8 10 10 10 10 8 8 10 10 10 10 10 10 10 10 12 6 10 8 10 12 12 12 10 8 12 10 12 10 8 12 12 10 10 10 10 12 10 14 12 10 10 10 10 8 12 8 12 10 10 8 12 10 8 12 10 10 10 10 8 10 12 12 8 8 8 10 10 10 14 10 12 10 12 12 10 10 10 10 8 10 12 10 8 8 10 12 10 12 10 10 10 8 12 10 10 12 8 10 8 10 10 6 10 12 10 8 12 8 10 10 6 8 12 10 14 12 12 10 10 8 8 10 10 10 10 10 10 10 10 10 10 8 8 12 8 10 12 10 10 10 10 10 8 8 12 12 12 12 10 12 10 12 8 10 8 10 10 10 8 8 10 10 10 8 10 10 10 10 10 10 10 8 10 12 10 10 10 10 8 10 10 10 8 8 10 12 12 10 10 8 8 10 8 10 10 10 8 12 10 8 10 10 10 10 10 10 10 12 12 8 10 10 8 12 8 8 8 8 10 12 10 10 12 12 10 12 
16 16 16 16 16 16 16 16 16 16 16 16 16 16 16 16 16 16 16 16 16 16 16 16 16 16 16 16 16 16 16 16 16 16 16 16 16 16 16 16 16 16 16 16 16 16 16 16 16 16 16 16 16 16 16 16 16 16 16 16 16 16 16 16 16 16 16 16 16 16 16 16 16 16 16 16 16 16 16 16 16 16 16 16 16 16 16 16 16 16 16 16 16 16 16 16 16 16 16 16 16 16 16 16 16 16 16 16 16 16 16 16 16 16 16 16 16 16 16 16 16 16 16 16 16 16 16 16 16 16 16 16 16 16 16 16 16 16 16 16 16 16 16 16 16 16 16 16 16 16 16 16 16 16 16 16 16 16 16 16 16 16 16 16 16 16 16 16 16 16 16 16 16 16 16 16 16 16 16 16 16 16 16 16 16 16 16 16 16 16 16 16 16 16 16 16 16 16 16 16 16 16 16 16 16 16 16 16 16 16 16 16 16 16 16 16 16 16 16 16 16 16 16 16 16 16 16 16 16 16 16 16 16 16 16 16 16 16 16 16 16 16 16 16 16 16 16 16 16 16 16 16 16 16 16 16 16 16 16 16 16 16 16 16 16 16 16 16 16 16 16 16 16 16 16 16 16 16 16 16 16 16 16 16 16 16 16 16 16 16 16 16 16 16 16 16 16 16 16 16 16 16 16 16 16 16 16 16 16 16 16 16 
6 1	66 1	76 1	96 1	121 1	162 2	222 2	232 2	252 2	277 2	0 0	0 0	0 0	0 0	
56 1	67 1	73 1	77 1	97 1	212 2	223 2	229 2	233 2	253 2	0 0	0 0	0 0	0 0	
44 1	57 1	68 1	98 1	122 1	200 2	213 2	224 2	254 2	278 2	0 0	0 0	0 0	0 0	
45 1	58 1	69 1	78 1	123 1	201 2	214 2	225 2	234 2	279 2	0 0	0 0	0 0	0 0	
7 1	46 1	59 1	70 1	79 1	99 1	163 2	202 2	215 2	226 2	235 2	255 2	0 0	0 0	
60 1	71 1	74 1	80 1	124 1	216 2	227 2	230 2	236 2	280 2	0 0	0 0	0 0	0 0	
47 1	61 1	72 1	81 1	203 2	217 2	228 2	237 2	0 0	0 0	0 0	0 0	0 0	0 0	
8 1	48 1	62 1	75 1	82 1	100 1	164 2	204 2	218 2	231 2	238 2	256 2	0 0	0 0	
49 1	63 1	76 1	83 1	205 2	219 2	232 2	239 2	0 0	0 0	0 0	0 0	0 0	0 0	
9 1	64 1	73 1	77 1	84 1	125 1	165 2	220 2	229 2	233 2	240 2	281 2	0 0	0 0	
10 1	50 1	85 1	126 1	166 2	206 2	241 2	282 2	0 0	0 0	0 0	0 0	0 0	0 0	
11 1	78 1	86 1	101 1	167 2	234 2	242 2	257 2	0 0	0 0	0 0	0 0	0 0	0 0	
12 1	79 1	102 1	127 1	168 2	235 2	258 2	283 2	0 0	0 0	0 0	0 0	0 0	0 0	
13 1	65 1	74 1	80 1	128 1	169 2	221 2	230 2	236 2	284 2	0 0	0 0	0 0	0 0	
14 1	51 1	81 1	103 1	170 2	207 2	237 2	259 2	0 0	0 0	0 0	0 0	0 0	0 0	
15 1	75 1	82 1	104 1	129 1	171 2	231 2	238 2	260 2	285 2	0 0	0 0	0 0	0 0	
52 1	76 1	83 1	105 1	130 1	208 2	232 2	239 2	261 2	286 2	0 0	0 0	0 0	0 0	
53 1	77 1	84 1	106 1	131 1	209 2	233 2	240 2	262 2	287 2	0 0	0 0	0 0	0 0	
16 1	66 1	85 1	87 1	132 1	172 2	222 2	241 2	243 2	288 2	0 0	0 0	0 0	0 0	
54 1	67 1	78 1	86 1	88 1	107 1	210 2	223 2	234 2	242 2	244 2	263 2	0 0	0 0	
68 1	79 1	89 1	133 1	224 2	235 2	245 2	289 2	0 0	0 0	0 0	0 0	0 0	0 0	
55 1	69 1	80 1	90 1	108 1	211 2	225 2	236 2	246 2	264 2	0 0	0 0	0 0	0 0	
17 1	70 1	81 1	91 1	109 1	134 1	173 2	226 2	237 2	247 2	265 2	290 2	0 0	0 0	
71 1	82 1	92 1	110 1	227 2	238 2	248 2	266 2	0 0	0 0	0 0	0 0	0 0	0 0	
56 1	72 1	83 1	93 1	111 1	135 1	212 2	228 2	239 2	249 2	267 2	291 2	0 0	0 0	
18 1	57 1	84 1	94 1	136 1	174 2	213 2	240 2	250 2	292 2	0 0	0 0	0 0	0 0	
19 1	58 1	85 1	87 1	95 1	112 1	175 2	214 2	241 2	243 2	251 2	268 2	0 0	0 0	
59 1	73 1	86 1	88 1	137 1	215 2	229 2	242 2	244 2	293 2	0 0	0 0	0 0	0 0	
20 1	60 1	89 1	113 1	176 2	216 2	245 2	269 2	0 0	0 0	0 0	0 0	0 0	0 0	
21 1	61 1	90 1	96 1	114 1	138 1	177 2	217 2	246 2	252 2	270 2	294 2	0 0	0 0	
22 1	62 1	91 1	97 1	139 1	178 2	218 2	247 2	253 2	295 2	0 0	0 0	0 0	0 0	
23 1	63 1	74 1	92 1	98 1	140 1	179 2	219 2	230 2	248 2	254 2	296 2	0 0	0 0	
24 1	64 1	93 1	115 1	141 1	180 2	220 2	249 2	271 2	297 2	0 0	0 0	0 0	0 0	
25 1	75 1	94 1	99 1	116 1	142 1	181 2	231 2	250 2	255 2	272 2	298 2	0 0	0 0	
26 1	76 1	87 1	95 1	117 1	143 1	182 2	232 2	243 2	251 2	273 2	299 2	0 0	0 0	
27 1	77 1	88 1	118 1	144 1	183 2	233 2	244 2	274 2	300 2	0 0	0 0	0 0	0 0	
65 1	89 1	100 1	119 1	145 1	221 2	245 2	256 2	275 2	301 2	0 0	0 0	0 0	0 0	
28 1	78 1	90 1	96 1	120 1	146 1	184 2	234 2	246 2	252 2	276 2	302 2	0 0	0 0	
79 1	91 1	97 1	121 1	147 1	235 2	247 2	253 2	277 2	303 2	0 0	0 0	0 0	0 0	
29 1	80 1	92 1	98 1	185 2	236 2	248 2	254 2	0 0	0 0	0 0	0 0	0 0	0 0	
30 1	81 1	93 1	101 1	122 1	186 2	237 2	249 2	257 2	278 2	0 0	0 0	0 0	0 0	
66 1	82 1	94 1	99 1	102 1	123 1	222 2	238 2	250 2	255 2	258 2	279 2	0 0	0 0	
31 1	67 1	83 1	95 1	148 1	187 2	223 2	239 2	251 2	304 2	0 0	0 0	0 0	0 0	
68 1	84 1	103 1	124 1	149 1	224 2	240 2	259 2	280 2	305 2	0 0	0 0	0 0	0 0	
32 1	69 1	85 1	100 1	104 1	150 1	188 2	225 2	241 2	256 2	260 2	306 2	0 0	0 0	
33 1	70 1	86 1	96 1	105 1	189 2	226 2	242 2	252 2	261 2	0 0	0 0	0 0	0 0	
34 1	71 1	97 1	106 1	151 1	190 2	227 2	253 2	262 2	307 2	0 0	0 0	0 0	0 0	
35 1	72 1	98 1	125 1	191 2	228 2	254 2	281 2	0 0	0 0	0 0	0 0	0 0	0 0	
36 1	101 1	107 1	126 1	192 2	257 2	263 2	282 2	0 0	0 0	0 0	0 0	0 0	0 0	
99 1	102 1	152 1	255 2	258 2	308 2	0 0	0 0	0 0	0 0	0 0	0 0	0 0	0 0	
37 1	73 1	108 1	127 1	153 1	193 2	229 2	264 2	283 2	309 2	0 0	0 0	0 0	0 0	
38 1	103 1	109 1	128 1	154 1	194 2	259 2	265 2	284 2	310 2	0 0	0 0	0 0	0 0	
87 1	100 1	104 1	110 1	155 1	243 2	256 2	260 2	266 2	311 2	0 0	0 0	0 0	0 0	
88 1	105 1	111 1	129 1	156 1	244 2	261 2	267 2	285 2	312 2	0 0	0 0	0 0	0 0	
39 1	74 1	89 1	106 1	130 1	195 2	230 2	245 2	262 2	286 2	0 0	0 0	0 0	0 0	
1 1	90 1	112 1	131 1	157 2	246 2	268 2	287 2	0 0	0 0	0 0	0 0	0 0	0 0	
2 1	75 1	91 1	101 1	107 1	132 1	158 2	231 2	247 2	257 2	263 2	288 2	0 0	0 0	
3 1	40 1	76 1	92 1	102 1	113 1	159 2	196 2	232 2	248 2	258 2	269 2	0 0	0 0	
41 1	77 1	93 1	108 1	114 1	133 1	197 2	233 2	249 2	264 2	270 2	289 2	0 0	0 0	
42 1	94 1	103 1	109 1	198 2	250 2	259 2	265 2	0 0	0 0	0 0	0 0	0 0	0 0	
78 1	95 1	104 1	110 1	134 1	234 2	251 2	260 2	266 2	290 2	0 0	0 0	0 0	0 0	
43 1	79 1	105 1	111 1	115 1	199 2	235 2	261 2	267 2	271 2	0 0	0 0	0 0	0 0	
4 1	80 1	106 1	116 1	135 1	160 2	236 2	262 2	272 2	291 2	0 0	0 0	0 0	0 0	
5 1	81 1	96 1	112 1	117 1	136 1	161 2	237 2	252 2	268 2	273 2	292 2	0 0	0 0	
6 1	44 1	82 1	97 1	107 1	118 1	162 2	200 2	238 2	253 2	263 2	274 2	0 0	0 0	
45 1	83 1	98 1	113 1	119 1	137 1	201 2	239 2	254 2	269 2	275 2	293 2	0 0	0 0	
46 1	84 1	108 1	114 1	120 1	202 2	240 2	264 2	270 2	276 2	0 0	0 0	0 0	0 0	
85 1	99 1	109 1	121 1	138 1	241 2	255 2	265 2	277 2	294 2	0 0	0 0	0 0	0 0	
7 1	47 1	86 1	110 1	139 1	163 2	203 2	242 2	266 2	295 2	0 0	0 0	0 0	0 0	
48 1	111 1	115 1	122 1	140 1	204 2	267 2	271 2	278 2	296 2	0 0	0 0	0 0	0 0	
49 1	100 1	116 1	123 1	141 1	205 2	256 2	272 2	279 2	297 2	0 0	0 0	0 0	0 0	
8 1	112 1	117 1	142 1	164 2	268 2	273 2	298 2	0 0	0 0	0 0	0 0	0 0	0 0	
50 1	118 1	124 1	143 1	206 2	274 2	280 2	299 2	0 0	0 0	0 0	0 0	0 0	0 0	
9 1	113 1	119 1	144 1	165 2	269 2	275 2	300 2	0 0	0 0	0 0	0 0	0 0	0 0	
10 1	101 1	114 1	120 1	145 1	166 2	257 2	270 2	276 2	301 2	0 0	0 0	0 0	0 0	
11 1	87 1	102 1	121 1	146 1	167 2	243 2	258 2	277 2	302 2	0 0	0 0	0 0	0 0	
12 1	51 1	88 1	125 1	147 1	168 2	207 2	244 2	281 2	303 2	0 0	0 0	0 0	0 0	
13 1	89 1	103 1	115 1	122 1	126 1	169 2	245 2	259 2	271 2	278 2	282 2	0 0	0 0	
14 1	52 1	90 1	104 1	116 1	123 1	170 2	208 2	246 2	260 2	272 2	279 2	0 0	0 0	
15 1	53 1	91 1	105 1	117 1	127 1	171 2	209 2	247 2	261 2	273 2	283 2	0 0	0 0	
92 1	106 1	118 1	124 1	128 1	148 1	248 2	262 2	274 2	280 2	284 2	304 2	0 0	0 0	
54 1	93 1	119 1	149 1	210 2	249 2	275 2	305 2	0 0	0 0	0 0	0 0	0 0	0 0	
16 1	94 1	107 1	120 1	129 1	150 1	172 2	250 2	263 2	276 2	285 2	306 2	0 0	0 0	
55 1	95 1	121 1	130 1	211 2	251 2	277 2	286 2	0 0	0 0	0 0	0 0	0 0	0 0	
108 1	125 1	131 1	151 1	264 2	281 2	287 2	307 2	0 0	0 0	0 0	0 0	0 0	0 0	
109 1	122 1	126 1	132 1	265 2	278 2	282 2	288 2	0 0	0 0	0 0	0 0	0 0	0 0	
17 1	56 1	96 1	110 1	123 1	173 2	212 2	252 2	266 2	279 2	0 0	0 0	0 0	0 0	
57 1	97 1	111 1	127 1	133 1	152 1	213 2	253 2	267 2	283 2	289 2	308 2	0 0	0 0	
58 1	98 1	124 1	128 1	153 1	214 2	254 2	280 2	284 2	309 2	0 0	0 0	0 0	0 0	
18 1	59 1	112 1	134 1	154 1	174 2	215 2	268 2	290 2	310 2	0 0	0 0	0 0	0 0	
19 1	60 1	99 1	129 1	155 1	175 2	216 2	255 2	285 2	311 2	0 0	0 0	0 0	0 0	
61 1	113 1	130 1	135 1	156 1	217 2	269 2	286 2	291 2	312 2	0 0	0 0	0 0	0 0	
20 1	62 1	114 1	125 1	131 1	136 1	176 2	218 2	270 2	281 2	287 2	292 2	0 0	0 0	
1 1	21 1	63 1	100 1	126 1	132 1	157 2	177 2	219 2	256 2	282 2	288 2	0 0	0 0	
2 1	22 1	64 1	137 1	158 2	178 2	220 2	293 2	0 0	0 0	0 0	0 0	0 0	0 0	
3 1	23 1	115 1	127 1	133 1	159 2	179 2	271 2	283 2	289 2	0 0	0 0	0 0	0 0	
24 1	116 1	128 1	138 1	180 2	272 2	284 2	294 2	0 0	0 0	0 0	0 0	0 0	0 0	
25 1	101 1	117 1	134 1	139 1	181 2	257 2	273 2	290 2	295 2	0 0	0 0	0 0	0 0	
26 1	65 1	102 1	118 1	129 1	140 1	182 2	221 2	258 2	274 2	285 2	296 2	0 0	0 0	
27 1	119 1	130 1	135 1	141 1	183 2	275 2	286 2	291 2	297 2	0 0	0 0	0 0	0 0	
4 1	103 1	120 1	131 1	136 1	142 1	160 2	259 2	276 2	287 2	292 2	298 2	0 0	0 0	
5 1	28 1	104 1	121 1	132 1	143 1	161 2	184 2	260 2	277 2	288 2	299 2	0 0	0 0	
6 1	105 1	137 1	144 1	162 2	261 2	293 2	300 2	0 0	0 0	0 0	0 0	0 0	0 0	
29 1	66 1	106 1	122 1	133 1	145 1	185 2	222 2	262 2	278 2	289 2	301 2	0 0	0 0	
30 1	67 1	123 1	138 1	146 1	186 2	223 2	279 2	294 2	302 2	0 0	0 0	0 0	0 0	
68 1	107 1	134 1	139 1	147 1	224 2	263 2	290 2	295 2	303 2	0 0	0 0	0 0	0 0	
7 1	31 1	69 1	124 1	140 1	163 2	187 2	225 2	280 2	296 2	0 0	0 0	0 0	0 0	
70 1	108 1	135 1	141 1	226 2	264 2	291 2	297 2	0 0	0 0	0 0	0 0	0 0	0 0	
32 1	71 1	109 1	136 1	142 1	188 2	227 2	265 2	292 2	298 2	0 0	0 0	0 0	0 0	
8 1	33 1	72 1	110 1	143 1	148 1	164 2	189 2	228 2	266 2	299 2	304 2	0 0	0 0	
34 1	111 1	125 1	137 1	144 1	149 1	190 2	267 2	281 2	293 2	300 2	305 2	0 0	0 0	
9 1	35 1	126 1	145 1	150 1	165 2	191 2	282 2	301 2	306 2	0 0	0 0	0 0	0 0	
10 1	36 1	73 1	112 1	138 1	146 1	166 2	192 2	229 2	268 2	294 2	302 2	0 0	0 0	
11 1	127 1	139 1	147 1	151 1	167 2	283 2	295 2	303 2	307 2	0 0	0 0	0 0	0 0	
12 1	37 1	113 1	128 1	140 1	168 2	193 2	269 2	284 2	296 2	0 0	0 0	0 0	0 0	
13 1	38 1	114 1	141 1	169 2	194 2	270 2	297 2	0 0	0 0	0 0	0 0	0 0	0 0	
14 1	74 1	129 1	142 1	152 1	170 2	230 2	285 2	298 2	308 2	0 0	0 0	0 0	0 0	
15 1	130 1	143 1	148 1	153 1	171 2	286 2	299 2	304 2	309 2	0 0	0 0	0 0	0 0	
39 1	75 1	115 1	131 1	144 1	149 1	154 1	195 2	231 2	271 2	287 2	300 2	305 2	310 2	
76 1	116 1	132 1	145 1	150 1	155 1	232 2	272 2	288 2	301 2	306 2	311 2	0 0	0 0	
16 1	77 1	117 1	146 1	156 1	172 2	233 2	273 2	302 2	312 2	0 0	0 0	0 0	0 0	
40 1	118 1	133 1	147 1	151 1	196 2	274 2	289 2	303 2	307 2	0 0	0 0	0 0	0 0	
1 1	41 1	78 1	119 1	157 2	197 2	234 2	275 2	0 0	0 0	0 0	0 0	0 0	0 0	
2 1	42 1	79 1	120 1	134 1	158 2	198 2	235 2	276 2	290 2	0 0	0 0	0 0	0 0	
3 1	17 1	80 1	121 1	152 1	159 2	173 2	236 2	277 2	308 2	0 0	0 0	0 0	0 0	
43 1	81 1	135 1	148 1	153 1	199 2	237 2	291 2	304 2	309 2	0 0	0 0	0 0	0 0	
82 1	122 1	136 1	149 1	154 1	238 2	278 2	292 2	305 2	310 2	0 0	0 0	0 0	0 0	
18 1	83 1	123 1	150 1	155 1	174 2	239 2	279 2	306 2	311 2	0 0	0 0	0 0	0 0	
19 1	44 1	84 1	137 1	156 1	175 2	200 2	240 2	293 2	312 2	0 0	0 0	0 0	0 0	
4 1	45 1	85 1	124 1	151 1	160 2	201 2	241 2	280 2	307 2	0 0	0 0	0 0	0 0	
1 1	5 1	20 1	46 1	86 1	138 1	157 2	161 2	176 2	202 2	242 2	294 2	0 0	0 0	
2 1	6 1	21 1	139 1	158 2	162 2	177 2	295 2	0 0	0 0	0 0	0 0	0 0	0 0	
3 1	22 1	47 1	140 1	152 1	159 2	178 2	203 2	296 2	308 2	0 0	0 0	0 0	0 0	
23 1	48 1	125 1	141 1	153 1	179 2	204 2	281 2	297 2	309 2	0 0	0 0	0 0	0 0	
24 1	49 1	126 1	142 1	154 1	180 2	205 2	282 2	298 2	310 2	0 0	0 0	0 0	0 0	
7 1	25 1	143 1	155 1	163 2	181 2	299 2	311 2	0 0	0 0	0 0	0 0	0 0	0 0	
26 1	50 1	127 1	144 1	156 1	182 2	206 2	283 2	300 2	312 2	0 0	0 0	0 0	0 0	
4 1	27 1	87 1	128 1	145 1	160 2	183 2	243 2	284 2	301 2	0 0	0 0	0 0	0 0	
1 1	5 1	8 1	88 1	146 1	157 2	161 2	164 2	244 2	302 2	0 0	0 0	0 0	0 0	
2 1	6 1	28 1	89 1	129 1	147 1	158 2	162 2	184 2	245 2	285 2	303 2	0 0	0 0	
3 1	9 1	51 1	90 1	130 1	159 2	165 2	207 2	246 2	286 2	0 0	0 0	0 0	0 0	
10 1	29 1	91 1	131 1	166 2	185 2	247 2	287 2	0 0	0 0	0 0	0 0	0 0	0 0	
11 1	30 1	52 1	92 1	132 1	167 2	186 2	208 2	248 2	288 2	0 0	0 0	0 0	0 0	
7 1	12 1	53 1	93 1	148 1	163 2	168 2	209 2	249 2	304 2	0 0	0 0	0 0	0 0	
13 1	31 1	94 1	133 1	149 1	169 2	187 2	250 2	289 2	305 2	0 0	0 0	0 0	0 0	
4 1	14 1	54 1	95 1	150 1	160 2	170 2	210 2	251 2	306 2	0 0	0 0	0 0	0 0	
5 1	8 1	15 1	32 1	134 1	161 2	164 2	171 2	188 2	290 2	0 0	0 0	0 0	0 0	
6 1	33 1	55 1	151 1	162 2	189 2	211 2	307 2	0 0	0 0	0 0	0 0	0 0	0 0	
9 1	34 1	96 1	135 1	165 2	190 2	252 2	291 2	0 0	0 0	0 0	0 0	0 0	0 0	
10 1	16 1	35 1	97 1	136 1	166 2	172 2	191 2	253 2	292 2	0 0	0 0	0 0	0 0	
11 1	36 1	56 1	98 1	152 1	167 2	192 2	212 2	254 2	308 2	0 0	0 0	0 0	0 0	
7 1	12 1	57 1	137 1	153 1	163 2	168 2	213 2	293 2	309 2	0 0	0 0	0 0	0 0	
13 1	37 1	58 1	99 1	154 1	169 2	193 2	214 2	255 2	310 2	0 0	0 0	0 0	0 0	
14 1	17 1	38 1	59 1	138 1	155 1	170 2	173 2	194 2	215 2	294 2	311 2	0 0	0 0	
8 1	15 1	60 1	139 1	156 1	164 2	171 2	216 2	295 2	312 2	0 0	0 0	0 0	0 0	
61 1	100 1	140 1	217 2	256 2	296 2	0 0	0 0	0 0	0 0	0 0	0 0	0 0	0 0	
1 1	9 1	18 1	39 1	62 1	141 1	157 2	165 2	174 2	195 2	218 2	297 2	0 0	0 0	
2 1	10 1	16 1	19 1	63 1	142 1	158 2	166 2	172 2	175 2	219 2	298 2	0 0	0 0	
3 1	11 1	64 1	143 1	159 2	167 2	220 2	299 2	0 0	0 0	0 0	0 0	0 0	0 0	
12 1	20 1	40 1	101 1	144 1	168 2	176 2	196 2	257 2	300 2	0 0	0 0	0 0	0 0	
13 1	21 1	41 1	102 1	145 1	169 2	177 2	197 2	258 2	301 2	0 0	0 0	0 0	0 0	
14 1	17 1	22 1	42 1	146 1	170 2	173 2	178 2	198 2	302 2	0 0	0 0	0 0	0 0	
15 1	23 1	65 1	103 1	147 1	171 2	179 2	221 2	259 2	303 2	0 0	0 0	0 0	0 0	
4 1	24 1	43 1	104 1	160 2	180 2	199 2	260 2	0 0	0 0	0 0	0 0	0 0	0 0	
5 1	18 1	25 1	105 1	161 2	174 2	181 2	261 2	0 0	0 0	0 0	0 0	0 0	0 0	
6 1	16 1	19 1	26 1	106 1	162 2	172 2	175 2	182 2	262 2	0 0	0 0	0 0	0 0	
27 1	44 1	148 1	183 2	200 2	304 2	0 0	0 0	0 0	0 0	0 0	0 0	0 0	0 0	
20 1	45 1	66 1	107 1	149 1	176 2	201 2	222 2	263 2	305 2	0 0	0 0	0 0	0 0	
21 1	28 1	46 1	67 1	150 1	177 2	184 2	202 2	223 2	306 2	0 0	0 0	0 0	0 0	
7 1	17 1	22 1	68 1	108 1	163 2	173 2	178 2	224 2	264 2	0 0	0 0	0 0	0 0	
23 1	29 1	47 1	69 1	109 1	151 1	179 2	185 2	203 2	225 2	265 2	307 2	0 0	0 0	
24 1	30 1	48 1	70 1	110 1	180 2	186 2	204 2	226 2	266 2	0 0	0 0	0 0	0 0	
8 1	18 1	25 1	49 1	71 1	111 1	164 2	174 2	181 2	205 2	227 2	267 2	0 0	0 0	
19 1	26 1	31 1	72 1	152 1	175 2	182 2	187 2	228 2	308 2	0 0	0 0	0 0	0 0	
9 1	27 1	50 1	112 1	153 1	165 2	183 2	206 2	268 2	309 2	0 0	0 0	0 0	0 0	
10 1	20 1	32 1	154 1	166 2	176 2	188 2	310 2	0 0	0 0	0 0	0 0	0 0	0 0	
11 1	21 1	28 1	33 1	73 1	113 1	155 1	167 2	177 2	184 2	189 2	229 2	269 2	311 2	
12 1	22 1	34 1	114 1	156 1	168 2	178 2	190 2	270 2	312 2	0 0	0 0	0 0	0 0	
13 1	23 1	29 1	35 1	51 1	169 2	179 2	185 2	191 2	207 2	0 0	0 0	0 0	0 0	
1 1	14 1	24 1	30 1	36 1	157 2	170 2	180 2	186 2	192 2	0 0	0 0	0 0	0 0	
2 1	15 1	25 1	52 1	74 1	115 1	158 2	171 2	181 2	208 2	230 2	271 2	0 0	0 0	
3 1	26 1	31 1	37 1	53 1	116 1	159 2	182 2	187 2	193 2	209 2	272 2	0 0	0 0	
27 1	38 1	75 1	117 1	183 2	194 2	231 2	273 2	0 0	0 0	0 0	0 0	0 0	0 0	
16 1	32 1	54 1	76 1	118 1	172 2	188 2	210 2	232 2	274 2	0 0	0 0	0 0	0 0	
28 1	33 1	77 1	119 1	184 2	189 2	233 2	275 2	0 0	0 0	0 0	0 0	0 0	0 0	
34 1	39 1	55 1	120 1	190 2	195 2	211 2	276 2	0 0	0 0	0 0	0 0	0 0	0 0	
4 1	29 1	35 1	78 1	121 1	160 2	185 2	191 2	234 2	277 2	0 0	0 0	0 0	0 0	
5 1	17 1	30 1	36 1	79 1	161 2	173 2	186 2	192 2	235 2	0 0	0 0	0 0	0 0	
6 1	40 1	56 1	80 1	122 1	162 2	196 2	212 2	236 2	278 2	0 0	0 0	0 0	0 0	
31 1	37 1	41 1	57 1	81 1	123 1	187 2	193 2	197 2	213 2	237 2	279 2	0 0	0 0	
18 1	38 1	42 1	58 1	82 1	174 2	194 2	198 2	214 2	238 2	0 0	0 0	0 0	0 0	
19 1	32 1	59 1	83 1	124 1	175 2	188 2	215 2	239 2	280 2	0 0	0 0	0 0	0 0	
7 1	33 1	43 1	60 1	84 1	163 2	189 2	199 2	216 2	240 2	0 0	0 0	0 0	0 0	
20 1	34 1	39 1	61 1	85 1	176 2	190 2	195 2	217 2	241 2	0 0	0 0	0 0	0 0	
21 1	35 1	62 1	86 1	177 2	191 2	218 2	242 2	0 0	0 0	0 0	0 0	0 0	0 0	
8 1	22 1	36 1	44 1	63 1	125 1	164 2	178 2	192 2	200 2	219 2	281 2	0 0	0 0	
23 1	40 1	45 1	64 1	126 1	179 2	196 2	201 2	220 2	282 2	0 0	0 0	0 0	0 0	
9 1	24 1	37 1	41 1	46 1	165 2	180 2	193 2	197 2	202 2	0 0	0 0	0 0	0 0	
10 1	25 1	38 1	42 1	127 1	166 2	181 2	194 2	198 2	283 2	0 0	0 0	0 0	0 0	
11 1	26 1	47 1	128 1	167 2	182 2	203 2	284 2	0 0	0 0	0 0	0 0	0 0	0 0	
12 1	27 1	43 1	48 1	65 1	168 2	183 2	199 2	204 2	221 2	0 0	0 0	0 0	0 0	
13 1	39 1	49 1	87 1	129 1	169 2	195 2	205 2	243 2	285 2	0 0	0 0	0 0	0 0	
14 1	28 1	88 1	130 1	170 2	184 2	244 2	286 2	0 0	0 0	0 0	0 0	0 0	0 0	
15 1	44 1	50 1	89 1	131 1	171 2	200 2	206 2	245 2	287 2	0 0	0 0	0 0	0 0	
29 1	40 1	45 1	90 1	132 1	185 2	196 2	201 2	246 2	288 2	0 0	0 0	0 0	0 0	
30 1	41 1	46 1	66 1	91 1	186 2	197 2	202 2	222 2	247 2	0 0	0 0	0 0	0 0	
16 1	42 1	67 1	92 1	133 1	172 2	198 2	223 2	248 2	289 2	0 0	0 0	0 0	0 0	
31 1	47 1	51 1	68 1	93 1	187 2	203 2	207 2	224 2	249 2	0 0	0 0	0 0	0 0	
43 1	48 1	69 1	94 1	134 1	199 2	204 2	225 2	250 2	290 2	0 0	0 0	0 0	0 0	
32 1	49 1	52 1	70 1	95 1	188 2	205 2	208 2	226 2	251 2	0 0	0 0	0 0	0 0	
17 1	33 1	53 1	71 1	135 1	173 2	189 2	209 2	227 2	291 2	0 0	0 0	0 0	0 0	
34 1	44 1	50 1	72 1	136 1	190 2	200 2	206 2	228 2	292 2	0 0	0 0	0 0	0 0	
35 1	45 1	54 1	96 1	191 2	201 2	210 2	252 2	0 0	0 0	0 0	0 0	0 0	0 0	
18 1	36 1	46 1	97 1	137 1	174 2	192 2	202 2	253 2	293 2	0 0	0 0	0 0	0 0	
19 1	55 1	73 1	98 1	175 2	211 2	229 2	254 2	0 0	0 0	0 0	0 0	0 0	0 0	
37 1	47 1	51 1	138 1	193 2	203 2	207 2	294 2	0 0	0 0	0 0	0 0	0 0	0 0	
20 1	38 1	48 1	99 1	139 1	176 2	194 2	204 2	255 2	295 2	0 0	0 0	0 0	0 0	
21 1	49 1	52 1	56 1	140 1	177 2	205 2	208 2	212 2	296 2	0 0	0 0	0 0	0 0	
22 1	53 1	57 1	74 1	141 1	178 2	209 2	213 2	230 2	297 2	0 0	0 0	0 0	0 0	
23 1	39 1	50 1	58 1	100 1	142 1	179 2	195 2	206 2	214 2	256 2	298 2	0 0	0 0	
24 1	54 1	59 1	75 1	143 1	180 2	210 2	215 2	231 2	299 2	0 0	0 0	0 0	0 0	
25 1	60 1	76 1	144 1	181 2	216 2	232 2	300 2	0 0	0 0	0 0	0 0	0 0	0 0	
26 1	40 1	55 1	61 1	77 1	145 1	182 2	196 2	211 2	217 2	233 2	301 2	0 0	0 0	
27 1	41 1	51 1	62 1	101 1	146 1	183 2	197 2	207 2	218 2	257 2	302 2	0 0	0 0	
42 1	63 1	78 1	102 1	147 1	198 2	219 2	234 2	258 2	303 2	0 0	0 0	0 0	0 0	
28 1	52 1	56 1	64 1	79 1	184 2	208 2	212 2	220 2	235 2	0 0	0 0	0 0	0 0	
43 1	53 1	57 1	80 1	103 1	199 2	209 2	213 2	236 2	259 2	0 0	0 0	0 0	0 0	
29 1	58 1	81 1	104 1	185 2	214 2	237 2	260 2	0 0	0 0	0 0	0 0	0 0	0 0	
30 1	54 1	59 1	82 1	105 1	148 1	186 2	210 2	215 2	238 2	261 2	304 2	0 0	0 0	
44 1	60 1	65 1	83 1	106 1	149 1	200 2	216 2	221 2	239 2	262 2	305 2	0 0	0 0	
31 1	45 1	55 1	61 1	84 1	150 1	187 2	201 2	211 2	217 2	240 2	306 2	0 0	0 0	
46 1	62 1	85 1	107 1	202 2	218 2	241 2	263 2	0 0	0 0	0 0	0 0	0 0	0 0	
32 1	63 1	86 1	151 1	188 2	219 2	242 2	307 2	0 0	0 0	0 0	0 0	0 0	0 0	
33 1	47 1	56 1	64 1	108 1	189 2	203 2	212 2	220 2	264 2	0 0	0 0	0 0	0 0	
34 1	48 1	57 1	66 1	109 1	190 2	204 2	213 2	222 2	265 2	0 0	0 0	0 0	0 0	
35 1	49 1	58 1	67 1	110 1	152 1	191 2	205 2	214 2	223 2	266 2	308 2	0 0	0 0	
36 1	59 1	68 1	111 1	153 1	192 2	215 2	224 2	267 2	309 2	0 0	0 0	0 0	0 0	
50 1	60 1	65 1	69 1	154 1	206 2	216 2	221 2	225 2	310 2	0 0	0 0	0 0	0 0	
37 1	61 1	70 1	112 1	155 1	193 2	217 2	226 2	268 2	311 2	0 0	0 0	0 0	0 0	
38 1	62 1	71 1	87 1	156 1	194 2	218 2	227 2	243 2	312 2	0 0	0 0	0 0	0 0	
63 1	72 1	88 1	113 1	219 2	228 2	244 2	269 2	0 0	0 0	0 0	0 0	0 0	0 0	
1 1	51 1	64 1	89 1	114 1	157 2	207 2	220 2	245 2	270 2	0 0	0 0	0 0	0 0	
2 1	39 1	66 1	90 1	158 2	195 2	222 2	246 2	0 0	0 0	0 0	0 0	0 0	0 0	
3 1	52 1	67 1	73 1	91 1	159 2	208 2	223 2	229 2	247 2	0 0	0 0	0 0	0 0	
53 1	68 1	92 1	115 1	209 2	224 2	248 2	271 2	0 0	0 0	0 0	0 0	0 0	0 0	
40 1	65 1	69 1	93 1	116 1	196 2	221 2	225 2	249 2	272 2	0 0	0 0	0 0	0 0	
41 1	54 1	70 1	94 1	117 1	197 2	210 2	226 2	250 2	273 2	0 0	0 0	0 0	0 0	
42 1	71 1	74 1	95 1	118 1	198 2	227 2	230 2	251 2	274 2	0 0	0 0	0 0	0 0	
4 1	55 1	72 1	119 1	160 2	211 2	228 2	275 2	0 0	0 0	0 0	0 0	0 0	0 0	
5 1	43 1	75 1	120 1	161 2	199 2	231 2	276 2	0 0	0 0	0 0	0 0	0 0	0 0	
32 1	76 1	83 1	95 1	150 1	188 2	232 2	239 2	251 2	306 2	0 0	0 0	0 0	0 0	
33 1	55 1	73 1	77 1	84 1	108 1	189 2	211 2	229 2	233 2	240 2	264 2	0 0	0 0	
34 1	85 1	109 1	151 1	190 2	241 2	265 2	307 2	0 0	0 0	0 0	0 0	0 0	0 0	
35 1	78 1	86 1	96 1	110 1	191 2	234 2	242 2	252 2	266 2	0 0	0 0	0 0	0 0	
36 1	56 1	79 1	97 1	111 1	192 2	212 2	235 2	253 2	267 2	0 0	0 0	0 0	0 0	
57 1	74 1	80 1	98 1	152 1	213 2	230 2	236 2	254 2	308 2	0 0	0 0	0 0	0 0	
37 1	58 1	81 1	112 1	153 1	193 2	214 2	237 2	268 2	309 2	0 0	0 0	0 0	0 0	
38 1	59 1	75 1	82 1	99 1	154 1	194 2	215 2	231 2	238 2	255 2	310 2	0 0	0 0	
60 1	76 1	83 1	113 1	155 1	216 2	232 2	239 2	269 2	311 2	0 0	0 0	0 0	0 0	
61 1	77 1	84 1	114 1	156 1	217 2	233 2	240 2	270 2	312 2	0 0	0 0	0 0	0 0	
39 1	62 1	85 1	87 1	100 1	195 2	218 2	241 2	243 2	256 2	0 0	0 0	0 0	0 0	
1 1	63 1	78 1	86 1	88 1	157 2	219 2	234 2	242 2	244 2	0 0	0 0	0 0	0 0	
2 1	64 1	79 1	89 1	115 1	158 2	220 2	235 2	245 2	271 2	0 0	0 0	0 0	0 0	
3 1	40 1	80 1	90 1	116 1	159 2	196 2	236 2	246 2	272 2	0 0	0 0	0 0	0 0	
41 1	81 1	91 1	101 1	117 1	197 2	237 2	247 2	257 2	273 2	0 0	0 0	0 0	0 0	
42 1	82 1	92 1	102 1	118 1	198 2	238 2	248 2	258 2	274 2	0 0	0 0	0 0	0 0	
65 1	83 1	93 1	119 1	221 2	239 2	249 2	275 2	0 0	0 0	0 0	0 0	0 0	0 0	
43 1	84 1	94 1	103 1	120 1	199 2	240 2	250 2	259 2	276 2	0 0	0 0	0 0	0 0	
4 1	85 1	87 1	95 1	104 1	121 1	160 2	241 2	243 2	251 2	260 2	277 2	0 0	0 0	
5 1	86 1	88 1	105 1	161 2	242 2	244 2	261 2	0 0	0 0	0 0	0 0	0 0	0 0	
6 1	44 1	89 1	106 1	122 1	162 2	200 2	245 2	262 2	278 2	0 0	0 0	0 0	0 0	
45 1	66 1	90 1	96 1	123 1	201 2	222 2	246 2	252 2	279 2	0 0	0 0	0 0	0 0	
46 1	67 1	91 1	97 1	107 1	202 2	223 2	247 2	253 2	263 2	0 0	0 0	0 0	0 0	
68 1	92 1	98 1	124 1	224 2	248 2	254 2	280 2	0 0	0 0	0 0	0 0	0 0	0 0	
7 1	47 1	69 1	93 1	108 1	163 2	203 2	225 2	249 2	264 2	0 0	0 0	0 0	0 0	
48 1	70 1	94 1	99 1	109 1	204 2	226 2	250 2	255 2	265 2	0 0	0 0	0 0	0 0	
49 1	71 1	87 1	95 1	110 1	205 2	227 2	243 2	251 2	266 2	0 0	0 0	0 0	0 0	
8 1	72 1	88 1	111 1	125 1	164 2	228 2	244 2	267 2	281 2	0 0	0 0	0 0	0 0	
50 1	89 1	100 1	126 1	206 2	245 2	256 2	282 2	0 0	0 0	0 0	0 0	0 0	0 0	
9 1	90 1	96 1	112 1	165 2	246 2	252 2	268 2	0 0	0 0	0 0	0 0	0 0	0 0	
10 1	73 1	91 1	97 1	127 1	166 2	229 2	247 2	253 2	283 2	0 0	0 0	0 0	0 0	
11 1	92 1	98 1	113 1	128 1	167 2	248 2	254 2	269 2	284 2	0 0	0 0	0 0	0 0	
12 1	51 1	93 1	101 1	114 1	168 2	207 2	249 2	257 2	270 2	0 0	0 0	0 0	0 0	
13 1	94 1	99 1	102 1	129 1	169 2	250 2	255 2	258 2	285 2	0 0	0 0	0 0	0 0	
14 1	52 1	74 1	95 1	130 1	170 2	208 2	230 2	251 2	286 2	0 0	0 0	0 0	0 0	
15 1	53 1	103 1	115 1	131 1	171 2	209 2	259 2	271 2	287 2	0 0	0 0	0 0	0 0	
75 1	100 1	104 1	116 1	132 1	231 2	256 2	260 2	272 2	288 2	0 0	0 0	0 0	0 0	
54 1	76 1	96 1	105 1	117 1	210 2	232 2	252 2	261 2	273 2	0 0	0 0	0 0	0 0	
16 1	77 1	97 1	106 1	118 1	133 1	172 2	233 2	253 2	262 2	274 2	289 2	0 0	0 0	
55 1	98 1	119 1	211 2	254 2	275 2	0 0	0 0	0 0	0 0	0 0	0 0	0 0	0 0	
78 1	101 1	107 1	120 1	134 1	234 2	257 2	263 2	276 2	290 2	0 0	0 0	0 0	0 0	
79 1	99 1	102 1	121 1	235 2	255 2	258 2	277 2	0 0	0 0	0 0	0 0	0 0	0 0	
17 1	56 1	80 1	108 1	135 1	173 2	212 2	236 2	264 2	291 2	0 0	0 0	0 0	0 0	
57 1	81 1	103 1	109 1	122 1	136 1	213 2	237 2	259 2	265 2	278 2	292 2	0 0	0 0	
58 1	82 1	100 1	104 1	110 1	123 1	214 2	238 2	256 2	260 2	266 2	279 2	0 0	0 0	
18 1	59 1	83 1	105 1	111 1	137 1	174 2	215 2	239 2	261 2	267 2	293 2	0 0	0 0	
19 1	60 1	84 1	106 1	124 1	175 2	216 2	240 2	262 2	280 2	0 0	0 0	0 0	0 0	
61 1	85 1	112 1	138 1	217 2	241 2	268 2	294 2	0 0	0 0	0 0	0 0	0 0	0 0	
20 1	62 1	86 1	101 1	107 1	139 1	176 2	218 2	242 2	257 2	263 2	295 2	0 0	0 0	
21 1	63 1	102 1	113 1	140 1	177 2	219 2	258 2	269 2	296 2	0 0	0 0	0 0	0 0	
22 1	64 1	108 1	114 1	125 1	141 1	178 2	220 2	264 2	270 2	281 2	297 2	0 0	0 0	
23 1	103 1	109 1	126 1	142 1	179 2	259 2	265 2	282 2	298 2	0 0	0 0	0 0	0 0	
24 1	104 1	110 1	143 1	180 2	260 2	266 2	299 2	0 0	0 0	0 0	0 0	0 0	0 0	
25 1	105 1	111 1	115 1	127 1	144 1	181 2	261 2	267 2	271 2	283 2	300 2	0 0	0 0	
26 1	65 1	106 1	116 1	128 1	145 1	182 2	221 2	262 2	272 2	284 2	301 2	0 0	0 0	
27 1	87 1	112 1	117 1	146 1	183 2	243 2	268 2	273 2	302 2	0 0	0 0	0 0	0 0	
88 1	107 1	118 1	129 1	147 1	244 2	263 2	274 2	285 2	303 2	0 0	0 0	0 0	0 0	
28 1	89 1	113 1	119 1	130 1	184 2	245 2	269 2	275 2	286 2	0 0	0 0	0 0	0 0	
90 1	108 1	114 1	120 1	131 1	246 2	264 2	270 2	276 2	287 2	0 0	0 0	0 0	0 0	
29 1	66 1	91 1	109 1	121 1	132 1	185 2	222 2	247 2	265 2	277 2	288 2	0 0	0 0	
30 1	67 1	92 1	110 1	148 1	186 2	223 2	248 2	266 2	304 2	0 0	0 0	0 0	0 0	
68 1	93 1	111 1	115 1	122 1	133 1	149 1	224 2	249 2	267 2	271 2	278 2	289 2	305 2	
31 1	69 1	94 1	116 1	123 1	150 1	187 2	225 2	250 2	272 2	279 2	306 2	0 0	0 0	
70 1	95 1	112 1	117 1	134 1	226 2	251 2	268 2	273 2	290 2	0 0	0 0	0 0	0 0	
32 1	71 1	118 1	124 1	151 1	188 2	227 2	274 2	280 2	307 2	0 0	0 0	0 0	0 0	
33 1	72 1	113 1	119 1	135 1	189 2	228 2	269 2	275 2	291 2	0 0	0 0	0 0	0 0	
34 1	96 1	114 1	120 1	136 1	190 2	252 2	270 2	276 2	292 2	0 0	0 0	0 0	0 0	
35 1	97 1	121 1	152 1	191 2	253 2	277 2	308 2	0 0	0 0	0 0	0 0	0 0	0 0	
36 1	73 1	98 1	125 1	137 1	153 1	192 2	229 2	254 2	281 2	293 2	309 2	0 0	0 0	
115 1	122 1	126 1	154 1	271 2	278 2	282 2	310 2	0 0	0 0	0 0	0 0	0 0	0 0	
37 1	99 1	116 1	123 1	138 1	155 1	193 2	255 2	272 2	279 2	294 2	311 2	0 0	0 0	
38 1	117 1	127 1	139 1	156 1	194 2	273 2	283 2	295 2	312 2	0 0	0 0	0 0	0 0	
74 1	118 1	124 1	128 1	140 1	230 2	274 2	280 2	284 2	296 2	0 0	0 0	0 0	0 0	
1 1	100 1	119 1	141 1	157 2	256 2	275 2	297 2	0 0	0 0	0 0	0 0	0 0	0 0	
2 1	39 1	75 1	120 1	129 1	142 1	158 2	195 2	231 2	276 2	285 2	298 2	0 0	0 0	
3 1	76 1	121 1	130 1	143 1	159 2	232 2	277 2	286 2	299 2	0 0	0 0	0 0	0 0	
77 1	125 1	131 1	144 1	233 2	281 2	287 2	300 2	0 0	0 0	0 0	0 0	0 0	0 0	
40 1	101 1	122 1	126 1	132 1	145 1	196 2	257 2	278 2	282 2	288 2	301 2	0 0	0 0	
41 1	78 1	102 1	123 1	146 1	197 2	234 2	258 2	279 2	302 2	0 0	0 0	0 0	0 0	
42 1	79 1	127 1	133 1	147 1	198 2	235 2	283 2	289 2	303 2	0 0	0 0	0 0	0 0	
4 1	80 1	103 1	124 1	128 1	160 2	236 2	259 2	280 2	284 2	0 0	0 0	0 0	0 0	
5 1	43 1	81 1	104 1	134 1	161 2	199 2	237 2	260 2	290 2	0 0	0 0	0 0	0 0	
6 1	82 1	105 1	129 1	162 2	238 2	261 2	285 2	0 0	0 0	0 0	0 0	0 0	0 0	
83 1	106 1	130 1	135 1	148 1	239 2	262 2	286 2	291 2	304 2	0 0	0 0	0 0	0 0	
44 1	84 1	125 1	131 1	136 1	149 1	200 2	240 2	281 2	287 2	292 2	305 2	0 0	0 0	
45 1	85 1	107 1	126 1	132 1	150 1	201 2	241 2	263 2	282 2	288 2	306 2	0 0	0 0	
7 1	46 1	86 1	137 1	163 2	202 2	242 2	293 2	0 0	0 0	0 0	0 0	0 0	0 0	
108 1	127 1	133 1	151 1	264 2	283 2	289 2	307 2	0 0	0 0	0 0	0 0	0 0	0 0	
47 1	109 1	128 1	138 1	203 2	265 2	284 2	294 2	0 0	0 0	0 0	0 0	0 0	0 0	
8 1	48 1	110 1	134 1	139 1	164 2	204 2	266 2	290 2	295 2	0 0	0 0	0 0	0 0	
49 1	111 1	129 1	140 1	152 1	205 2	267 2	285 2	296 2	308 2	0 0	0 0	0 0	0 0	
9 1	130 1	135 1	141 1	153 1	165 2	286 2	291 2	297 2	309 2	0 0	0 0	0 0	0 0	
10 1	50 1	112 1	131 1	136 1	142 1	154 1	166 2	206 2	268 2	287 2	292 2	298 2	310 2	
11 1	87 1	132 1	143 1	155 1	167 2	243 2	288 2	299 2	311 2	0 0	0 0	0 0	0 0	
12 1	88 1	113 1	137 1	144 1	156 1	168 2	244 2	269 2	293 2	300 2	312 2	0 0	0 0	
13 1	89 1	114 1	133 1	145 1	169 2	245 2	270 2	289 2	301 2	0 0	0 0	0 0	0 0	
1 1	14 1	51 1	90 1	138 1	146 1	157 2	170 2	207 2	246 2	294 2	302 2	0 0	0 0	
2 1	15 1	91 1	134 1	139 1	147 1	158 2	171 2	247 2	290 2	295 2	303 2	0 0	0 0	
3 1	52 1	92 1	115 1	140 1	159 2	208 2	248 2	271 2	296 2	0 0	0 0	0 0	0 0	
53 1	93 1	116 1	135 1	141 1	209 2	249 2	272 2	291 2	297 2	0 0	0 0	0 0	0 0	
16 1	94 1	117 1	136 1	142 1	172 2	250 2	273 2	292 2	298 2	0 0	0 0	0 0	0 0	
54 1	95 1	118 1	143 1	148 1	210 2	251 2	274 2	299 2	304 2	0 0	0 0	0 0	0 0	
119 1	137 1	144 1	149 1	275 2	293 2	300 2	305 2	0 0	0 0	0 0	0 0	0 0	0 0	
4 1	55 1	120 1	145 1	150 1	160 2	211 2	276 2	301 2	306 2	0 0	0 0	0 0	0 0	
5 1	17 1	96 1	121 1	138 1	146 1	161 2	173 2	252 2	277 2	294 2	302 2	0 0	0 0	
6 1	97 1	139 1	147 1	151 1	162 2	253 2	295 2	303 2	307 2	0 0	0 0	0 0	0 0	
56 1	98 1	122 1	140 1	212 2	254 2	278 2	296 2	0 0	0 0	0 0	0 0	0 0	0 0	
18 1	57 1	123 1	141 1	174 2	213 2	279 2	297 2	0 0	0 0	0 0	0 0	0 0	0 0	
19 1	58 1	99 1	142 1	152 1	175 2	214 2	255 2	298 2	308 2	0 0	0 0	0 0	0 0	
7 1	59 1	124 1	143 1	148 1	153 1	163 2	215 2	280 2	299 2	304 2	309 2	0 0	0 0	
20 1	60 1	144 1	149 1	154 1	176 2	216 2	300 2	305 2	310 2	0 0	0 0	0 0	0 0	
21 1	61 1	100 1	145 1	150 1	155 1	177 2	217 2	256 2	301 2	306 2	311 2	0 0	0 0	
8 1	22 1	62 1	146 1	156 1	164 2	178 2	218 2	302 2	312 2	0 0	0 0	0 0	0 0	
23 1	63 1	125 1	147 1	151 1	179 2	219 2	281 2	303 2	307 2	0 0	0 0	0 0	0 0	
1 1	9 1	24 1	64 1	126 1	157 2	165 2	180 2	220 2	282 2	0 0	0 0	0 0	0 0	
2 1	10 1	25 1	101 1	158 2	166 2	181 2	257 2	0 0	0 0	0 0	0 0	0 0	0 0	
3 1	11 1	26 1	102 1	127 1	152 1	159 2	167 2	182 2	258 2	283 2	308 2	0 0	0 0	
12 1	27 1	128 1	148 1	153 1	168 2	183 2	284 2	304 2	309 2	0 0	0 0	0 0	0 0	
13 1	65 1	103 1	149 1	154 1	169 2	221 2	259 2	305 2	310 2	0 0	0 0	0 0	0 0	
14 1	28 1	104 1	129 1	150 1	155 1	170 2	184 2	260 2	285 2	306 2	311 2	0 0	0 0	
15 1	105 1	130 1	156 1	171 2	261 2	286 2	312 2	0 0	0 0	0 0	0 0	0 0	0 0	
4 1	29 1	106 1	131 1	151 1	160 2	185 2	262 2	287 2	307 2	0 0	0 0	0 0	0 0	
1 1	5 1	30 1	132 1	157 2	161 2	186 2	288 2	0 0	0 0	0 0	0 0	0 0	0 0	
2 1	6 1	16 1	66 1	107 1	158 2	162 2	172 2	222 2	263 2	0 0	0 0	0 0	0 0	
3 1	31 1	67 1	133 1	152 1	159 2	187 2	223 2	289 2	308 2	0 0	0 0	0 0	0 0	
68 1	108 1	153 1	224 2	264 2	309 2	0 0	0 0	0 0	0 0	0 0	0 0	0 0	0 0	
32 1	69 1	109 1	134 1	154 1	188 2	225 2	265 2	290 2	310 2	0 0	0 0	0 0	0 0	
7 1	17 1	33 1	70 1	110 1	155 1	163 2	173 2	189 2	226 2	266 2	311 2	0 0	0 0	
34 1	71 1	111 1	135 1	156 1	190 2	227 2	267 2	291 2	312 2	0 0	0 0	0 0	0 0	
4 1	35 1	72 1	136 1	160 2	191 2	228 2	292 2	0 0	0 0	0 0	0 0	0 0	0 0	
1 1	5 1	8 1	18 1	36 1	112 1	157 2	161 2	164 2	174 2	192 2	268 2	0 0	0 0	
2 1	6 1	19 1	137 1	158 2	162 2	175 2	293 2	0 0	0 0	0 0	0 0	0 0	0 0	
3 1	9 1	37 1	73 1	113 1	159 2	165 2	193 2	229 2	269 2	0 0	0 0	0 0	0 0	
10 1	20 1	38 1	114 1	138 1	166 2	176 2	194 2	270 2	294 2	0 0	0 0	0 0	0 0	
11 1	21 1	139 1	167 2	177 2	295 2	0 0	0 0	0 0	0 0	0 0	0 0	0 0	0 0	
7 1	12 1	22 1	140 1	163 2	168 2	178 2	296 2	0 0	0 0	0 0	0 0	0 0	0 0	
13 1	23 1	39 1	74 1	115 1	141 1	169 2	179 2	195 2	230 2	271 2	297 2	0 0	0 0	
4 1	14 1	24 1	116 1	142 1	160 2	170 2	180 2	272 2	298 2	0 0	0 0	0 0	0 0	
5 1	8 1	15 1	25 1	75 1	117 1	143 1	161 2	164 2	171 2	181 2	231 2	273 2	299 2	
6 1	26 1	40 1	76 1	118 1	144 1	162 2	182 2	196 2	232 2	274 2	300 2	0 0	0 0	
9 1	27 1	41 1	77 1	119 1	145 1	165 2	183 2	197 2	233 2	275 2	301 2	0 0	0 0	
10 1	16 1	42 1	120 1	146 1	166 2	172 2	198 2	276 2	302 2	0 0	0 0	0 0	0 0	
11 1	28 1	78 1	121 1	147 1	167 2	184 2	234 2	277 2	303 2	0 0	0 0	0 0	0 0	
7 1	12 1	43 1	79 1	163 2	168 2	199 2	235 2	0 0	0 0	0 0	0 0	0 0	0 0	
13 1	29 1	80 1	122 1	169 2	185 2	236 2	278 2	0 0	0 0	0 0	0 0	0 0	0 0	
14 1	17 1	30 1	81 1	123 1	170 2	173 2	186 2	237 2	279 2	0 0	0 0	0 0	0 0	
8 1	15 1	44 1	82 1	148 1	164 2	171 2	200 2	238 2	304 2	0 0	0 0	0 0	0 0	
31 1	45 1	83 1	124 1	149 1	187 2	201 2	239 2	280 2	305 2	0 0	0 0	0 0	0 0	
9 1	18 1	46 1	84 1	150 1	165 2	174 2	202 2	240 2	306 2	0 0	0 0	0 0	0 0	
10 1	16 1	19 1	32 1	85 1	166 2	172 2	175 2	188 2	241 2	0 0	0 0	0 0	0 0	
11 1	33 1	47 1	86 1	151 1	167 2	189 2	203 2	242 2	307 2	0 0	0 0	0 0	0 0	
12 1	20 1	34 1	48 1	125 1	168 2	176 2	190 2	204 2	281 2	0 0	0 0	0 0	0 0	
13 1	21 1	35 1	49 1	126 1	169 2	177 2	191 2	205 2	282 2	0 0	0 0	0 0	0 0	
14 1	17 1	22 1	36 1	152 1	170 2	173 2	178 2	192 2	308 2	0 0	0 0	0 0	0 0	
15 1	23 1	50 1	127 1	153 1	171 2	179 2	206 2	283 2	309 2	0 0	0 0	0 0	0 0	
24 1	37 1	128 1	154 1	180 2	193 2	284 2	310 2	0 0	0 0	0 0	0 0	0 0	0 0	
18 1	25 1	38 1	155 1	174 2	181 2	194 2	311 2	0 0	0 0	0 0	0 0	0 0	0 0	
16 1	19 1	26 1	87 1	129 1	156 1	172 2	175 2	182 2	243 2	285 2	312 2	0 0	0 0	
27 1	51 1	88 1	130 1	183 2	207 2	244 2	286 2	0 0	0 0	0 0	0 0	0 0	0 0	
1 1	20 1	39 1	89 1	131 1	157 2	176 2	195 2	245 2	287 2	0 0	0 0	0 0	0 0	
2 1	21 1	28 1	52 1	90 1	132 1	158 2	177 2	184 2	208 2	246 2	288 2	0 0	0 0	
3 1	17 1	22 1	53 1	91 1	159 2	173 2	178 2	209 2	247 2	0 0	0 0	0 0	0 0	
23 1	29 1	40 1	92 1	133 1	179 2	185 2	196 2	248 2	289 2	0 0	0 0	0 0	0 0	
24 1	30 1	41 1	54 1	93 1	180 2	186 2	197 2	210 2	249 2	0 0	0 0	0 0	0 0	
18 1	25 1	42 1	94 1	134 1	174 2	181 2	198 2	250 2	290 2	0 0	0 0	0 0	0 0	
19 1	26 1	31 1	55 1	95 1	175 2	182 2	187 2	211 2	251 2	0 0	0 0	0 0	0 0	
4 1	27 1	43 1	135 1	160 2	183 2	199 2	291 2	0 0	0 0	0 0	0 0	0 0	0 0	
5 1	20 1	32 1	136 1	161 2	176 2	188 2	292 2	0 0	0 0	0 0	0 0	0 0	0 0	
6 1	21 1	28 1	33 1	56 1	96 1	162 2	177 2	184 2	189 2	212 2	252 2	0 0	0 0	
22 1	34 1	44 1	57 1	97 1	137 1	178 2	190 2	200 2	213 2	253 2	293 2	0 0	0 0	
23 1	29 1	35 1	45 1	58 1	98 1	179 2	185 2	191 2	201 2	214 2	254 2	0 0	0 0	
24 1	30 1	36 1	46 1	59 1	138 1	180 2	186 2	192 2	202 2	215 2	294 2	0 0	0 0	
7 1	25 1	60 1	99 1	139 1	163 2	181 2	216 2	255 2	295 2	0 0	0 0	0 0	0 0	
26 1	31 1	37 1	47 1	61 1	140 1	182 2	187 2	193 2	203 2	217 2	296 2	0 0	0 0	
27 1	38 1	48 1	62 1	141 1	183 2	194 2	204 2	218 2	297 2	0 0	0 0	0 0	0 0	
8 1	32 1	49 1	63 1	100 1	142 1	164 2	188 2	205 2	219 2	256 2	298 2	0 0	0 0	
28 1	33 1	64 1	143 1	184 2	189 2	220 2	299 2	0 0	0 0	0 0	0 0	0 0	0 0	
9 1	34 1	39 1	50 1	144 1	165 2	190 2	195 2	206 2	300 2	0 0	0 0	0 0	0 0	
10 1	29 1	35 1	145 1	166 2	185 2	191 2	301 2	0 0	0 0	0 0	0 0	0 0	0 0	
11 1	30 1	36 1	101 1	146 1	167 2	186 2	192 2	257 2	302 2	0 0	0 0	0 0	0 0	
12 1	40 1	65 1	102 1	147 1	168 2	196 2	221 2	258 2	303 2	0 0	0 0	0 0	0 0	
13 1	31 1	37 1	41 1	51 1	169 2	187 2	193 2	197 2	207 2	0 0	0 0	0 0	0 0	
14 1	38 1	42 1	103 1	170 2	194 2	198 2	259 2	0 0	0 0	0 0	0 0	0 0	0 0	
15 1	32 1	52 1	104 1	171 2	188 2	208 2	260 2	0 0	0 0	0 0	0 0	0 0	0 0	
33 1	43 1	53 1	105 1	148 1	189 2	199 2	209 2	261 2	304 2	0 0	0 0	0 0	0 0	
34 1	39 1	66 1	106 1	149 1	190 2	195 2	222 2	262 2	305 2	0 0	0 0	0 0	0 0	
16 1	35 1	54 1	67 1	150 1	172 2	191 2	210 2	223 2	306 2	0 0	0 0	0 0	0 0	
36 1	44 1	68 1	107 1	192 2	200 2	224 2	263 2	0 0	0 0	0 0	0 0	0 0	0 0	
40 1	45 1	55 1	69 1	151 1	196 2	201 2	211 2	225 2	307 2	0 0	0 0	0 0	0 0	
37 1	41 1	46 1	70 1	108 1	193 2	197 2	202 2	226 2	264 2	0 0	0 0	0 0	0 0	
17 1	38 1	42 1	71 1	109 1	173 2	194 2	198 2	227 2	265 2	0 0	0 0	0 0	0 0	
47 1	56 1	72 1	110 1	152 1	203 2	212 2	228 2	266 2	308 2	0 0	0 0	0 0	0 0	
43 1	48 1	57 1	111 1	153 1	199 2	204 2	213 2	267 2	309 2	0 0	0 0	0 0	0 0	
18 1	39 1	49 1	58 1	154 1	174 2	195 2	205 2	214 2	310 2	0 0	0 0	0 0	0 0	
19 1	59 1	73 1	112 1	155 1	175 2	215 2	229 2	268 2	311 2	0 0	0 0	0 0	0 0	
44 1	50 1	60 1	156 1	200 2	206 2	216 2	312 2	0 0	0 0	0 0	0 0	0 0	0 0	
20 1	40 1	45 1	61 1	113 1	176 2	196 2	201 2	217 2	269 2	0 0	0 0	0 0	0 0	
1 1	21 1	41 1	46 1	62 1	114 1	157 2	177 2	197 2	202 2	218 2	270 2	0 0	0 0	
2 1	22 1	42 1	63 1	74 1	158 2	178 2	198 2	219 2	230 2	0 0	0 0	0 0	0 0	
3 1	23 1	47 1	51 1	64 1	159 2	179 2	203 2	207 2	220 2	0 0	0 0	0 0	0 0	
24 1	43 1	48 1	75 1	115 1	180 2	199 2	204 2	231 2	271 2	0 0	0 0	0 0	0 0	
25 1	49 1	52 1	76 1	116 1	181 2	205 2	208 2	232 2	272 2	0 0	0 0	0 0	0 0	
26 1	53 1	77 1	117 1	182 2	209 2	233 2	273 2	0 0	0 0	0 0	0 0	0 0	0 0	
27 1	44 1	50 1	65 1	118 1	183 2	200 2	206 2	221 2	274 2	0 0	0 0	0 0	0 0	
4 1	45 1	54 1	78 1	119 1	160 2	201 2	210 2	234 2	275 2	0 0	0 0	0 0	0 0	
5 1	28 1	46 1	79 1	120 1	161 2	184 2	202 2	235 2	276 2	0 0	0 0	0 0	0 0	
6 1	55 1	80 1	121 1	162 2	211 2	236 2	277 2	0 0	0 0	0 0	0 0	0 0	0 0	
29 1	47 1	51 1	81 1	185 2	203 2	207 2	237 2	0 0	0 0	0 0	0 0	0 0	0 0	
30 1	48 1	66 1	82 1	122 1	186 2	204 2	222 2	238 2	278 2	0 0	0 0	0 0	0 0	
49 1	52 1	56 1	67 1	83 1	123 1	205 2	208 2	212 2	223 2	239 2	279 2	0 0	0 0	
7 1	31 1	53 1	57 1	68 1	84 1	163 2	187 2	209 2	213 2	224 2	240 2	0 0	0 0	
50 1	58 1	69 1	85 1	124 1	206 2	214 2	225 2	241 2	280 2	0 0	0 0	0 0	0 0	
32 1	54 1	59 1	70 1	86 1	188 2	210 2	215 2	226 2	242 2	0 0	0 0	0 0	0 0	
8 1	33 1	60 1	71 1	164 2	189 2	216 2	227 2	0 0	0 0	0 0	0 0	0 0	0 0	
34 1	55 1	61 1	72 1	190 2	211 2	217 2	228 2	0 0	0 0	0 0	0 0	0 0	0 0	
9 1	35 1	51 1	62 1	125 1	165 2	191 2	207 2	218 2	281 2	0 0	0 0	0 0	0 0	
10 1	36 1	63 1	126 1	166 2	192 2	219 2	282 2	0 0	0 0	0 0	0 0	0 0	0 0	
11 1	52 1	56 1	64 1	73 1	167 2	208 2	212 2	220 2	229 2	0 0	0 0	0 0	0 0	
12 1	37 1	53 1	57 1	127 1	168 2	193 2	209 2	213 2	283 2	0 0	0 0	0 0	0 0	
13 1	38 1	58 1	87 1	128 1	169 2	194 2	214 2	243 2	284 2	0 0	0 0	0 0	0 0	
14 1	54 1	59 1	88 1	170 2	210 2	215 2	244 2	0 0	0 0	0 0	0 0	0 0	0 0	
15 1	60 1	65 1	74 1	89 1	129 1	171 2	216 2	221 2	230 2	245 2	285 2	0 0	0 0	
39 1	55 1	61 1	90 1	130 1	195 2	211 2	217 2	246 2	286 2	0 0	0 0	0 0	0 0	
62 1	75 1	91 1	131 1	218 2	231 2	247 2	287 2	0 0	0 0	0 0	0 0	0 0	0 0	
16 1	63 1	76 1	92 1	132 1	172 2	219 2	232 2	248 2	288 2	0 0	0 0	0 0	0 0	
40 1	56 1	64 1	77 1	93 1	196 2	212 2	220 2	233 2	249 2	0 0	0 0	0 0	0 0	
41 1	57 1	66 1	94 1	133 1	197 2	213 2	222 2	250 2	289 2	0 0	0 0	0 0	0 0	
42 1	58 1	67 1	78 1	95 1	198 2	214 2	223 2	234 2	251 2	0 0	0 0	0 0	0 0	
17 1	59 1	68 1	79 1	134 1	173 2	215 2	224 2	235 2	290 2	0 0	0 0	0 0	0 0	
43 1	60 1	65 1	69 1	80 1	199 2	216 2	221 2	225 2	236 2	0 0	0 0	0 0	0 0	
61 1	70 1	81 1	96 1	135 1	217 2	226 2	237 2	252 2	291 2	0 0	0 0	0 0	0 0	
18 1	62 1	71 1	82 1	97 1	136 1	174 2	218 2	227 2	238 2	253 2	292 2	0 0	0 0	
19 1	44 1	63 1	72 1	83 1	98 1	175 2	200 2	219 2	228 2	239 2	254 2	0 0	0 0	
45 1	64 1	84 1	137 1	201 2	220 2	240 2	293 2	0 0	0 0	0 0	0 0	0 0	0 0	
20 1	46 1	66 1	85 1	99 1	176 2	202 2	222 2	241 2	255 2	0 0	0 0	0 0	0 0	
21 1	67 1	73 1	86 1	138 1	177 2	223 2	229 2	242 2	294 2	0 0	0 0	0 0	0 0	
22 1	47 1	68 1	139 1	178 2	203 2	224 2	295 2	0 0	0 0	0 0	0 0	0 0	0 0	
23 1	48 1	65 1	69 1	100 1	140 1	179 2	204 2	221 2	225 2	256 2	296 2	0 0	0 0	
24 1	49 1	70 1	141 1	180 2	205 2	226 2	297 2	0 0	0 0	0 0	0 0	0 0	0 0	
25 1	71 1	74 1	142 1	181 2	227 2	230 2	298 2	0 0	0 0	0 0	0 0	0 0	0 0	
26 1	50 1	72 1	143 1	182 2	206 2	228 2	299 2	0 0	0 0	0 0	0 0	0 0	0 0	
27 1	75 1	101 1	144 1	183 2	231 2	257 2	300 2	0 0	0 0	0 0	0 0	0 0	0 0	
66 1	76 1	87 1	102 1	145 1	222 2	232 2	243 2	258 2	301 2	0 0	0 0	0 0	0 0	
28 1	67 1	73 1	77 1	88 1	146 1	184 2	223 2	229 2	233 2	244 2	302 2	0 0	0 0	
51 1	68 1	89 1	103 1	147 1	207 2	224 2	245 2	259 2	303 2	0 0	0 0	0 0	0 0	
29 1	69 1	78 1	90 1	104 1	185 2	225 2	234 2	246 2	260 2	0 0	0 0	0 0	0 0	
30 1	52 1	70 1	79 1	91 1	105 1	186 2	208 2	226 2	235 2	247 2	261 2	0 0	0 0	
53 1	71 1	74 1	80 1	92 1	106 1	209 2	227 2	230 2	236 2	248 2	262 2	0 0	0 0	
31 1	72 1	81 1	93 1	148 1	187 2	228 2	237 2	249 2	304 2	0 0	0 0	0 0	0 0	
54 1	75 1	82 1	94 1	107 1	149 1	210 2	231 2	238 2	250 2	263 2	305 2	0 0	0 0	
56 1	94 1	123 1	131 1	139 1	157 1	180 1	242 1	262 1	324 1	347 1	365 1	373 1	381 1	410 1	448 1	
57 1	95 1	124 1	132 1	140 1	158 1	181 1	243 1	263 1	325 1	348 1	366 1	374 1	382 1	411 1	449 1	
58 1	96 1	125 1	133 1	141 1	159 1	182 1	244 1	264 1	326 1	349 1	367 1	375 1	383 1	412 1	450 1	
63 1	101 1	130 1	138 1	146 1	164 1	187 1	249 1	269 1	331 1	354 1	372 1	380 1	388 1	417 1	455 1	
64 1	102 1	131 1	139 1	147 1	165 1	188 1	250 1	270 1	332 1	355 1	373 1	381 1	389 1	418 1	456 1	
1 1	65 1	103 1	132 1	140 1	148 1	166 1	189 1	271 1	333 1	356 1	374 1	382 1	390 1	419 1	457 1	
5 1	69 1	107 1	136 1	144 1	152 1	170 1	193 1	275 1	337 1	360 1	378 1	386 1	394 1	423 1	461 1	
8 1	72 1	110 1	139 1	147 1	155 1	173 1	196 1	278 1	340 1	363 1	381 1	389 1	397 1	426 1	464 1	
10 1	74 1	112 1	141 1	149 1	157 1	175 1	198 1	280 1	342 1	365 1	383 1	391 1	399 1	428 1	466 1	
11 1	75 1	113 1	142 1	150 1	158 1	176 1	199 1	281 1	343 1	366 1	384 1	392 1	400 1	429 1	467 1	
12 1	76 1	114 1	143 1	151 1	159 1	177 1	200 1	282 1	344 1	367 1	385 1	393 1	401 1	430 1	468 1	
13 1	77 1	115 1	144 1	152 1	160 1	178 1	201 1	283 1	345 1	368 1	386 1	394 1	402 1	431 1	469 1	
14 1	78 1	116 1	145 1	153 1	161 1	179 1	202 1	284 1	346 1	369 1	387 1	395 1	403 1	432 1	470 1	
15 1	79 1	117 1	146 1	154 1	162 1	180 1	203 1	285 1	347 1	370 1	388 1	396 1	404 1	433 1	471 1	
16 1	80 1	118 1	147 1	155 1	163 1	181 1	204 1	286 1	348 1	371 1	389 1	397 1	405 1	434 1	472 1	
19 1	83 1	121 1	150 1	158 1	166 1	184 1	207 1	289 1	351 1	374 1	392 1	400 1	408 1	437 1	475 1	
23 1	87 1	125 1	154 1	162 1	170 1	188 1	211 1	293 1	355 1	378 1	396 1	404 1	412 1	441 1	479 1	
26 1	90 1	128 1	157 1	165 1	173 1	191 1	214 1	296 1	358 1	381 1	399 1	407 1	415 1	444 1	482 1	
27 1	91 1	129 1	158 1	166 1	174 1	192 1	215 1	297 1	359 1	382 1	400 1	408 1	416 1	445 1	483 1	
29 1	93 1	131 1	160 1	168 1	176 1	194 1	217 1	299 1	361 1	384 1	402 1	410 1	418 1	447 1	485 1	
30 1	94 1	132 1	161 1	169 1	177 1	195 1	218 1	300 1	362 1	385 1	403 1	411 1	419 1	448 1	486 1	
31 1	95 1	133 1	162 1	170 1	178 1	196 1	219 1	301 1	363 1	386 1	404 1	412 1	420 1	449 1	487 1	
32 1	96 1	134 1	163 1	171 1	179 1	197 1	220 1	302 1	364 1	387 1	405 1	413 1	421 1	450 1	488 1	
33 1	97 1	135 1	164 1	172 1	180 1	198 1	221 1	303 1	365 1	388 1	406 1	414 1	422 1	451 1	489 1	
34 1	98 1	136 1	165 1	173 1	181 1	199 1	222 1	304 1	366 1	389 1	407 1	415 1	423 1	452 1	490 1	
35 1	99 1	137 1	166 1	174 1	182 1	200 1	223 1	305 1	367 1	390 1	408 1	416 1	424 1	453 1	491 1	
36 1	100 1	138 1	167 1	175 1	183 1	201 1	224 1	306 1	368 1	391 1	409 1	417 1	425 1	454 1	492 1	
38 1	102 1	140 1	169 1	177 1	185 1	203 1	226 1	308 1	370 1	393 1	411 1	419 1	427 1	456 1	494 1	
40 1	104 1	142 1	171 1	179 1	187 1	205 1	228 1	310 1	372 1	395 1	413 1	421 1	429 1	458 1	496 1	
41 1	105 1	143 1	172 1	180 1	188 1	206 1	229 1	311 1	373 1	396 1	414 1	422 1	430 1	459 1	497 1	
43 1	107 1	145 1	174 1	182 1	190 1	208 1	231 1	313 1	375 1	398 1	416 1	424 1	432 1	461 1	499 1	
45 1	109 1	147 1	176 1	184 1	192 1	210 1	233 1	251 1	315 1	377 1	400 1	418 1	426 1	434 1	463 1	
46 1	110 1	148 1	177 1	185 1	193 1	211 1	234 1	252 1	316 1	378 1	401 1	419 1	427 1	435 1	464 1	
47 1	111 1	149 1	178 1	186 1	194 1	212 1	235 1	253 1	317 1	379 1	402 1	420 1	428 1	436 1	465 1	
48 1	112 1	150 1	179 1	187 1	195 1	213 1	236 1	254 1	318 1	380 1	403 1	421 1	429 1	437 1	466 1	
49 1	113 1	151 1	180 1	188 1	196 1	214 1	237 1	255 1	319 1	381 1	404 1	422 1	430 1	438 1	467 1	
51 1	115 1	153 1	182 1	190 1	198 1	216 1	239 1	257 1	321 1	383 1	406 1	424 1	432 1	440 1	469 1	
52 1	116 1	154 1	183 1	191 1	199 1	217 1	240 1	258 1	322 1	384 1	407 1	425 1	433 1	441 1	470 1	
55 1	119 1	157 1	186 1	194 1	202 1	220 1	243 1	261 1	325 1	387 1	410 1	428 1	436 1	444 1	473 1	
58 1	122 1	160 1	189 1	197 1	205 1	223 1	246 1	264 1	328 1	390 1	413 1	431 1	439 1	447 1	476 1	
59 1	123 1	161 1	190 1	198 1	206 1	224 1	247 1	265 1	329 1	391 1	414 1	432 1	440 1	448 1	477 1	
60 1	124 1	162 1	191 1	199 1	207 1	225 1	248 1	266 1	330 1	392 1	415 1	433 1	441 1	449 1	478 1	
62 1	126 1	164 1	193 1	201 1	209 1	227 1	250 1	268 1	332 1	394 1	417 1	435 1	443 1	451 1	480 1	
3 1	65 1	129 1	167 1	196 1	204 1	212 1	230 1	271 1	335 1	397 1	420 1	438 1	446 1	454 1	483 1	
4 1	66 1	130 1	168 1	197 1	205 1	213 1	231 1	272 1	336 1	398 1	421 1	439 1	447 1	455 1	484 1	
5 1	67 1	131 1	169 1	198 1	206 1	214 1	232 1	273 1	337 1	399 1	422 1	440 1	448 1	456 1	485 1	
7 1	69 1	133 1	171 1	200 1	208 1	216 1	234 1	275 1	339 1	401 1	424 1	442 1	450 1	458 1	487 1	
8 1	70 1	134 1	172 1	201 1	209 1	217 1	235 1	276 1	340 1	402 1	425 1	443 1	451 1	459 1	488 1	
9 1	71 1	135 1	173 1	202 1	210 1	218 1	236 1	277 1	341 1	403 1	426 1	444 1	452 1	460 1	489 1	
11 1	73 1	137 1	175 1	204 1	212 1	220 1	238 1	279 1	343 1	405 1	428 1	446 1	454 1	462 1	491 1	
15 1	77 1	141 1	179 1	208 1	216 1	224 1	242 1	283 1	347 1	409 1	432 1	450 1	458 1	466 1	495 1	
17 1	79 1	143 1	181 1	210 1	218 1	226 1	244 1	285 1	349 1	411 1	434 1	452 1	460 1	468 1	497 1	
18 1	80 1	144 1	182 1	211 1	219 1	227 1	245 1	286 1	350 1	412 1	435 1	453 1	461 1	469 1	498 1	
20 1	82 1	146 1	184 1	213 1	221 1	229 1	247 1	288 1	352 1	414 1	437 1	455 1	463 1	471 1	500 1	
22 1	84 1	148 1	186 1	215 1	223 1	231 1	249 1	252 1	290 1	354 1	416 1	439 1	457 1	465 1	473 1	
2 1	25 1	87 1	151 1	189 1	218 1	226 1	234 1	255 1	293 1	357 1	419 1	442 1	460 1	468 1	476 1	
3 1	26 1	88 1	152 1	190 1	219 1	227 1	235 1	256 1	294 1	358 1	420 1	443 1	461 1	469 1	477 1	
4 1	27 1	89 1	153 1	191 1	220 1	228 1	236 1	257 1	295 1	359 1	421 1	444 1	462 1	470 1	478 1	
5 1	28 1	90 1	154 1	192 1	221 1	229 1	237 1	258 1	296 1	360 1	422 1	445 1	463 1	471 1	479 1	
6 1	29 1	91 1	155 1	193 1	222 1	230 1	238 1	259 1	297 1	361 1	423 1	446 1	464 1	472 1	480 1	
7 1	30 1	92 1	156 1	194 1	223 1	231 1	239 1	260 1	298 1	362 1	424 1	447 1	465 1	473 1	481 1	
8 1	31 1	93 1	157 1	195 1	224 1	232 1	240 1	261 1	299 1	363 1	425 1	448 1	466 1	474 1	482 1	
9 1	32 1	94 1	158 1	196 1	225 1	233 1	241 1	262 1	300 1	364 1	426 1	449 1	467 1	475 1	483 1	
10 1	33 1	95 1	159 1	197 1	226 1	234 1	242 1	263 1	301 1	365 1	427 1	450 1	468 1	476 1	484 1	
14 1	37 1	99 1	163 1	201 1	230 1	238 1	246 1	267 1	305 1	369 1	431 1	454 1	472 1	480 1	488 1	
1 1	19 1	42 1	104 1	168 1	206 1	235 1	243 1	272 1	310 1	374 1	436 1	459 1	477 1	485 1	493 1	
2 1	20 1	43 1	105 1	169 1	207 1	236 1	244 1	273 1	311 1	375 1	437 1	460 1	478 1	486 1	494 1	
3 1	21 1	44 1	106 1	170 1	208 1	237 1	245 1	274 1	312 1	376 1	438 1	461 1	479 1	487 1	495 1	
4 1	22 1	45 1	107 1	171 1	209 1	238 1	246 1	275 1	313 1	377 1	439 1	462 1	480 1	488 1	496 1	
5 1	23 1	46 1	108 1	172 1	210 1	239 1	247 1	276 1	314 1	378 1	440 1	463 1	481 1	489 1	497 1	
6 1	24 1	47 1	109 1	173 1	211 1	240 1	248 1	277 1	315 1	379 1	441 1	464 1	482 1	490 1	498 1	
7 1	25 1	48 1	110 1	174 1	212 1	241 1	249 1	278 1	316 1	380 1	442 1	465 1	483 1	491 1	499 1	
2 1	10 1	28 1	51 1	113 1	177 1	215 1	244 1	252 1	281 1	319 1	383 1	445 1	468 1	486 1	494 1	
6 1	14 1	32 1	55 1	117 1	181 1	219 1	248 1	256 1	285 1	323 1	387 1	449 1	472 1	490 1	498 1	
8 1	16 1	34 1	57 1	119 1	183 1	221 1	250 1	258 1	287 1	325 1	389 1	451 1	474 1	492 1	500 1	
1 1	9 1	17 1	35 1	58 1	120 1	184 1	222 1	251 1	259 1	288 1	326 1	390 1	452 1	475 1	493 1	
2 1	10 1	18 1	36 1	59 1	121 1	185 1	223 1	252 1	260 1	289 1	327 1	391 1	453 1	476 1	494 1	
4 1	12 1	20 1	38 1	61 1	123 1	187 1	225 1	254 1	262 1	291 1	329 1	393 1	455 1	478 1	496 1	
5 1	13 1	21 1	39 1	62 1	124 1	188 1	226 1	255 1	263 1	292 1	330 1	394 1	456 1	479 1	497 1	
6 1	14 1	22 1	40 1	63 1	125 1	189 1	227 1	256 1	264 1	293 1	331 1	395 1	457 1	480 1	498 1	
7 1	15 1	23 1	41 1	64 1	126 1	190 1	228 1	257 1	265 1	294 1	332 1	396 1	458 1	481 1	499 1	
8 1	16 1	24 1	42 1	65 1	127 1	191 1	229 1	258 1	266 1	295 1	333 1	397 1	459 1	482 1	500 1	
9 1	17 1	25 1	43 1	66 1	128 1	192 1	230 1	251 1	259 1	267 1	296 1	334 1	398 1	460 1	483 1	
10 1	18 1	26 1	44 1	67 1	129 1	193 1	231 1	252 1	260 1	268 1	297 1	335 1	399 1	461 1	484 1	
11 1	19 1	27 1	45 1	68 1	130 1	194 1	232 1	253 1	261 1	269 1	298 1	336 1	400 1	462 1	485 1	
12 1	20 1	28 1	46 1	69 1	131 1	195 1	233 1	254 1	262 1	270 1	299 1	337 1	401 1	463 1	486 1	
19 1	27 1	35 1	53 1	76 1	138 1	202 1	240 1	261 1	269 1	277 1	306 1	344 1	408 1	470 1	493 1	
20 1	28 1	36 1	54 1	77 1	139 1	203 1	241 1	262 1	270 1	278 1	307 1	345 1	409 1	471 1	494 1	
21 1	29 1	37 1	55 1	78 1	140 1	204 1	242 1	263 1	271 1	279 1	308 1	346 1	410 1	472 1	495 1	
22 1	30 1	38 1	56 1	79 1	141 1	205 1	243 1	264 1	272 1	280 1	309 1	347 1	411 1	473 1	496 1	
23 1	31 1	39 1	57 1	80 1	142 1	206 1	244 1	265 1	273 1	281 1	310 1	348 1	412 1	474 1	497 1	
24 1	32 1	40 1	58 1	81 1	143 1	207 1	245 1	266 1	274 1	282 1	311 1	349 1	413 1	475 1	498 1	
25 1	33 1	41 1	59 1	82 1	144 1	208 1	246 1	267 1	275 1	283 1	312 1	350 1	414 1	476 1	499 1	
26 1	34 1	42 1	60 1	83 1	145 1	209 1	247 1	268 1	276 1	284 1	313 1	351 1	415 1	477 1	500 1	
27 1	35 1	43 1	61 1	84 1	146 1	210 1	248 1	251 1	269 1	277 1	285 1	314 1	352 1	416 1	478 1	
1 1	30 1	38 1	46 1	64 1	87 1	149 1	213 1	254 1	272 1	280 1	288 1	317 1	355 1	419 1	481 1	
2 1	31 1	39 1	47 1	65 1	88 1	150 1	214 1	255 1	273 1	281 1	289 1	318 1	356 1	420 1	482 1	
3 1	32 1	40 1	48 1	66 1	89 1	151 1	215 1	256 1	274 1	282 1	290 1	319 1	357 1	421 1	483 1	
5 1	34 1	42 1	50 1	68 1	91 1	153 1	217 1	258 1	276 1	284 1	292 1	321 1	359 1	423 1	485 1	
8 1	37 1	45 1	53 1	71 1	94 1	156 1	220 1	261 1	279 1	287 1	295 1	324 1	362 1	426 1	488 1	
12 1	41 1	49 1	57 1	75 1	98 1	160 1	224 1	265 1	283 1	291 1	299 1	328 1	366 1	430 1	492 1	
13 1	42 1	50 1	58 1	76 1	99 1	161 1	225 1	266 1	284 1	292 1	300 1	329 1	367 1	431 1	493 1	
15 1	44 1	52 1	60 1	78 1	101 1	163 1	227 1	268 1	286 1	294 1	302 1	331 1	369 1	433 1	495 1	
16 1	45 1	53 1	61 1	79 1	102 1	164 1	228 1	269 1	287 1	295 1	303 1	332 1	370 1	434 1	496 1	
17 1	46 1	54 1	62 1	80 1	103 1	165 1	229 1	270 1	288 1	296 1	304 1	333 1	371 1	435 1	497 1	
18 1	47 1	55 1	63 1	81 1	104 1	166 1	230 1	271 1	289 1	297 1	305 1	334 1	372 1	436 1	498 1	
20 1	49 1	57 1	65 1	83 1	106 1	168 1	232 1	273 1	291 1	299 1	307 1	336 1	374 1	438 1	500 1	
22 1	51 1	59 1	67 1	85 1	108 1	170 1	234 1	252 1	275 1	293 1	301 1	309 1	338 1	376 1	440 1	
23 1	52 1	60 1	68 1	86 1	109 1	171 1	235 1	253 1	276 1	294 1	302 1	310 1	339 1	377 1	441 1	
24 1	53 1	61 1	69 1	87 1	110 1	172 1	236 1	254 1	277 1	295 1	303 1	311 1	340 1	378 1	442 1	
25 1	54 1	62 1	70 1	88 1	111 1	173 1	237 1	255 1	278 1	296 1	304 1	312 1	341 1	379 1	443 1	
27 1	56 1	64 1	72 1	90 1	113 1	175 1	239 1	257 1	280 1	298 1	306 1	314 1	343 1	381 1	445 1	
29 1	58 1	66 1	74 1	92 1	115 1	177 1	241 1	259 1	282 1	300 1	308 1	316 1	345 1	383 1	447 1	
30 1	59 1	67 1	75 1	93 1	116 1	178 1	242 1	260 1	283 1	301 1	309 1	317 1	346 1	384 1	448 1	
33 1	62 1	70 1	78 1	96 1	119 1	181 1	245 1	263 1	286 1	304 1	312 1	320 1	349 1	387 1	451 1	
34 1	63 1	71 1	79 1	97 1	120 1	182 1	246 1	264 1	287 1	305 1	313 1	321 1	350 1	388 1	452 1	
35 1	64 1	72 1	80 1	98 1	121 1	183 1	247 1	265 1	288 1	306 1	314 1	322 1	351 1	389 1	453 1	
36 1	65 1	73 1	81 1	99 1	122 1	184 1	248 1	266 1	289 1	307 1	315 1	323 1	352 1	390 1	454 1	
37 1	66 1	74 1	82 1	100 1	123 1	185 1	249 1	267 1	290 1	308 1	316 1	324 1	353 1	391 1	455 1	
38 1	67 1	75 1	83 1	101 1	124 1	186 1	250 1	268 1	291 1	309 1	317 1	325 1	354 1	392 1	456 1	
1 1	39 1	68 1	76 1	84 1	102 1	125 1	187 1	269 1	292 1	310 1	318 1	326 1	355 1	393 1	457 1	
3 1	41 1	70 1	78 1	86 1	104 1	127 1	189 1	271 1	294 1	312 1	320 1	328 1	357 1	395 1	459 1	
4 1	42 1	71 1	79 1	87 1	105 1	128 1	190 1	272 1	295 1	313 1	321 1	329 1	358 1	396 1	460 1	
6 1	44 1	73 1	81 1	89 1	107 1	130 1	192 1	274 1	297 1	315 1	323 1	331 1	360 1	398 1	462 1	
10 1	48 1	77 1	85 1	93 1	111 1	134 1	196 1	278 1	301 1	319 1	327 1	335 1	364 1	402 1	466 1	
11 1	49 1	78 1	86 1	94 1	112 1	135 1	197 1	279 1	302 1	320 1	328 1	336 1	365 1	403 1	467 1	
13 1	51 1	80 1	88 1	96 1	114 1	137 1	199 1	281 1	304 1	322 1	330 1	338 1	367 1	405 1	469 1	
14 1	52 1	81 1	89 1	97 1	115 1	138 1	200 1	282 1	305 1	323 1	331 1	339 1	368 1	406 1	470 1	
16 1	54 1	83 1	91 1	99 1	117 1	140 1	202 1	284 1	307 1	325 1	333 1	341 1	370 1	408 1	472 1	
17 1	55 1	84 1	92 1	100 1	118 1	141 1	203 1	285 1	308 1	326 1	334 1	342 1	371 1	409 1	473 1	
18 1	56 1	85 1	93 1	101 1	119 1	142 1	204 1	286 1	309 1	327 1	335 1	343 1	372 1	410 1	474 1	
19 1	57 1	86 1	94 1	102 1	120 1	143 1	205 1	287 1	310 1	328 1	336 1	344 1	373 1	411 1	475 1	
21 1	59 1	88 1	96 1	104 1	122 1	145 1	207 1	289 1	312 1	330 1	338 1	346 1	375 1	413 1	477 1	
23 1	61 1	90 1	98 1	106 1	124 1	147 1	209 1	291 1	314 1	332 1	340 1	348 1	377 1	415 1	479 1	
25 1	63 1	92 1	100 1	108 1	126 1	149 1	211 1	293 1	316 1	334 1	342 1	350 1	379 1	417 1	481 1	
26 1	64 1	93 1	101 1	109 1	127 1	150 1	212 1	294 1	317 1	335 1	343 1	351 1	380 1	418 1	482 1	
28 1	66 1	95 1	103 1	111 1	129 1	152 1	214 1	296 1	319 1	337 1	345 1	353 1	382 1	420 1	484 1	
30 1	68 1	97 1	105 1	113 1	131 1	154 1	216 1	298 1	321 1	339 1	347 1	355 1	384 1	422 1	486 1	
31 1	69 1	98 1	106 1	114 1	132 1	155 1	217 1	299 1	322 1	340 1	348 1	356 1	385 1	423 1	487 1	
32 1	70 1	99 1	107 1	115 1	133 1	156 1	218 1	300 1	323 1	341 1	349 1	357 1	386 1	424 1	488 1	
33 1	71 1	100 1	108 1	116 1	134 1	157 1	219 1	301 1	324 1	342 1	350 1	358 1	387 1	425 1	489 1	
34 1	72 1	101 1	109 1	117 1	135 1	158 1	220 1	302 1	325 1	343 1	351 1	359 1	388 1	426 1	490 1	
35 1	73 1	102 1	110 1	118 1	136 1	159 1	221 1	303 1	326 1	344 1	352 1	360 1	389 1	427 1	491 1	
36 1	74 1	103 1	111 1	119 1	137 1	160 1	222 1	304 1	327 1	345 1	353 1	361 1	390 1	428 1	492 1	
37 1	75 1	104 1	112 1	120 1	138 1	161 1	223 1	305 1	328 1	346 1	354 1	362 1	391 1	429 1	493 1	
38 1	76 1	105 1	113 1	121 1	139 1	162 1	224 1	306 1	329 1	347 1	355 1	363 1	392 1	430 1	494 1	
39 1	77 1	106 1	114 1	122 1	140 1	163 1	225 1	307 1	330 1	348 1	356 1	364 1	393 1	431 1	495 1	
43 1	81 1	110 1	118 1	126 1	144 1	167 1	229 1	311 1	334 1	352 1	360 1	368 1	397 1	435 1	499 1	
44 1	82 1	111 1	119 1	127 1	145 1	168 1	230 1	312 1	335 1	353 1	361 1	369 1	398 1	436 1	500 1	
45 1	83 1	112 1	120 1	128 1	146 1	169 1	231 1	251 1	313 1	336 1	354 1	362 1	370 1	399 1	437 1	
47 1	85 1	114 1	122 1	130 1	148 1	171 1	233 1	253 1	315 1	338 1	356 1	364 1	372 1	401 1	439 1	
50 1	88 1	117 1	125 1	133 1	151 1	174 1	236 1	256 1	318 1	341 1	359 1	367 1	375 1	404 1	442 1	
51 1	89 1	118 1	126 1	134 1	152 1	175 1	237 1	257 1	319 1	342 1	360 1	368 1	376 1	405 1	443 1	
52 1	90 1	119 1	127 1	135 1	153 1	176 1	238 1	258 1	320 1	343 1	361 1	369 1	377 1	406 1	444 1	
53 1	91 1	120 1	128 1	136 1	154 1	177 1	239 1	259 1	321 1	344 1	362 1	370 1	378 1	407 1	445 1	
54 1	92 1	121 1	129 1	137 1	155 1	178 1	240 1	260 1	322 1	345 1	363 1	371 1	379 1	408 1	446 1	
56 2	94 2	123 2	131 2	139 2	157 2	180 2	242 2	262 2	324 2	347 2	365 2	373 2	381 2	410 2	448 2	
57 2	95 2	124 2	132 2	140 2	158 2	181 2	243 2	263 2	325 2	348 2	366 2	374 2	382 2	411 2	449 2	
58 2	96 2	125 2	133 2	141 2	159 2	182 2	244 2	264 2	326 2	349 2	367 2	375 2	383 2	412 2	450 2	
63 2	101 2	130 2	138 2	146 2	164 2	187 2	249 2	269 2	331 2	354 2	372 2	380 2	388 2	417 2	455 2	
64 2	102 2	131 2	139 2	147 2	165 2	188 2	250 2	270 2	332 2	355 2	373 2	381 2	389 2	418 2	456 2	
1 2	65 2	103 2	132 2	140 2	148 2	166 2	189 2	271 2	333 2	356 2	374 2	382 2	390 2	419 2	457 2	
5 2	69 2	107 2	136 2	144 2	152 2	170 2	193 2	275 2	337 2	360 2	378 2	386 2	394 2	423 2	461 2	
8 2	72 2	110 2	139 2	147 2	155 2	173 2	196 2	278 2	340 2	363 2	381 2	389 2	397 2	426 2	464 2	
10 2	74 2	112 2	141 2	149 2	157 2	175 2	198 2	280 2	342 2	365 2	383 2	391 2	399 2	428 2	466 2	
11 2	75 2	113 2	142 2	150 2	158 2	176 2	199 2	281 2	343 2	366 2	384 2	392 2	400 2	429 2	467 2	
12 2	76 2	114 2	143 2	151 2	159 2	177 2	200 2	282 2	344 2	367 2	385 2	393 2	401 2	430 2	468 2	
13 2	77 2	115 2	144 2	152 2	160 2	178 2	201 2	283 2	345 2	368 2	386 2	394 2	402 2	431 2	469 2	
14 2	78 2	116 2	145 2	153 2	161 2	179 2	202 2	284 2	346 2	369 2	387 2	395 2	403 2	432 2	470 2	
15 2	79 2	117 2	146 2	154 2	162 2	180 2	203 2	285 2	347 2	370 2	388 2	396 2	404 2	433 2	471 2	
16 2	80 2	118 2	147 2	155 2	163 2	181 2	204 2	286 2	348 2	371 2	389 2	397 2	405 2	434 2	472 2	
19 2	83 2	121 2	150 2	158 2	166 2	184 2	207 2	289 2	351 2	374 2	392 2	400 2	408 2	437 2	475 2	
23 2	87 2	125 2	154 2	162 2	170 2	188 2	211 2	293 2	355 2	378 2	396 2	404 2	412 2	441 2	479 2	
26 2	90 2	128 2	157 2	165 2	173 2	191 2	214 2	296 2	358 2	381 2	399 2	407 2	415 2	444 2	482 2	
27 2	91 2	129 2	158 2	166 2	174 2	192 2	215 2	297 2	359 2	382 2	400 2	408 2	416 2	445 2	483 2	
29 2	93 2	131 2	160 2	168 2	176 2	194 2	217 2	299 2	361 2	384 2	402 2	410 2	418 2	447 2	485 2	
30 2	94 2	132 2	161 2	169 2	177 2	195 2	218 2	300 2	362 2	385 2	403 2	411 2	419 2	448 2	486 2	
31 2	95 2	133 2	162 2	170 2	178 2	196 2	219 2	301 2	363 2	386 2	404 2	412 2	420 2	449 2	487 2	
32 2	96 2	134 2	163 2	171 2	179 2	197 2	220 2	302 2	364 2	387 2	405 2	413 2	421 2	450 2	488 2	
33 2	97 2	135 2	164 2	172 2	180 2	198 2	221 2	303 2	365 2	388 2	406 2	414 2	422 2	451 2	489 2	
34 2	98 2	136 2	165 2	173 2	181 2	199 2	222 2	304 2	366 2	389 2	407 2	415 2	423 2	452 2	490 2	
35 2	99 2	137 2	166 2	174 2	182 2	200 2	223 2	305 2	367 2	390 2	408 2	416 2	424 2	453 2	491 2	
36 2	100 2	138 2	167 2	175 2	183 2	201 2	224 2	306 2	368 2	391 2	409 2	417 2	425 2	454 2	492 2	
38 2	102 2	140 2	169 2	177 2	185 2	203 2	226 2	308 2	370 2	393 2	411 2	419 2	427 2	456 2	494 2	
40 2	104 2	142 2	171 2	179 2	187 2	205 2	228 2	310 2	372 2	395 2	413 2	421 2	429 2	458 2	496 2	
41 2	105 2	143 2	172 2	180 2	188 2	206 2	229 2	311 2	373 2	396 2	414 2	422 2	430 2	459 2	497 2	
43 2	107 2	145 2	174 2	182 2	190 2	208 2	231 2	313 2	375 2	398 2	416 2	424 2	432 2	461 2	499 2	
45 2	109 2	147 2	176 2	184 2	192 2	210 2	233 2	251 2	315 2	377 2	400 2	418 2	426 2	434 2	463 2	
46 2	110 2	148 2	177 2	185 2	193 2	211 2	234 2	252 2	316 2	378 2	401 2	419 2	427 2	435 2	464 2	
47 2	111 2	149 2	178 2	186 2	194 2	212 2	235 2	253 2	317 2	379 2	402 2	420 2	428 2	436 2	465 2	
48 2	112 2	150 2	179 2	187 2	195 2	213 2	236 2	254 2	318 2	380 2	403 2	421 2	429 2	437 2	466 2	
49 2	113 2	151 2	180 2	188 2	196 2	214 2	237 2	255 2	319 2	381 2	404 2	422 2	430 2	438 2	467 2	
51 2	115 2	153 2	182 2	190 2	198 2	216 2	239 2	257 2	321 2	383 2	406 2	424 2	432 2	440 2	469 2	
52 2	116 2	154 2	183 2	191 2	199 2	217 2	240 2	258 2	322 2	384 2	407 2	425 2	433 2	441 2	470 2	
55 2	119 2	157 2	186 2	194 2	202 2	220 2	243 2	261 2	325 2	387 2	410 2	428 2	436 2	444 2	473 2	
58 2	122 2	160 2	189 2	197 2	205 2	223 2	246 2	264 2	328 2	390 2	413 2	431 2	439 2	447 2	476 2	
59 2	123 2	161 2	190 2	198 2	206 2	224 2	247 2	265 2	329 2	391 2	414 2	432 2	440 2	448 2	477 2	
60 2	124 2	162 2	191 2	199 2	207 2	225 2	248 2	266 2	330 2	392 2	415 2	433 2	441 2	449 2	478 2	
62 2	126 2	164 2	193 2	201 2	209 2	227 2	250 2	268 2	332 2	394 2	417 2	435 2	443 2	451 2	480 2	
3 2	65 2	129 2	167 2	196 2	204 2	212 2	230 2	271 2	335 2	397 2	420 2	438 2	446 2	454 2	483 2	
4 2	66 2	130 2	168 2	197 2	205 2	213 2	231 2	272 2	336 2	398 2	421 2	439 2	447 2	455 2	484 2	
5 2	67 2	131 2	169 2	198 2	206 2	214 2	232 2	273 2	337 2	399 2	422 2	440 2	448 2	456 2	485 2	
7 2	69 2	133 2	171 2	200 2	208 2	216 2	234 2	275 2	339 2	401 2	424 2	442 2	450 2	458 2	487 2	
8 2	70 2	134 2	172 2	201 2	209 2	217 2	235 2	276 2	340 2	402 2	425 2	443 2	451 2	459 2	488 2	
9 2	71 2	135 2	173 2	202 2	210 2	218 2	236 2	277 2	341 2	403 2	426 2	444 2	452 2	460 2	489 2	
11 2	73 2	137 2	175 2	204 2	212 2	220 2	238 2	279 2	343 2	405 2	428 2	446 2	454 2	462 2	491 2	
15 2	77 2	141 2	179 2	208 2	216 2	224 2	242 2	283 2	347 2	409 2	432 2	450 2	458 2	466 2	495 2	
17 2	79 2	143 2	181 2	210 2	218 2	226 2	244 2	285 2	349 2	411 2	434 2	452 2	460 2	468 2	497 2	
18 2	80 2	144 2	182 2	211 2	219 2	227 2	245 2	286 2	350 2	412 2	435 2	453 2	461 2	469 2	498 2	
20 2	82 2	146 2	184 2	213 2	221 2	229 2	247 2	288 2	352 2	414 2	437 2	455 2	463 2	471 2	500 2	
22 2	84 2	148 2	186 2	215 2	223 2	231 2	249 2	252 2	290 2	354 2	416 2	439 2	457 2	465 2	473 2	
2 2	25 2	87 2	151 2	189 2	218 2	226 2	234 2	255 2	293 2	357 2	419 2	442 2	460 2	468 2	476 2	
3 2	26 2	88 2	152 2	190 2	219 2	227 2	235 2	256 2	294 2	358 2	420 2	443 2	461 2	469 2	477 2	
4 2	27 2	89 2	153 2	191 2	220 2	228 2	236 2	257 2	295 2	359 2	421 2	444 2	462 2	470 2	478 2	
5 2	28 2	90 2	154 2	192 2	221 2	229 2	237 2	258 2	296 2	360 2	422 2	445 2	463 2	471 2	479 2	
6 2	29 2	91 2	155 2	193 2	222 2	230 2	238 2	259 2	297 2	361 2	423 2	446 2	464 2	472 2	480 2	
7 2	30 2	92 2	156 2	194 2	223 2	231 2	239 2	260 2	298 2	362 2	424 2	447 2	465 2	473 2	481 2	
8 2	31 2	93 2	157 2	195 2	224 2	232 2	240 2	261 2	299 2	363 2	425 2	448 2	466 2	474 2	482 2	
9 2	32 2	94 2	158 2	196 2	225 2	233 2	241 2	262 2	300 2	364 2	426 2	449 2	467 2	475 2	483 2	
10 2	33 2	95 2	159 2	197 2	226 2	234 2	242 2	263 2	301 2	365 2	427 2	450 2	468 2	476 2	484 2	
14 2	37 2	99 2	163 2	201 2	230 2	238 2	246 2	267 2	305 2	369 2	431 2	454 2	472 2	480 2	488 2	
1 2	19 2	42 2	104 2	168 2	206 2	235 2	243 2	272 2	310 2	374 2	436 2	459 2	477 2	485 2	493 2	
2 2	20 2	43 2	105 2	169 2	207 2	236 2	244 2	273 2	311 2	375 2	437 2	460 2	478 2	486 2	494 2	
3 2	21 2	44 2	106 2	170 2	208 2	237 2	245 2	274 2	312 2	376 2	438 2	461 2	479 2	487 2	495 2	
4 2	22 2	45 2	107 2	171 2	209 2	238 2	246 2	275 2	313 2	377 2	439 2	462 2	480 2	488 2	496 2	
5 2	23 2	46 2	108 2	172 2	210 2	239 2	247 2	276 2	314 2	378 2	440 2	463 2	481 2	489 2	497 2	
6 2	24 2	47 2	109 2	173 2	211 2	240 2	248 2	277 2	315 2	379 2	441 2	464 2	482 2	490 2	498 2	
7 2	25 2	48 2	110 2	174 2	212 2	241 2	249 2	278 2	316 2	380 2	442 2	465 2	483 2	491 2	499 2	
2 2	10 2	28 2	51 2	113 2	177 2	215 2	244 2	252 2	281 2	319 2	383 2	445 2	468 2	486 2	494 2	
6 2	14 2	32 2	55 2	117 2	181 2	219 2	248 2	256 2	285 2	323 2	387 2	449 2	472 2	490 2	498 2	
8 2	16 2	34 2	57 2	119 2	183 2	221 2	250 2	258 2	287 2	325 2	389 2	451 2	474 2	492 2	500 2	
1 2	9 2	17 2	35 2	58 2	120 2	184 2	222 2	251 2	259 2	288 2	326 2	390 2	452 2	475 2	493 2	
2 2	10 2	18 2	36 2	59 2	121 2	185 2	223 2	252 2	260 2	289 2	327 2	391 2	453 2	476 2	494 2	
4 2	12 2	20 2	38 2	61 2	123 2	187 2	225 2	254 2	262 2	291 2	329 2	393 2	455 2	478 2	496 2	
5 2	13 2	21 2	39 2	62 2	124 2	188 2	226 2	255 2	263 2	292 2	330 2	394 2	456 2	479 2	497 2	
6 2	14 2	22 2	40 2	63 2	125 2	189 2	227 2	256 2	264 2	293 2	331 2	395 2	457 2	480 2	498 2	
7 2	15 2	23 2	41 2	64 2	126 2	190 2	228 2	257 2	265 2	294 2	332 2	396 2	458 2	481 2	499 2	
8 2	16 2	24 2	42 2	65 2	127 2	191 2	229 2	258 2	266 2	295 2	333 2	397 2	459 2	482 2	500 2	
9 2	17 2	25 2	43 2	66 2	128 2	192 2	230 2	251 2	259 2	267 2	296 2	334 2	398 2	460 2	483 2	
10 2	18 2	26 2	44 2	67 2	129 2	193 2	231 2	252 2	260 2	268 2	297 2	335 2	399 2	461 2	484 2	
11 2	19 2	27 2	45 2	68 2	130 2	194 2	232 2	253 2	261 2	269 2	298 2	336 2	400 2	462 2	485 2	
12 2	20 2	28 2	46 2	69 2	131 2	195 2	233 2	254 2	262 2	270 2	299 2	337 2	401 2	463 2	486 2	
19 2	27 2	35 2	53 2	76 2	138 2	202 2	240 2	261 2	269 2	277 2	306 2	344 2	408 2	470 2	493 2	
20 2	28 2	36 2	54 2	77 2	139 2	203 2	241 2	262 2	270 2	278 2	307 2	345 2	409 2	471 2	494 2	
21 2	29 2	37 2	55 2	78 2	140 2	204 2	242 2	263 2	271 2	279 2	308 2	346 2	410 2	472 2	495 2	
22 2	30 2	38 2	56 2	79 2	141 2	205 2	243 2	264 2	272 2	280 2	309 2	347 2	411 2	473 2	496 2	
23 2	31 2	39 2	57 2	80 2	142 2	206 2	244 2	265 2	273 2	281 2	310 2	348 2	412 2	474 2	497 2	
24 2	32 2	40 2	58 2	81 2	143 2	207 2	245 2	266 2	274 2	282 2	311 2	349 2	413 2	475 2	498 2	
25 2	33 2	41 2	59 2	82 2	144 2	208 2	246 2	267 2	275 2	283 2	312 2	350 2	414 2	476 2	499 2	
26 2	34 2	42 2	60 2	83 2	145 2	209 2	247 2	268 2	276 2	284 2	313 2	351 2	415 2	477 2	500 2	
27 2	35 2	43 2	61 2	84 2	146 2	210 2	248 2	251 2	269 2	277 2	285 2	314 2	352 2	416 2	478 2	
1 2	30 2	38 2	46 2	64 2	87 2	149 2	213 2	254 2	272 2	280 2	288 2	317 2	355 2	419 2	481 2	
2 2	31 2	39 2	47 2	65 2	88 2	150 2	214 2	255 2	273 2	281 2	289 2	318 2	356 2	420 2	482 2	
3 2	32 2	40 2	48 2	66 2	89 2	151 2	215 2	256 2	274 2	282 2	290 2	319 2	357 2	421 2	483 2	
5 2	34 2	42 2	50 2	68 2	91 2	153 2	217 2	258 2	276 2	284 2	292 2	321 2	359 2	423 2	485 2	
8 2	37 2	45 2	53 2	71 2	94 2	156 2	220 2	261 2	279 2	287 2	295 2	324 2	362 2	426 2	488 2	
12 2	41 2	49 2	57 2	75 2	98 2	160 2	224 2	265 2	283 2	291 2	299 2	328 2	366 2	430 2	492 2	
13 2	42 2	50 2	58 2	76 2	99 2	161 2	225 2	266 2	284 2	292 2	300 2	329 2	367 2	431 2	493 2	
15 2	44 2	52 2	60 2	78 2	101 2	163 2	227 2	268 2	286 2	294 2	302 2	331 2	369 2	433 2	495 2	
16 2	45 2	53 2	61 2	79 2	102 2	164 2	228 2	269 2	287 2	295 2	303 2	332 2	370 2	434 2	496 2	
17 2	46 2	54 2	62 2	80 2	103 2	165 2	229 2	270 2	288 2	296 2	304 2	333 2	371 2	435 2	497 2	
18 2	47 2	55 2	63 2	81 2	104 2	166 2	230 2	271 2	289 2	297 2	305 2	334 2	372 2	436 2	498 2	
20 2	49 2	57 2	65 2	83 2	106 2	168 2	232 2	273 2	291 2	299 2	307 2	336 2	374 2	438 2	500 2	
22 2	51 2	59 2	67 2	85 2	108 2	170 2	234 2	252 2	275 2	293 2	301 2	309 2	338 2	376 2	440 2	
23 2	52 2	60 2	68 2	86 2	109 2	171 2	235 2	253 2	276 2	294 2	302 2	310 2	339 2	377 2	441 2	
24 2	53 2	61 2	69 2	87 2	110 2	172 2	236 2	254 2	277 2	295 2	303 2	311 2	340 2	378 2	442 2	
25 2	54 2	62 2	70 2	88 2	111 2	173 2	237 2	255 2	278 2	296 2	304 2	312 2	341 2	379 2	443 2	
27 2	56 2	64 2	72 2	90 2	113 2	175 2	239 2	257 2	280 2	298 2	306 2	314 2	343 2	381 2	445 2	
29 2	58 2	66 2	74 2	92 2	115 2	177 2	241 2	259 2	282 2	300 2	308 2	316 2	345 2	383 2	447 2	
30 2	59 2	67 2	75 2	93 2	116 2	178 2	242 2	260 2	283 2	301 2	309 2	317 2	346 2	384 2	448 2	
33 2	62 2	70 2	78 2	96 2	119 2	181 2	245 2	263 2	286 2	304 2	312 2	320 2	349 2	387 2	451 2	
34 2	63 2	71 2	79 2	97 2	120 2	182 2	246 2	264 2	287 2	305 2	313 2	321 2	350 2	388 2	452 2	
35 2	64 2	72 2	80 2	98 2	121 2	183 2	247 2	265 2	288 2	306 2	314 2	322 2	351 2	389 2	453 2	
36 2	65 2	73 2	81 2	99 2	122 2	184 2	248 2	266 2	289 2	307 2	315 2	323 2	352 2	390 2	454 2	
37 2	66 2	74 2	82 2	100 2	123 2	185 2	249 2	267 2	290 2	308 2	316 2	324 2	353 2	391 2	455 2	
38 2	67 2	75 2	83 2	101 2	124 2	186 2	250 2	268 2	291 2	309 2	317 2	325 2	354 2	392 2	456 2	
1 2	39 2	68 2	76 2	84 2	102 2	125 2	187 2	269 2	292 2	310 2	318 2	326 2	355 2	393 2	457 2	
3 2	41 2	70 2	78 2	86 2	104 2	127 2	189 2	271 2	294 2	312 2	320 2	328 2	357 2	395 2	459 2	
4 2	42 2	71 2	79 2	87 2	105 2	128 2	190 2	272 2	295 2	313 2	321 2	329 2	358 2	396 2	460 2	
6 2	44 2	73 2	81 2	89 2	107 2	130 2	192 2	274 2	297 2	315 2	323 2	331 2	360 2	398 2	462 2	
10 2	48 2	77 2	85 2	93 2	111 2	134 2	196 2	278 2	301 2	319 2	327 2	335 2	364 2	402 2	466 2	
11 2	49 2	78 2	86 2	94 2	112 2	135 2	197 2	279 2	302 2	320 2	328 2	336 2	365 2	403 2	467 2	
13 2	51 2	80 2	88 2	96 2	114 2	137 2	199 2	281 2	304 2	322 2	330 2	338 2	367 2	405 2	469 2	
14 2	52 2	81 2	89 2	97 2	115 2	138 2	200 2	282 2	305 2	323 2	331 2	339 2	368 2	406 2	470 2	
16 2	54 2	83 2	91 2	99 2	117 2	140 2	202 2	284 2	307 2	325 2	333 2	341 2	370 2	408 2	472 2	
17 2	55 2	84 2	92 2	100 2	118 2	141 2	203 2	285 2	308 2	326 2	334 2	342 2	371 2	409 2	473 2	
18 2	56 2	85 2	93 2	101 2	119 2	142 2	204 2	286 2	309 2	327 2	335 2	343 2	372 2	410 2	474 2	
19 2	57 2	86 2	94 2	102 2	120 2	143 2	205 2	287 2	310 2	328 2	336 2	344 2	373 2	411 2	475 2	
21 2	59 2	88 2	96 2	104 2	122 2	145 2	207 2	289 2	312 2	330 2	338 2	346 2	375 2	413 2	477 2	
23 2	61 2	90 2	98 2	106 2	124 2	147 2	209 2	291 2	314 2	332 2	340 2	348 2	377 2	415 2	479 2	
25 2	63 2	92 2	100 2	108 2	126 2	149 2	211 2	293 2	316 2	334 2	342 2	350 2	379 2	417 2	481 2	
26 2	64 2	93 2	101 2	109 2	127 2	150 2	212 2	294 2	317 2	335 2	343 2	351 2	380 2	418 2	482 2	
28 2	66 2	95 2	103 2	111 2	129 2	152 2	214 2	296 2	319 2	337 2	345 2	353 2	382 2	420 2	484 2	
30 2	68 2	97 2	105 2	113 2	131 2	154 2	216 2	298 2	321 2	339 2	347 2	355 2	384 2	422 2	486 2	
31 2	69 2	98 2	106 2	114 2	132 2	155 2	217 2	299 2	322 2	340 2	348 2	356 2	385 2	423 2	487 2	
32 2	70 2	99 2	107 2	115 2	133 2	156 2	218 2	300 2	323 2	341 2	349 2	357 2	386 2	424 2	488 2	
33 2	71 2	100 2	108 2	116 2	134 2	157 2	219 2	301 2	324 2	342 2	350 2	358 2	387 2	425 2	489 2	
34 2	72 2	101 2	109 2	117 2	135 2	158 2	220 2	302 2	325 2	343 2	351 2	359 2	388 2	426 2	490 2	
35 2	73 2	102 2	110 2	118 2	136 2	159 2	221 2	303 2	326 2	344 2	352 2	360 2	389 2	427 2	491 2	
36 2	74 2	103 2	111 2	119 2	137 2	160 2	222 2	304 2	327 2	345 2	353 2	361 2	390 2	428 2	492 2	
37 2	75 2	104 2	112 2	120 2	138 2	161 2	223 2	305 2	328 2	346 2	354 2	362 2	391 2	429 2	493 2	
38 2	76 2	105 2	113 2	121 2	139 2	162 2	224 2	306 2	329 2	347 2	355 2	363 2	392 2	430 2	494 2	
39 2	77 2	106 2	114 2	122 2	140 2	163 2	225 2	307 2	330 2	348 2	356 2	364 2	393 2	431 2	495 2	
43 2	81 2	110 2	118 2	126 2	144 2	167 2	229 2	311 2	334 2	352 2	360 2	368 2	397 2	435 2	499 2	
44 2	82 2	111 2	119 2	127 2	145 2	168 2	230 2	312 2	335 2	353 2	361 2	369 2	398 2	436 2	500 2	
45 2	83 2	112 2	120 2	128 2	146 2	169 2	231 2	251 2	313 2	336 2	354 2	362 2	370 2	399 2	437 2	
47 2	85 2	114 2	122 2	130 2	148 2	171 2	233 2	253 2	315 2	338 2	356 2	364 2	372 2	401 2	439 2	
50 2	88 2	117 2	125 2	133 2	151 2	174 2	236 2	256 2	318 2	341 2	359 2	367 2	375 2	404 2	442 2	
51 2	89 2	118 2	126 2	134 2	152 2	175 2	237 2	257 2	319 2	342 2	360 2	368 2	376 2	405 2	443 2	
52 2	90 2	119 2	127 2	135 2	153 2	176 2	238 2	258 2	320 2	343 2	361 2	369 2	377 2	406 2	444 2	
53 2	91 2	120 2	128 2	136 2	154 2	177 2	239 2	259 2	321 2	344 2	362 2	370 2	378 2	407 2	445 2	
54 2	92 2	121 2	129 2	137 2	155 2	178 2	240 2	260 2	322 2	345 2	363 2	371 2	379 2	408 2	446 2	
