108 100
6 6
6 6 6 6 6 6 6 6 6 6 5 5 6 6 6 6 5 5 6 6 6 6 6 6 6 6 6 6 6 6 6 6 6 6 5 5 6 6 6 6 4 4 4 4 5 6 5 4 4 4 5 6 6 5 6 6 6 6 4 4 6 6 6 6 5 5 6 6 6 6 6 6 6 6 6 6 6 6 6 6 6 6 5 5 6 6 6 6 5 5 6 6 6 6 6 6 6 5 4 4 5 6 6 5 4 4 4 5 
6 6 6 6 6 6 6 6 6 6 6 6 6 6 6 6 6 6 6 6 6 6 6 6 6 6 6 6 6 6 6 6 6 6 6 6 6 6 6 6 6 6 6 6 6 6 6 6 6 6 6 6 6 6 6 6 6 6 6 6 6 6 6 6 6 6 6 6 6 6 6 6 6 6 6 6 6 6 6 6 6 6 6 6 6 6 6 6 6 6 6 6 6 6 6 6 6 6 6 6 
5 1	6 1	37 1	54 2	57 2	63 2	
1 1	6 1	38 1	55 2	58 2	64 2	
1 1	2 1	39 1	56 2	59 2	65 2	
2 1	3 1	40 1	51 2	60 2	66 2	
3 1	4 1	41 1	52 2	61 2	67 2	
4 1	5 1	42 1	53 2	62 2	68 2	
11 1	12 1	43 1	60 2	63 2	69 2	
7 1	12 1	44 1	61 2	64 2	70 2	
7 1	8 1	45 1	62 2	65 2	71 2	
8 1	9 1	46 1	57 2	66 2	72 2	
9 1	10 1	58 2	67 2	73 2	0 0	
10 1	11 1	59 2	68 2	74 2	0 0	
17 1	18 1	47 1	66 2	69 2	75 2	
13 1	18 1	48 1	67 2	70 2	76 2	
13 1	14 1	49 1	68 2	71 2	77 2	
14 1	15 1	50 1	63 2	72 2	78 2	
15 1	16 1	64 2	73 2	79 2	0 0	
16 1	17 1	65 2	74 2	80 2	0 0	
1 1	23 1	24 1	72 2	75 2	81 2	
2 1	19 1	24 1	73 2	76 2	82 2	
3 1	19 1	20 1	74 2	77 2	83 2	
4 1	20 1	21 1	69 2	78 2	84 2	
5 1	21 1	22 1	70 2	79 2	85 2	
6 1	22 1	23 1	71 2	80 2	86 2	
7 1	29 1	30 1	78 2	81 2	87 2	
8 1	25 1	30 1	79 2	82 2	88 2	
9 1	25 1	26 1	80 2	83 2	89 2	
10 1	26 1	27 1	75 2	84 2	90 2	
11 1	27 1	28 1	76 2	85 2	91 2	
12 1	28 1	29 1	77 2	86 2	92 2	
13 1	35 1	36 1	84 2	87 2	93 2	
14 1	31 1	36 1	85 2	88 2	94 2	
15 1	31 1	32 1	86 2	89 2	95 2	
16 1	32 1	33 1	81 2	90 2	96 2	
17 1	33 1	34 1	82 2	91 2	0 0	
18 1	34 1	35 1	83 2	92 2	0 0	
19 1	41 1	42 1	90 2	93 2	97 2	
20 1	37 1	42 1	91 2	94 2	98 2	
21 1	37 1	38 1	92 2	95 2	99 2	
22 1	38 1	39 1	87 2	96 2	100 2	
23 1	39 1	40 1	88 2	0 0	0 0	
24 1	40 1	41 1	89 2	0 0	0 0	
25 1	51 2	96 2	97 2	0 0	0 0	
26 1	43 1	52 2	98 2	0 0	0 0	
27 1	43 1	44 1	53 2	99 2	0 0	
28 1	44 1	45 1	54 2	93 2	100 2	
29 1	45 1	46 1	55 2	94 2	0 0	
30 1	46 1	56 2	95 2	0 0	0 0	
31 1	51 2	57 2	100 2	0 0	0 0	
32 1	47 1	52 2	58 2	0 0	0 0	
33 1	47 1	48 1	53 2	59 2	0 0	
34 1	48 1	49 1	54 2	60 2	97 2	
35 1	49 1	50 1	55 2	61 2	98 2	
36 1	50 1	56 2	62 2	99 2	0 0	
4 1	43 1	47 1	52 2	53 2	69 2	
5 1	44 1	48 1	53 2	54 2	70 2	
6 1	45 1	49 1	54 2	55 2	71 2	
1 1	46 1	50 1	55 2	56 2	72 2	
2 1	51 2	56 2	73 2	0 0	0 0	
3 1	51 2	52 2	74 2	0 0	0 0	
1 1	10 1	47 1	58 2	59 2	75 2	
2 1	11 1	48 1	59 2	60 2	76 2	
3 1	12 1	49 1	60 2	61 2	77 2	
4 1	7 1	50 1	61 2	62 2	78 2	
5 1	8 1	57 2	62 2	79 2	0 0	
6 1	9 1	57 2	58 2	80 2	0 0	
1 1	7 1	16 1	64 2	65 2	81 2	
2 1	8 1	17 1	65 2	66 2	82 2	
3 1	9 1	18 1	66 2	67 2	83 2	
4 1	10 1	13 1	67 2	68 2	84 2	
5 1	11 1	14 1	63 2	68 2	85 2	
6 1	12 1	15 1	63 2	64 2	86 2	
7 1	13 1	22 1	70 2	71 2	87 2	
8 1	14 1	23 1	71 2	72 2	88 2	
9 1	15 1	24 1	72 2	73 2	89 2	
10 1	16 1	19 1	73 2	74 2	90 2	
11 1	17 1	20 1	69 2	74 2	91 2	
12 1	18 1	21 1	69 2	70 2	92 2	
13 1	19 1	28 1	76 2	77 2	93 2	
14 1	20 1	29 1	77 2	78 2	94 2	
15 1	21 1	30 1	78 2	79 2	95 2	
16 1	22 1	25 1	79 2	80 2	96 2	
17 1	23 1	26 1	75 2	80 2	0 0	
18 1	24 1	27 1	75 2	76 2	0 0	
19 1	25 1	34 1	82 2	83 2	97 2	
20 1	26 1	35 1	83 2	84 2	98 2	
21 1	27 1	36 1	84 2	85 2	99 2	
22 1	28 1	31 1	85 2	86 2	100 2	
23 1	29 1	32 1	81 2	86 2	0 0	
24 1	30 1	33 1	81 2	82 2	0 0	
25 1	31 1	40 1	51 2	88 2	89 2	
26 1	32 1	41 1	52 2	89 2	90 2	
27 1	33 1	42 1	53 2	90 2	91 2	
28 1	34 1	37 1	54 2	91 2	92 2	
29 1	35 1	38 1	55 2	87 2	92 2	
30 1	36 1	39 1	56 2	87 2	88 2	
31 1	37 1	46 1	57 2	94 2	95 2	
32 1	38 1	58 2	95 2	96 2	0 0	
33 1	39 1	59 2	96 2	0 0	0 0	
34 1	40 1	43 1	60 2	0 0	0 0	
35 1	41 1	44 1	61 2	93 2	0 0	
36 1	42 1	45 1	62 2	93 2	94 2	
37 1	43 1	50 1	63 2	98 2	99 2	
38 1	44 1	64 2	99 2	100 2	0 0	
39 1	45 1	65 2	100 2	0 0	0 0	
40 1	46 1	47 1	66 2	0 0	0 0	
41 1	48 1	67 2	97 2	0 0	0 0	
42 1	49 1	68 2	97 2	98 2	0 0	
2 1	3 1	19 1	58 1	61 1	67 1	
3 1	4 1	20 1	59 1	62 1	68 1	
4 1	5 1	21 1	60 1	63 1	69 1	
5 1	6 1	22 1	55 1	64 1	70 1	
1 1	6 1	23 1	56 1	65 1	71 1	
1 1	2 1	24 1	57 1	66 1	72 1	
8 1	9 1	25 1	64 1	67 1	73 1	
9 1	10 1	26 1	65 1	68 1	74 1	
10 1	11 1	27 1	66 1	69 1	75 1	
11 1	12 1	28 1	61 1	70 1	76 1	
7 1	12 1	29 1	62 1	71 1	77 1	
7 1	8 1	30 1	63 1	72 1	78 1	
14 1	15 1	31 1	70 1	73 1	79 1	
15 1	16 1	32 1	71 1	74 1	80 1	
16 1	17 1	33 1	72 1	75 1	81 1	
17 1	18 1	34 1	67 1	76 1	82 1	
13 1	18 1	35 1	68 1	77 1	83 1	
13 1	14 1	36 1	69 1	78 1	84 1	
20 1	21 1	37 1	76 1	79 1	85 1	
21 1	22 1	38 1	77 1	80 1	86 1	
22 1	23 1	39 1	78 1	81 1	87 1	
23 1	24 1	40 1	73 1	82 1	88 1	
19 1	24 1	41 1	74 1	83 1	89 1	
19 1	20 1	42 1	75 1	84 1	90 1	
26 1	27 1	43 1	82 1	85 1	91 1	
27 1	28 1	44 1	83 1	86 1	92 1	
28 1	29 1	45 1	84 1	87 1	93 1	
29 1	30 1	46 1	79 1	88 1	94 1	
25 1	30 1	47 1	80 1	89 1	95 1	
25 1	26 1	48 1	81 1	90 1	96 1	
32 1	33 1	49 1	88 1	91 1	97 1	
33 1	34 1	50 1	89 1	92 1	98 1	
34 1	35 1	51 1	90 1	93 1	99 1	
35 1	36 1	52 1	85 1	94 1	100 1	
31 1	36 1	53 1	86 1	95 1	101 1	
31 1	32 1	54 1	87 1	96 1	102 1	
1 1	38 1	39 1	94 1	97 1	103 1	
2 1	39 1	40 1	95 1	98 1	104 1	
3 1	40 1	41 1	96 1	99 1	105 1	
4 1	41 1	42 1	91 1	100 1	106 1	
5 1	37 1	42 1	92 1	101 1	107 1	
6 1	37 1	38 1	93 1	102 1	108 1	
7 1	44 1	45 1	55 1	100 1	103 1	
8 1	45 1	46 1	56 1	101 1	104 1	
9 1	46 1	47 1	57 1	102 1	105 1	
10 1	47 1	48 1	58 1	97 1	106 1	
13 1	50 1	51 1	55 1	61 1	106 1	
14 1	51 1	52 1	56 1	62 1	107 1	
15 1	52 1	53 1	57 1	63 1	108 1	
16 1	53 1	54 1	58 1	64 1	103 1	
4 2	43 2	49 2	59 2	60 2	91 2	
5 2	44 2	50 2	55 2	60 2	92 2	
6 2	45 2	51 2	55 2	56 2	93 2	
1 2	46 2	52 2	56 2	57 2	94 2	
2 2	47 2	53 2	57 2	58 2	95 2	
3 2	48 2	54 2	58 2	59 2	96 2	
1 2	10 2	49 2	65 2	66 2	97 2	
2 2	11 2	50 2	61 2	66 2	98 2	
3 2	12 2	51 2	61 2	62 2	99 2	
4 2	7 2	52 2	62 2	63 2	100 2	
5 2	8 2	53 2	63 2	64 2	101 2	
6 2	9 2	54 2	64 2	65 2	102 2	
1 2	7 2	16 2	71 2	72 2	103 2	
2 2	8 2	17 2	67 2	72 2	104 2	
3 2	9 2	18 2	67 2	68 2	105 2	
4 2	10 2	13 2	68 2	69 2	106 2	
5 2	11 2	14 2	69 2	70 2	107 2	
6 2	12 2	15 2	70 2	71 2	108 2	
7 2	13 2	22 2	55 2	77 2	78 2	
8 2	14 2	23 2	56 2	73 2	78 2	
9 2	15 2	24 2	57 2	73 2	74 2	
10 2	16 2	19 2	58 2	74 2	75 2	
11 2	17 2	20 2	59 2	75 2	76 2	
12 2	18 2	21 2	60 2	76 2	77 2	
13 2	19 2	28 2	61 2	83 2	84 2	
14 2	20 2	29 2	62 2	79 2	84 2	
15 2	21 2	30 2	63 2	79 2	80 2	
16 2	22 2	25 2	64 2	80 2	81 2	
17 2	23 2	26 2	65 2	81 2	82 2	
18 2	24 2	27 2	66 2	82 2	83 2	
19 2	25 2	34 2	67 2	89 2	90 2	
20 2	26 2	35 2	68 2	85 2	90 2	
21 2	27 2	36 2	69 2	85 2	86 2	
22 2	28 2	31 2	70 2	86 2	87 2	
23 2	29 2	32 2	71 2	87 2	88 2	
24 2	30 2	33 2	72 2	88 2	89 2	
25 2	31 2	40 2	73 2	95 2	96 2	
26 2	32 2	41 2	74 2	91 2	96 2	
27 2	33 2	42 2	75 2	91 2	92 2	
28 2	34 2	37 2	76 2	92 2	93 2	
29 2	35 2	38 2	77 2	93 2	94 2	
30 2	36 2	39 2	78 2	94 2	95 2	
31 2	37 2	46 2	79 2	101 2	102 2	
32 2	38 2	47 2	80 2	97 2	102 2	
33 2	39 2	48 2	81 2	97 2	98 2	
34 2	40 2	43 2	82 2	98 2	99 2	
37 2	43 2	52 2	85 2	107 2	108 2	
38 2	44 2	53 2	86 2	103 2	108 2	
39 2	45 2	54 2	87 2	103 2	104 2	
40 2	46 2	49 2	88 2	104 2	105 2	
