144 132
6 6
5 5 5 5 5 5 6 6 6 6 6 6 5 5 5 5 5 5 6 6 6 6 6 6 6 6 6 6 6 6 6 6 6 6 6 6 6 6 6 6 6 6 6 6 6 5 5 5 5 5 4 5 5 5 5 5 6 6 6 5 5 4 4 4 4 5 5 6 6 6 6 6 5 5 5 5 5 5 6 6 6 6 6 5 5 4 4 4 4 5 5 6 6 6 5 5 5 5 5 4 5 5 5 5 5 6 6 6 6 6 6 6 6 6 6 6 6 6 6 6 6 6 6 6 6 6 6 6 6 6 6 6 5 5 5 5 5 5 6 6 6 6 6 6 
6 6 6 6 6 6 6 6 6 6 6 6 6 6 6 6 6 6 6 6 6 6 6 6 6 6 6 6 6 6 6 6 6 6 6 6 6 6 6 6 6 6 6 6 6 6 6 6 6 6 6 6 6 6 6 6 6 6 6 6 6 6 6 6 6 6 6 6 6 6 6 6 6 6 6 6 6 6 6 6 6 6 6 6 6 6 6 6 6 6 6 6 6 6 6 6 6 6 6 6 6 6 6 6 6 6 6 6 6 6 6 6 6 6 6 6 6 6 6 6 6 6 6 6 6 6 6 6 6 6 6 6 
8 1	17 1	55 1	72 2	88 2	0 0	
9 1	18 1	56 1	73 2	89 2	0 0	
10 1	19 1	57 1	74 2	90 2	0 0	
11 1	20 1	58 1	75 2	91 2	0 0	
12 1	21 1	59 1	76 2	92 2	0 0	
13 1	22 1	60 1	77 2	93 2	0 0	
14 1	23 1	61 1	67 2	78 2	94 2	
15 1	24 1	62 1	68 2	79 2	95 2	
16 1	25 1	63 1	69 2	80 2	96 2	
17 1	26 1	64 1	70 2	81 2	97 2	
18 1	27 1	65 1	71 2	82 2	98 2	
19 1	28 1	66 1	72 2	83 2	99 2	
20 1	29 1	73 2	84 2	100 2	0 0	
21 1	30 1	74 2	85 2	101 2	0 0	
22 1	31 1	75 2	86 2	102 2	0 0	
23 1	32 1	76 2	87 2	103 2	0 0	
24 1	33 1	77 2	88 2	104 2	0 0	
25 1	34 1	78 2	89 2	105 2	0 0	
1 1	26 1	35 1	79 2	90 2	106 2	
2 1	27 1	36 1	80 2	91 2	107 2	
3 1	28 1	37 1	81 2	92 2	108 2	
4 1	29 1	38 1	82 2	93 2	109 2	
5 1	30 1	39 1	83 2	94 2	110 2	
6 1	31 1	40 1	84 2	95 2	111 2	
7 1	32 1	41 1	85 2	96 2	112 2	
8 1	33 1	42 1	86 2	97 2	113 2	
9 1	34 1	43 1	87 2	98 2	114 2	
10 1	35 1	44 1	88 2	99 2	115 2	
11 1	36 1	45 1	89 2	100 2	116 2	
12 1	37 1	46 1	90 2	101 2	117 2	
13 1	38 1	47 1	91 2	102 2	118 2	
14 1	39 1	48 1	92 2	103 2	119 2	
15 1	40 1	49 1	93 2	104 2	120 2	
16 1	41 1	50 1	94 2	105 2	121 2	
17 1	42 1	51 1	95 2	106 2	122 2	
18 1	43 1	52 1	96 2	107 2	123 2	
19 1	44 1	53 1	97 2	108 2	124 2	
20 1	45 1	54 1	98 2	109 2	125 2	
21 1	46 1	55 1	99 2	110 2	126 2	
22 1	47 1	56 1	100 2	111 2	127 2	
23 1	48 1	57 1	101 2	112 2	128 2	
24 1	49 1	58 1	102 2	113 2	129 2	
25 1	50 1	59 1	103 2	114 2	130 2	
26 1	51 1	60 1	104 2	115 2	131 2	
27 1	52 1	61 1	105 2	116 2	132 2	
28 1	53 1	62 1	106 2	117 2	0 0	
29 1	54 1	63 1	107 2	118 2	0 0	
30 1	55 1	64 1	108 2	119 2	0 0	
31 1	56 1	65 1	109 2	120 2	0 0	
32 1	57 1	66 1	110 2	121 2	0 0	
33 1	58 1	111 2	122 2	0 0	0 0	
34 1	59 1	67 2	112 2	123 2	0 0	
35 1	60 1	68 2	113 2	124 2	0 0	
36 1	61 1	69 2	114 2	125 2	0 0	
37 1	62 1	70 2	115 2	126 2	0 0	
38 1	63 1	71 2	116 2	127 2	0 0	
1 1	39 1	64 1	72 2	117 2	128 2	
2 1	40 1	65 1	73 2	118 2	129 2	
3 1	41 1	66 1	74 2	119 2	130 2	
4 1	42 1	75 2	120 2	131 2	0 0	
5 1	43 1	76 2	121 2	132 2	0 0	
6 1	44 1	77 2	122 2	0 0	0 0	
7 1	45 1	78 2	123 2	0 0	0 0	
8 1	46 1	79 2	124 2	0 0	0 0	
9 1	47 1	80 2	125 2	0 0	0 0	
1 1	10 1	48 1	81 2	126 2	0 0	
2 1	11 1	49 1	82 2	127 2	0 0	
3 1	12 1	50 1	67 2	83 2	128 2	
4 1	13 1	51 1	68 2	84 2	129 2	
5 1	14 1	52 1	69 2	85 2	130 2	
6 1	15 1	53 1	70 2	86 2	131 2	
7 1	16 1	54 1	71 2	87 2	132 2	
40 1	56 1	73 2	111 2	120 2	0 0	
41 1	57 1	74 2	112 2	121 2	0 0	
42 1	58 1	75 2	113 2	122 2	0 0	
43 1	59 1	76 2	114 2	123 2	0 0	
44 1	60 1	77 2	115 2	124 2	0 0	
45 1	61 1	78 2	116 2	125 2	0 0	
1 1	46 1	62 1	79 2	117 2	126 2	
2 1	47 1	63 1	80 2	118 2	127 2	
3 1	48 1	64 1	81 2	119 2	128 2	
4 1	49 1	65 1	82 2	120 2	129 2	
5 1	50 1	66 1	83 2	121 2	130 2	
6 1	51 1	84 2	122 2	131 2	0 0	
7 1	52 1	85 2	123 2	132 2	0 0	
8 1	53 1	86 2	124 2	0 0	0 0	
9 1	54 1	87 2	125 2	0 0	0 0	
10 1	55 1	88 2	126 2	0 0	0 0	
11 1	56 1	89 2	127 2	0 0	0 0	
1 1	12 1	57 1	90 2	128 2	0 0	
2 1	13 1	58 1	91 2	129 2	0 0	
3 1	14 1	59 1	67 2	92 2	130 2	
4 1	15 1	60 1	68 2	93 2	131 2	
5 1	16 1	61 1	69 2	94 2	132 2	
6 1	17 1	62 1	70 2	95 2	0 0	
7 1	18 1	63 1	71 2	96 2	0 0	
8 1	19 1	64 1	72 2	97 2	0 0	
9 1	20 1	65 1	73 2	98 2	0 0	
10 1	21 1	66 1	74 2	99 2	0 0	
11 1	22 1	75 2	100 2	0 0	0 0	
12 1	23 1	67 2	76 2	101 2	0 0	
13 1	24 1	68 2	77 2	102 2	0 0	
14 1	25 1	69 2	78 2	103 2	0 0	
15 1	26 1	70 2	79 2	104 2	0 0	
16 1	27 1	71 2	80 2	105 2	0 0	
1 1	17 1	28 1	72 2	81 2	106 2	
2 1	18 1	29 1	73 2	82 2	107 2	
3 1	19 1	30 1	74 2	83 2	108 2	
4 1	20 1	31 1	75 2	84 2	109 2	
5 1	21 1	32 1	76 2	85 2	110 2	
6 1	22 1	33 1	77 2	86 2	111 2	
7 1	23 1	34 1	78 2	87 2	112 2	
8 1	24 1	35 1	79 2	88 2	113 2	
9 1	25 1	36 1	80 2	89 2	114 2	
10 1	26 1	37 1	81 2	90 2	115 2	
11 1	27 1	38 1	82 2	91 2	116 2	
12 1	28 1	39 1	83 2	92 2	117 2	
13 1	29 1	40 1	84 2	93 2	118 2	
14 1	30 1	41 1	85 2	94 2	119 2	
15 1	31 1	42 1	86 2	95 2	120 2	
16 1	32 1	43 1	87 2	96 2	121 2	
17 1	33 1	44 1	88 2	97 2	122 2	
18 1	34 1	45 1	89 2	98 2	123 2	
19 1	35 1	46 1	90 2	99 2	124 2	
20 1	36 1	47 1	91 2	100 2	125 2	
21 1	37 1	48 1	92 2	101 2	126 2	
22 1	38 1	49 1	93 2	102 2	127 2	
23 1	39 1	50 1	94 2	103 2	128 2	
24 1	40 1	51 1	95 2	104 2	129 2	
25 1	41 1	52 1	96 2	105 2	130 2	
26 1	42 1	53 1	97 2	106 2	131 2	
27 1	43 1	54 1	98 2	107 2	132 2	
28 1	44 1	55 1	99 2	108 2	0 0	
29 1	45 1	56 1	100 2	109 2	0 0	
30 1	46 1	57 1	101 2	110 2	0 0	
31 1	47 1	58 1	102 2	111 2	0 0	
32 1	48 1	59 1	103 2	112 2	0 0	
33 1	49 1	60 1	104 2	113 2	0 0	
34 1	50 1	61 1	67 2	105 2	114 2	
35 1	51 1	62 1	68 2	106 2	115 2	
36 1	52 1	63 1	69 2	107 2	116 2	
37 1	53 1	64 1	70 2	108 2	117 2	
38 1	54 1	65 1	71 2	109 2	118 2	
39 1	55 1	66 1	72 2	110 2	119 2	
19 1	57 1	66 1	79 1	90 1	106 1	
20 1	58 1	67 1	80 1	91 1	107 1	
21 1	59 1	68 1	81 1	92 1	108 1	
22 1	60 1	69 1	82 1	93 1	109 1	
23 1	61 1	70 1	83 1	94 1	110 1	
24 1	62 1	71 1	84 1	95 1	111 1	
25 1	63 1	72 1	85 1	96 1	112 1	
1 1	26 1	64 1	86 1	97 1	113 1	
2 1	27 1	65 1	87 1	98 1	114 1	
3 1	28 1	66 1	88 1	99 1	115 1	
4 1	29 1	67 1	89 1	100 1	116 1	
5 1	30 1	68 1	90 1	101 1	117 1	
6 1	31 1	69 1	91 1	102 1	118 1	
7 1	32 1	70 1	92 1	103 1	119 1	
8 1	33 1	71 1	93 1	104 1	120 1	
9 1	34 1	72 1	94 1	105 1	121 1	
1 1	10 1	35 1	95 1	106 1	122 1	
2 1	11 1	36 1	96 1	107 1	123 1	
3 1	12 1	37 1	97 1	108 1	124 1	
4 1	13 1	38 1	98 1	109 1	125 1	
5 1	14 1	39 1	99 1	110 1	126 1	
6 1	15 1	40 1	100 1	111 1	127 1	
7 1	16 1	41 1	101 1	112 1	128 1	
8 1	17 1	42 1	102 1	113 1	129 1	
9 1	18 1	43 1	103 1	114 1	130 1	
10 1	19 1	44 1	104 1	115 1	131 1	
11 1	20 1	45 1	105 1	116 1	132 1	
12 1	21 1	46 1	106 1	117 1	133 1	
13 1	22 1	47 1	107 1	118 1	134 1	
14 1	23 1	48 1	108 1	119 1	135 1	
15 1	24 1	49 1	109 1	120 1	136 1	
16 1	25 1	50 1	110 1	121 1	137 1	
17 1	26 1	51 1	111 1	122 1	138 1	
18 1	27 1	52 1	112 1	123 1	139 1	
19 1	28 1	53 1	113 1	124 1	140 1	
20 1	29 1	54 1	114 1	125 1	141 1	
21 1	30 1	55 1	115 1	126 1	142 1	
22 1	31 1	56 1	116 1	127 1	143 1	
23 1	32 1	57 1	117 1	128 1	144 1	
24 1	33 1	58 1	73 1	118 1	129 1	
25 1	34 1	59 1	74 1	119 1	130 1	
26 1	35 1	60 1	75 1	120 1	131 1	
27 1	36 1	61 1	76 1	121 1	132 1	
28 1	37 1	62 1	77 1	122 1	133 1	
29 1	38 1	63 1	78 1	123 1	134 1	
30 1	39 1	64 1	79 1	124 1	135 1	
31 1	40 1	65 1	80 1	125 1	136 1	
32 1	41 1	66 1	81 1	126 1	137 1	
33 1	42 1	67 1	82 1	127 1	138 1	
34 1	43 1	68 1	83 1	128 1	139 1	
35 1	44 1	69 1	84 1	129 1	140 1	
36 1	45 1	70 1	85 1	130 1	141 1	
37 1	46 1	71 1	86 1	131 1	142 1	
38 1	47 1	72 1	87 1	132 1	143 1	
1 1	39 1	48 1	88 1	133 1	144 1	
2 1	40 1	49 1	73 1	89 1	134 1	
3 1	41 1	50 1	74 1	90 1	135 1	
4 1	42 1	51 1	75 1	91 1	136 1	
5 1	43 1	52 1	76 1	92 1	137 1	
6 1	44 1	53 1	77 1	93 1	138 1	
7 1	45 1	54 1	78 1	94 1	139 1	
8 1	46 1	55 1	79 1	95 1	140 1	
9 1	47 1	56 1	80 1	96 1	141 1	
10 1	48 1	57 1	81 1	97 1	142 1	
11 1	49 1	58 1	82 1	98 1	143 1	
12 1	50 1	59 1	83 1	99 1	144 1	
7 2	52 2	68 2	92 2	101 2	139 2	
8 2	53 2	69 2	93 2	102 2	140 2	
9 2	54 2	70 2	94 2	103 2	141 2	
10 2	55 2	71 2	95 2	104 2	142 2	
11 2	56 2	72 2	96 2	105 2	143 2	
1 2	12 2	57 2	97 2	106 2	144 2	
2 2	13 2	58 2	73 2	98 2	107 2	
3 2	14 2	59 2	74 2	99 2	108 2	
4 2	15 2	60 2	75 2	100 2	109 2	
5 2	16 2	61 2	76 2	101 2	110 2	
6 2	17 2	62 2	77 2	102 2	111 2	
7 2	18 2	63 2	78 2	103 2	112 2	
8 2	19 2	64 2	79 2	104 2	113 2	
9 2	20 2	65 2	80 2	105 2	114 2	
10 2	21 2	66 2	81 2	106 2	115 2	
11 2	22 2	67 2	82 2	107 2	116 2	
12 2	23 2	68 2	83 2	108 2	117 2	
13 2	24 2	69 2	84 2	109 2	118 2	
14 2	25 2	70 2	85 2	110 2	119 2	
15 2	26 2	71 2	86 2	111 2	120 2	
16 2	27 2	72 2	87 2	112 2	121 2	
1 2	17 2	28 2	88 2	113 2	122 2	
2 2	18 2	29 2	89 2	114 2	123 2	
3 2	19 2	30 2	90 2	115 2	124 2	
4 2	20 2	31 2	91 2	116 2	125 2	
5 2	21 2	32 2	92 2	117 2	126 2	
6 2	22 2	33 2	93 2	118 2	127 2	
7 2	23 2	34 2	94 2	119 2	128 2	
8 2	24 2	35 2	95 2	120 2	129 2	
9 2	25 2	36 2	96 2	121 2	130 2	
10 2	26 2	37 2	97 2	122 2	131 2	
11 2	27 2	38 2	98 2	123 2	132 2	
12 2	28 2	39 2	99 2	124 2	133 2	
13 2	29 2	40 2	100 2	125 2	134 2	
14 2	30 2	41 2	101 2	126 2	135 2	
15 2	31 2	42 2	102 2	127 2	136 2	
16 2	32 2	43 2	103 2	128 2	137 2	
17 2	33 2	44 2	104 2	129 2	138 2	
18 2	34 2	45 2	105 2	130 2	139 2	
19 2	35 2	46 2	106 2	131 2	140 2	
20 2	36 2	47 2	107 2	132 2	141 2	
21 2	37 2	48 2	108 2	133 2	142 2	
22 2	38 2	49 2	109 2	134 2	143 2	
23 2	39 2	50 2	110 2	135 2	144 2	
24 2	40 2	51 2	73 2	111 2	136 2	
25 2	41 2	52 2	74 2	112 2	137 2	
26 2	42 2	53 2	75 2	113 2	138 2	
27 2	43 2	54 2	76 2	114 2	139 2	
28 2	44 2	55 2	77 2	115 2	140 2	
29 2	45 2	56 2	78 2	116 2	141 2	
30 2	46 2	57 2	79 2	117 2	142 2	
31 2	47 2	58 2	80 2	118 2	143 2	
32 2	48 2	59 2	81 2	119 2	144 2	
33 2	49 2	60 2	73 2	82 2	120 2	
34 2	50 2	61 2	74 2	83 2	121 2	
35 2	51 2	62 2	75 2	84 2	122 2	
36 2	52 2	63 2	76 2	85 2	123 2	
37 2	53 2	64 2	77 2	86 2	124 2	
38 2	54 2	65 2	78 2	87 2	125 2	
39 2	55 2	66 2	79 2	88 2	126 2	
40 2	56 2	67 2	80 2	89 2	127 2	
41 2	57 2	68 2	81 2	90 2	128 2	
42 2	58 2	69 2	82 2	91 2	129 2	
43 2	59 2	70 2	83 2	92 2	130 2	
44 2	60 2	71 2	84 2	93 2	131 2	
45 2	61 2	72 2	85 2	94 2	132 2	
