512 338
7 8
4 6 6 6 5 5 5 4 4 4 4 4 5 6 5 5 5 5 4 4 4 5 5 6 5 6 6 7 6 6 4 5 4 5 6 5 5 6 5 5 4 4 5 5 6 6 4 5 5 6 5 4 4 4 5 5 4 5 6 6 5 3 4 4 4 4 4 4 4 5 5 5 4 4 5 5 5 5 5 7 6 5 5 5 5 6 5 5 5 5 6 6 5 5 5 6 5 6 6 5 6 6 6 6 7 5 6 7 6 7 6 6 7 5 6 5 5 5 6 6 6 6 7 6 6 6 5 5 5 5 6 5 5 6 6 5 5 5 5 5 6 5 5 6 6 6 6 5 6 7 7 6 5 6 6 6 6 5 6 6 6 5 5 4 5 4 6 5 5 5 6 7 7 6 7 6 7 7 6 5 5 5 7 5 5 5 6 5 6 6 5 5 6 6 6 6 5 6 6 6 6 5 6 7 7 5 5 5 5 5 4 4 6 5 5 6 6 5 6 5 5 6 5 7 6 6 7 6 6 5 4 4 4 4 5 5 5 5 4 4 3 4 4 4 4 4 4 5 4 6 6 5 4 4 5 5 5 5 6 6 5 4 5 5 5 4 4 5 5 5 5 5 6 7 6 4 4 5 5 5 5 5 4 5 5 4 4 3 4 4 4 4 5 5 5 5 4 4 4 5 6 5 5 4 6 5 6 5 5 4 5 5 6 6 5 5 6 4 5 4 5 6 6 7 6 5 6 5 5 5 4 4 5 5 5 5 6 5 4 4 4 4 4 3 5 5 5 5 5 5 5 4 5 4 5 5 6 6 6 5 4 4 4 4 4 4 5 5 5 5 5 4 4 4 4 4 4 5 6 6 6 7 7 6 5 6 6 5 6 6 6 7 5 5 4 4 5 5 5 5 5 6 6 6 6 6 6 6 6 6 5 6 7 7 5 5 5 6 5 5 5 6 5 7 6 5 4 7 6 6 6 5 7 7 6 7 6 6 7 6 5 5 4 5 5 6 5 5 6 6 6 6 4 6 6 6 6 4 6 6 6 6 5 6 6 6 5 5 5 6 5 5 5 6 5 6 6 6 6 5 5 6 6 6 6 6 6 6 5 5 5 6 5 6 7 5 6 7 6 7 7 6 7 6 7 6 5 5 6 5 5 5 
8 8 8 8 8 8 8 8 8 8 8 8 8 8 8 8 8 8 8 8 8 8 8 8 8 8 8 8 8 8 8 8 8 8 8 8 8 8 8 8 8 8 8 8 8 8 8 8 8 8 8 8 8 8 8 8 8 8 8 8 8 8 8 8 8 8 8 8 8 8 8 8 8 8 8 8 8 8 8 8 8 8 8 8 8 8 8 8 8 8 8 8 8 8 8 8 8 8 8 8 8 8 8 8 8 8 8 8 8 8 8 8 8 8 8 8 8 8 8 8 8 8 8 8 8 8 8 8 8 8 8 8 8 8 8 8 8 8 8 8 8 8 8 8 8 8 8 8 8 8 8 8 8 8 8 8 8 8 8 8 8 8 8 8 8 8 8 8 8 8 8 8 8 8 8 8 8 8 8 8 8 8 8 8 8 8 8 8 8 8 8 8 8 8 8 8 8 8 8 8 8 8 8 8 8 8 8 8 8 8 8 8 8 8 8 8 8 8 8 8 8 8 8 8 8 8 8 8 8 8 8 8 8 8 8 8 8 8 8 8 8 8 8 8 8 8 8 8 8 8 8 8 8 8 8 8 8 8 8 8 8 8 8 8 8 8 8 8 8 8 8 8 8 8 8 8 8 8 8 8 8 8 8 8 8 8 8 8 8 8 8 8 8 8 8 8 8 8 8 8 8 8 8 8 8 8 8 8 8 8 8 8 8 8 8 8 8 8 8 8 8 8 8 8 8 8 8 8 8 8 8 8 8 8 8 8 8 8 
59 1	168 1	280 2	298 2	0 0	0 0	0 0	
26 1	60 1	169 1	186 2	281 2	299 2	0 0	
4 1	27 1	61 1	187 2	282 2	300 2	0 0	
28 1	62 1	173 2	188 2	283 2	301 2	0 0	
5 1	63 1	189 2	284 2	302 2	0 0	0 0	
6 1	64 1	174 2	285 2	303 2	0 0	0 0	
29 1	65 1	175 2	286 2	304 2	0 0	0 0	
30 1	66 1	287 2	305 2	0 0	0 0	0 0	
31 1	67 1	288 2	306 2	0 0	0 0	0 0	
32 1	68 1	289 2	307 2	0 0	0 0	0 0	
33 1	69 1	290 2	308 2	0 0	0 0	0 0	
34 1	70 1	291 2	309 2	0 0	0 0	0 0	
35 1	71 1	190 2	292 2	310 2	0 0	0 0	
7 1	36 1	72 1	191 2	293 2	311 2	0 0	
8 1	73 1	176 2	294 2	312 2	0 0	0 0	
9 1	74 1	177 2	295 2	313 2	0 0	0 0	
10 1	75 1	178 2	296 2	314 2	0 0	0 0	
37 1	76 1	179 2	297 2	315 2	0 0	0 0	
38 1	77 1	298 2	316 2	0 0	0 0	0 0	
39 1	78 1	299 2	317 2	0 0	0 0	0 0	
40 1	79 1	300 2	318 2	0 0	0 0	0 0	
1 1	41 1	80 1	301 2	319 2	0 0	0 0	
2 1	42 1	81 1	302 2	320 2	0 0	0 0	
3 1	43 1	82 1	192 2	303 2	321 2	0 0	
44 1	83 1	193 2	304 2	322 2	0 0	0 0	
11 1	45 1	84 1	194 2	305 2	323 2	0 0	
12 1	46 1	85 1	180 2	306 2	324 2	0 0	
13 1	47 1	86 1	181 2	195 2	307 2	325 2	
14 1	48 1	87 1	182 2	196 2	308 2	0 0	
15 1	49 1	88 1	183 2	197 2	309 2	0 0	
50 1	89 1	184 2	310 2	0 0	0 0	0 0	
4 1	51 1	90 1	311 2	326 2	0 0	0 0	
52 1	91 1	198 2	312 2	0 0	0 0	0 0	
5 1	53 1	92 1	199 2	313 2	0 0	0 0	
6 1	54 1	93 1	200 2	314 2	327 2	0 0	
55 1	94 1	201 2	315 2	328 2	0 0	0 0	
56 1	95 1	202 2	316 2	329 2	0 0	0 0	
16 1	57 1	96 1	203 2	317 2	330 2	0 0	
58 1	97 1	185 2	204 2	318 2	0 0	0 0	
59 1	98 1	205 2	319 2	331 2	0 0	0 0	
60 1	99 1	320 2	332 2	0 0	0 0	0 0	
61 1	100 1	321 2	333 2	0 0	0 0	0 0	
7 1	62 1	101 1	322 2	334 2	0 0	0 0	
8 1	63 1	102 1	206 2	323 2	0 0	0 0	
9 1	64 1	103 1	207 2	324 2	335 2	0 0	
10 1	65 1	104 1	208 2	325 2	336 2	0 0	
66 1	105 1	209 2	337 2	0 0	0 0	0 0	
17 1	67 1	106 1	210 2	338 2	0 0	0 0	
18 1	68 1	107 1	186 2	211 2	0 0	0 0	
19 1	69 1	108 1	187 2	212 2	326 2	0 0	
20 1	70 1	109 1	188 2	213 2	0 0	0 0	
71 1	110 1	189 2	214 2	0 0	0 0	0 0	
72 1	111 1	215 2	327 2	0 0	0 0	0 0	
73 1	112 1	216 2	328 2	0 0	0 0	0 0	
11 1	74 1	113 1	217 2	329 2	0 0	0 0	
12 1	75 1	114 1	218 2	330 2	0 0	0 0	
13 1	76 1	115 1	219 2	0 0	0 0	0 0	
14 1	77 1	116 1	220 2	331 2	0 0	0 0	
15 1	21 1	78 1	117 1	221 2	332 2	0 0	
22 1	79 1	118 1	190 2	222 2	333 2	0 0	
80 1	119 1	191 2	223 2	334 2	0 0	0 0	
81 1	120 1	224 2	0 0	0 0	0 0	0 0	
82 1	121 1	225 2	335 2	0 0	0 0	0 0	
83 1	122 1	226 2	336 2	0 0	0 0	0 0	
84 1	123 1	227 2	337 2	0 0	0 0	0 0	
85 1	124 1	228 2	338 2	0 0	0 0	0 0	
16 1	86 1	125 1	229 2	0 0	0 0	0 0	
87 1	126 1	170 2	230 2	0 0	0 0	0 0	
88 1	127 1	171 2	231 2	0 0	0 0	0 0	
23 1	89 1	128 1	172 2	232 2	0 0	0 0	
24 1	90 1	129 1	192 2	233 2	0 0	0 0	
25 1	91 1	130 1	193 2	234 2	0 0	0 0	
92 1	131 1	194 2	235 2	0 0	0 0	0 0	
26 1	93 1	132 1	236 2	0 0	0 0	0 0	
27 1	94 1	133 1	195 2	237 2	0 0	0 0	
28 1	95 1	134 1	196 2	238 2	0 0	0 0	
17 1	96 1	135 1	197 2	239 2	0 0	0 0	
18 1	97 1	136 1	173 2	240 2	0 0	0 0	
19 1	29 1	98 1	137 1	241 2	0 0	0 0	
20 1	30 1	99 1	138 1	174 2	198 2	242 2	
31 1	100 1	139 1	175 2	199 2	243 2	0 0	
32 1	101 1	140 1	200 2	244 2	0 0	0 0	
33 1	102 1	141 1	201 2	245 2	0 0	0 0	
34 1	103 1	142 1	202 2	246 2	0 0	0 0	
35 1	104 1	143 1	203 2	247 2	0 0	0 0	
36 1	105 1	144 1	170 2	204 2	248 2	0 0	
106 1	145 1	171 2	205 2	249 2	0 0	0 0	
21 1	107 1	146 1	172 2	250 2	0 0	0 0	
22 1	108 1	147 1	176 2	251 2	0 0	0 0	
37 1	109 1	148 1	177 2	252 2	0 0	0 0	
38 1	110 1	149 1	178 2	206 2	253 2	0 0	
39 1	111 1	150 1	179 2	207 2	254 2	0 0	
40 1	112 1	151 1	208 2	255 2	0 0	0 0	
41 1	113 1	152 1	209 2	256 2	0 0	0 0	
42 1	114 1	153 1	210 2	257 2	0 0	0 0	
43 1	115 1	154 1	173 2	211 2	258 2	0 0	
44 1	116 1	155 1	212 2	259 2	0 0	0 0	
45 1	117 1	156 1	174 2	213 2	260 2	0 0	
23 1	46 1	118 1	175 2	214 2	261 2	0 0	
24 1	47 1	119 1	215 2	262 2	0 0	0 0	
25 1	48 1	120 1	180 2	216 2	263 2	0 0	
49 1	121 1	157 1	181 2	217 2	264 2	0 0	
26 1	50 1	122 1	182 2	218 2	265 2	0 0	
27 1	51 1	123 1	183 2	219 2	266 2	0 0	
28 1	52 1	124 1	158 1	184 2	220 2	267 2	
53 1	125 1	159 1	221 2	268 2	0 0	0 0	
54 1	126 1	160 1	176 2	222 2	269 2	0 0	
29 1	55 1	127 1	161 1	177 2	223 2	270 2	
30 1	56 1	128 1	178 2	224 2	271 2	0 0	
31 1	57 1	129 1	162 1	179 2	225 2	272 2	
32 1	58 1	130 1	163 1	226 2	273 2	0 0	
33 1	59 1	131 1	164 1	227 2	274 2	0 0	
34 1	60 1	132 1	165 1	185 2	228 2	275 2	
35 1	61 1	133 1	229 2	276 2	0 0	0 0	
36 1	62 1	134 1	166 1	230 2	277 2	0 0	
63 1	135 1	167 1	231 2	278 2	0 0	0 0	
64 1	136 1	168 1	232 2	279 2	0 0	0 0	
65 1	137 1	169 1	233 2	280 2	0 0	0 0	
37 1	66 1	138 1	180 2	234 2	281 2	0 0	
38 1	67 1	139 1	181 2	235 2	282 2	0 0	
39 1	68 1	140 1	182 2	236 2	283 2	0 0	
40 1	69 1	141 1	183 2	237 2	284 2	0 0	
41 1	70 1	142 1	184 2	186 2	238 2	285 2	
42 1	71 1	143 1	187 2	239 2	286 2	0 0	
43 1	72 1	144 1	188 2	240 2	287 2	0 0	
44 1	73 1	145 1	189 2	241 2	288 2	0 0	
45 1	74 1	146 1	242 2	289 2	0 0	0 0	
46 1	75 1	147 1	243 2	290 2	0 0	0 0	
47 1	76 1	148 1	244 2	291 2	0 0	0 0	
48 1	77 1	149 1	245 2	292 2	0 0	0 0	
49 1	78 1	150 1	185 2	246 2	293 2	0 0	
50 1	79 1	151 1	247 2	294 2	0 0	0 0	
51 1	80 1	152 1	248 2	295 2	0 0	0 0	
52 1	81 1	153 1	190 2	249 2	296 2	0 0	
53 1	82 1	154 1	191 2	250 2	297 2	0 0	
54 1	83 1	155 1	251 2	298 2	0 0	0 0	
55 1	84 1	156 1	252 2	299 2	0 0	0 0	
1 1	56 1	85 1	253 2	300 2	0 0	0 0	
2 1	57 1	86 1	254 2	301 2	0 0	0 0	
3 1	58 1	87 1	255 2	302 2	0 0	0 0	
59 1	88 1	157 1	186 2	256 2	303 2	0 0	
60 1	89 1	187 2	257 2	304 2	0 0	0 0	
61 1	90 1	188 2	258 2	305 2	0 0	0 0	
62 1	91 1	158 1	189 2	259 2	306 2	0 0	
63 1	92 1	159 1	192 2	260 2	307 2	0 0	
64 1	93 1	160 1	193 2	261 2	308 2	0 0	
65 1	94 1	161 1	194 2	262 2	309 2	0 0	
4 1	66 1	95 1	263 2	310 2	0 0	0 0	
67 1	96 1	162 1	195 2	264 2	311 2	0 0	
5 1	68 1	97 1	163 1	196 2	265 2	312 2	
6 1	69 1	98 1	164 1	197 2	266 2	313 2	
70 1	99 1	165 1	190 2	267 2	314 2	0 0	
71 1	100 1	191 2	268 2	315 2	0 0	0 0	
72 1	101 1	166 1	198 2	269 2	316 2	0 0	
73 1	102 1	167 1	199 2	270 2	317 2	0 0	
74 1	103 1	168 1	200 2	271 2	318 2	0 0	
75 1	104 1	169 1	201 2	272 2	319 2	0 0	
76 1	105 1	202 2	273 2	320 2	0 0	0 0	
7 1	77 1	106 1	203 2	274 2	321 2	0 0	
8 1	78 1	107 1	204 2	275 2	322 2	0 0	
9 1	79 1	108 1	205 2	276 2	323 2	0 0	
10 1	80 1	109 1	277 2	324 2	0 0	0 0	
81 1	110 1	192 2	278 2	325 2	0 0	0 0	
82 1	111 1	193 2	279 2	0 0	0 0	0 0	
83 1	112 1	194 2	206 2	280 2	0 0	0 0	
84 1	113 1	207 2	281 2	0 0	0 0	0 0	
85 1	114 1	195 2	208 2	282 2	326 2	0 0	
86 1	115 1	196 2	209 2	283 2	0 0	0 0	
87 1	116 1	197 2	210 2	284 2	0 0	0 0	
88 1	117 1	211 2	285 2	327 2	0 0	0 0	
11 1	89 1	118 1	212 2	286 2	328 2	0 0	
12 1	90 1	119 1	198 2	213 2	287 2	329 2	
13 1	91 1	120 1	199 2	214 2	288 2	330 2	
14 1	92 1	121 1	200 2	215 2	289 2	0 0	
15 1	93 1	122 1	201 2	216 2	290 2	331 2	
94 1	123 1	202 2	217 2	291 2	332 2	0 0	
1 1	95 1	124 1	203 2	218 2	292 2	333 2	
2 1	96 1	125 1	204 2	219 2	293 2	334 2	
3 1	97 1	126 1	205 2	220 2	294 2	0 0	
98 1	127 1	221 2	295 2	335 2	0 0	0 0	
99 1	128 1	222 2	296 2	336 2	0 0	0 0	
100 1	129 1	223 2	297 2	337 2	0 0	0 0	
16 1	101 1	130 1	206 2	224 2	298 2	338 2	
102 1	131 1	207 2	225 2	299 2	0 0	0 0	
103 1	132 1	208 2	226 2	300 2	0 0	0 0	
104 1	133 1	209 2	227 2	301 2	0 0	0 0	
4 1	105 1	134 1	210 2	228 2	302 2	0 0	
106 1	135 1	211 2	229 2	303 2	0 0	0 0	
5 1	107 1	136 1	212 2	230 2	304 2	0 0	
6 1	108 1	137 1	213 2	231 2	305 2	0 0	
109 1	138 1	214 2	232 2	306 2	0 0	0 0	
110 1	139 1	215 2	233 2	307 2	0 0	0 0	
17 1	111 1	140 1	216 2	234 2	308 2	0 0	
18 1	112 1	141 1	217 2	235 2	309 2	0 0	
19 1	113 1	142 1	218 2	236 2	310 2	0 0	
20 1	114 1	143 1	219 2	237 2	311 2	0 0	
115 1	144 1	220 2	238 2	312 2	0 0	0 0	
7 1	116 1	145 1	221 2	239 2	313 2	0 0	
8 1	117 1	146 1	222 2	240 2	314 2	0 0	
9 1	118 1	147 1	223 2	241 2	315 2	0 0	
10 1	119 1	148 1	224 2	242 2	316 2	0 0	
120 1	149 1	225 2	243 2	317 2	0 0	0 0	
121 1	150 1	170 2	226 2	244 2	318 2	0 0	
21 1	122 1	151 1	171 2	227 2	245 2	319 2	
22 1	123 1	152 1	172 2	228 2	246 2	320 2	
124 1	153 1	229 2	247 2	321 2	0 0	0 0	
125 1	154 1	230 2	248 2	322 2	0 0	0 0	
126 1	155 1	231 2	249 2	323 2	0 0	0 0	
127 1	156 1	232 2	250 2	324 2	0 0	0 0	
11 1	128 1	233 2	251 2	325 2	0 0	0 0	
12 1	129 1	234 2	252 2	0 0	0 0	0 0	
13 1	130 1	235 2	253 2	0 0	0 0	0 0	
14 1	131 1	157 1	173 2	236 2	254 2	0 0	
15 1	132 1	237 2	255 2	326 2	0 0	0 0	
23 1	133 1	174 2	238 2	256 2	0 0	0 0	
24 1	134 1	158 1	175 2	239 2	257 2	0 0	
25 1	135 1	159 1	240 2	258 2	327 2	0 0	
136 1	160 1	241 2	259 2	328 2	0 0	0 0	
26 1	137 1	161 1	242 2	260 2	329 2	0 0	
27 1	138 1	243 2	261 2	330 2	0 0	0 0	
28 1	139 1	162 1	244 2	262 2	0 0	0 0	
16 1	140 1	163 1	245 2	263 2	331 2	0 0	
141 1	164 1	246 2	264 2	332 2	0 0	0 0	
29 1	142 1	165 1	176 2	247 2	265 2	333 2	
30 1	143 1	177 2	248 2	266 2	334 2	0 0	
31 1	144 1	166 1	178 2	249 2	267 2	0 0	
32 1	145 1	167 1	179 2	250 2	268 2	335 2	
33 1	146 1	168 1	251 2	269 2	336 2	0 0	
34 1	147 1	169 1	252 2	270 2	337 2	0 0	
35 1	148 1	253 2	271 2	338 2	0 0	0 0	
36 1	149 1	254 2	272 2	0 0	0 0	0 0	
17 1	150 1	255 2	273 2	0 0	0 0	0 0	
18 1	151 1	256 2	274 2	0 0	0 0	0 0	
19 1	152 1	257 2	275 2	0 0	0 0	0 0	
20 1	37 1	153 1	258 2	276 2	0 0	0 0	
38 1	154 1	180 2	259 2	277 2	0 0	0 0	
39 1	155 1	181 2	260 2	278 2	0 0	0 0	
40 1	156 1	182 2	261 2	279 2	0 0	0 0	
41 1	183 2	262 2	280 2	0 0	0 0	0 0	
42 1	184 2	263 2	281 2	0 0	0 0	0 0	
43 1	264 2	282 2	0 0	0 0	0 0	0 0	
44 1	157 1	265 2	283 2	0 0	0 0	0 0	
21 1	45 1	266 2	284 2	0 0	0 0	0 0	
22 1	46 1	267 2	285 2	0 0	0 0	0 0	
47 1	158 1	268 2	286 2	0 0	0 0	0 0	
48 1	159 1	269 2	287 2	0 0	0 0	0 0	
49 1	160 1	270 2	288 2	0 0	0 0	0 0	
50 1	161 1	185 2	271 2	289 2	0 0	0 0	
1 1	51 1	272 2	290 2	0 0	0 0	0 0	
2 1	52 1	162 1	170 2	273 2	291 2	0 0	
3 1	53 1	163 1	171 2	274 2	292 2	0 0	
54 1	164 1	172 2	275 2	293 2	0 0	0 0	
55 1	165 1	276 2	294 2	0 0	0 0	0 0	
23 1	56 1	277 2	295 2	0 0	0 0	0 0	
24 1	57 1	166 1	278 2	296 2	0 0	0 0	
25 1	58 1	167 1	279 2	297 2	0 0	0 0	
106 1	153 1	210 2	249 2	321 2	0 0	0 0	
107 1	154 1	211 2	250 2	322 2	0 0	0 0	
11 1	108 1	155 1	212 2	251 2	323 2	0 0	
12 1	109 1	156 1	213 2	252 2	324 2	0 0	
13 1	110 1	214 2	253 2	325 2	0 0	0 0	
14 1	111 1	215 2	254 2	0 0	0 0	0 0	
15 1	17 1	112 1	216 2	255 2	0 0	0 0	
18 1	113 1	157 1	217 2	256 2	0 0	0 0	
19 1	114 1	218 2	257 2	326 2	0 0	0 0	
20 1	115 1	219 2	258 2	0 0	0 0	0 0	
116 1	158 1	220 2	259 2	0 0	0 0	0 0	
117 1	159 1	221 2	260 2	327 2	0 0	0 0	
118 1	160 1	222 2	261 2	328 2	0 0	0 0	
119 1	161 1	223 2	262 2	329 2	0 0	0 0	
16 1	120 1	224 2	263 2	330 2	0 0	0 0	
121 1	162 1	170 2	225 2	264 2	0 0	0 0	
122 1	163 1	171 2	226 2	265 2	331 2	0 0	
21 1	123 1	164 1	172 2	227 2	266 2	332 2	
22 1	124 1	165 1	228 2	267 2	333 2	0 0	
125 1	229 2	268 2	334 2	0 0	0 0	0 0	
126 1	166 1	230 2	269 2	0 0	0 0	0 0	
127 1	167 1	231 2	270 2	335 2	0 0	0 0	
128 1	168 1	232 2	271 2	336 2	0 0	0 0	
129 1	169 1	233 2	272 2	337 2	0 0	0 0	
17 1	130 1	234 2	273 2	338 2	0 0	0 0	
18 1	131 1	173 2	235 2	274 2	0 0	0 0	
19 1	132 1	236 2	275 2	0 0	0 0	0 0	
20 1	133 1	174 2	237 2	276 2	0 0	0 0	
23 1	134 1	175 2	238 2	277 2	0 0	0 0	
24 1	135 1	239 2	278 2	0 0	0 0	0 0	
25 1	136 1	240 2	279 2	0 0	0 0	0 0	
137 1	241 2	280 2	0 0	0 0	0 0	0 0	
26 1	138 1	242 2	281 2	0 0	0 0	0 0	
27 1	139 1	243 2	282 2	0 0	0 0	0 0	
28 1	140 1	244 2	283 2	0 0	0 0	0 0	
21 1	141 1	245 2	284 2	0 0	0 0	0 0	
22 1	142 1	176 2	246 2	285 2	0 0	0 0	
29 1	143 1	177 2	247 2	286 2	0 0	0 0	
30 1	144 1	178 2	248 2	287 2	0 0	0 0	
31 1	145 1	179 2	249 2	288 2	0 0	0 0	
32 1	146 1	250 2	289 2	0 0	0 0	0 0	
33 1	147 1	251 2	290 2	0 0	0 0	0 0	
34 1	148 1	252 2	291 2	0 0	0 0	0 0	
1 1	35 1	149 1	253 2	292 2	0 0	0 0	
2 1	36 1	150 1	170 2	254 2	293 2	0 0	
3 1	151 1	171 2	255 2	294 2	0 0	0 0	
23 1	152 1	172 2	256 2	295 2	0 0	0 0	
24 1	153 1	257 2	296 2	0 0	0 0	0 0	
25 1	37 1	154 1	180 2	258 2	297 2	0 0	
38 1	155 1	181 2	259 2	298 2	0 0	0 0	
26 1	39 1	156 1	182 2	260 2	299 2	0 0	
27 1	40 1	183 2	261 2	300 2	0 0	0 0	
28 1	41 1	184 2	262 2	301 2	0 0	0 0	
4 1	42 1	263 2	302 2	0 0	0 0	0 0	
43 1	157 1	173 2	264 2	303 2	0 0	0 0	
5 1	29 1	44 1	265 2	304 2	0 0	0 0	
6 1	30 1	45 1	174 2	266 2	305 2	0 0	
31 1	46 1	158 1	175 2	267 2	306 2	0 0	
32 1	47 1	159 1	268 2	307 2	0 0	0 0	
33 1	48 1	160 1	269 2	308 2	0 0	0 0	
34 1	49 1	161 1	185 2	270 2	309 2	0 0	
35 1	50 1	271 2	310 2	0 0	0 0	0 0	
36 1	51 1	162 1	272 2	311 2	0 0	0 0	
52 1	163 1	273 2	312 2	0 0	0 0	0 0	
7 1	53 1	164 1	274 2	313 2	0 0	0 0	
8 1	54 1	165 1	176 2	275 2	314 2	0 0	
9 1	37 1	55 1	177 2	276 2	315 2	0 0	
10 1	38 1	56 1	166 1	178 2	277 2	316 2	
39 1	57 1	167 1	179 2	278 2	317 2	0 0	
40 1	58 1	168 1	279 2	318 2	0 0	0 0	
41 1	59 1	169 1	186 2	280 2	319 2	0 0	
42 1	60 1	187 2	281 2	320 2	0 0	0 0	
43 1	61 1	188 2	282 2	321 2	0 0	0 0	
44 1	62 1	189 2	283 2	322 2	0 0	0 0	
45 1	63 1	284 2	323 2	0 0	0 0	0 0	
46 1	64 1	285 2	324 2	0 0	0 0	0 0	
11 1	47 1	65 1	286 2	325 2	0 0	0 0	
12 1	48 1	66 1	180 2	287 2	0 0	0 0	
13 1	49 1	67 1	181 2	288 2	0 0	0 0	
14 1	50 1	68 1	182 2	289 2	0 0	0 0	
15 1	51 1	69 1	183 2	290 2	326 2	0 0	
52 1	70 1	184 2	190 2	291 2	0 0	0 0	
53 1	71 1	191 2	292 2	0 0	0 0	0 0	
54 1	72 1	293 2	327 2	0 0	0 0	0 0	
55 1	73 1	294 2	328 2	0 0	0 0	0 0	
56 1	74 1	295 2	329 2	0 0	0 0	0 0	
57 1	75 1	296 2	330 2	0 0	0 0	0 0	
58 1	76 1	297 2	0 0	0 0	0 0	0 0	
16 1	59 1	77 1	298 2	331 2	0 0	0 0	
60 1	78 1	185 2	299 2	332 2	0 0	0 0	
1 1	61 1	79 1	300 2	333 2	0 0	0 0	
2 1	62 1	80 1	301 2	334 2	0 0	0 0	
3 1	63 1	81 1	192 2	302 2	0 0	0 0	
64 1	82 1	193 2	303 2	335 2	0 0	0 0	
65 1	83 1	194 2	304 2	336 2	0 0	0 0	
66 1	84 1	305 2	337 2	0 0	0 0	0 0	
67 1	85 1	195 2	306 2	338 2	0 0	0 0	
68 1	86 1	196 2	307 2	0 0	0 0	0 0	
17 1	69 1	87 1	197 2	308 2	0 0	0 0	
18 1	70 1	88 1	186 2	309 2	0 0	0 0	
4 1	19 1	71 1	89 1	187 2	310 2	0 0	
20 1	72 1	90 1	188 2	198 2	311 2	0 0	
5 1	73 1	91 1	189 2	199 2	312 2	0 0	
6 1	74 1	92 1	200 2	313 2	0 0	0 0	
75 1	93 1	201 2	314 2	0 0	0 0	0 0	
76 1	94 1	202 2	315 2	0 0	0 0	0 0	
77 1	95 1	203 2	316 2	0 0	0 0	0 0	
78 1	96 1	204 2	317 2	0 0	0 0	0 0	
79 1	97 1	205 2	318 2	0 0	0 0	0 0	
21 1	80 1	98 1	319 2	0 0	0 0	0 0	
22 1	81 1	99 1	190 2	320 2	0 0	0 0	
7 1	82 1	100 1	191 2	321 2	0 0	0 0	
8 1	83 1	101 1	206 2	322 2	0 0	0 0	
9 1	84 1	102 1	207 2	323 2	0 0	0 0	
10 1	85 1	103 1	208 2	324 2	0 0	0 0	
86 1	104 1	209 2	325 2	0 0	0 0	0 0	
87 1	105 1	170 2	210 2	0 0	0 0	0 0	
88 1	106 1	171 2	211 2	0 0	0 0	0 0	
89 1	107 1	172 2	212 2	0 0	0 0	0 0	
90 1	108 1	213 2	326 2	0 0	0 0	0 0	
23 1	91 1	109 1	214 2	0 0	0 0	0 0	
24 1	92 1	110 1	192 2	215 2	0 0	0 0	
25 1	93 1	111 1	193 2	216 2	327 2	0 0	
11 1	94 1	112 1	194 2	217 2	328 2	0 0	
12 1	26 1	95 1	113 1	218 2	329 2	0 0	
13 1	27 1	96 1	114 1	195 2	219 2	330 2	
14 1	28 1	97 1	115 1	173 2	196 2	220 2	
15 1	98 1	116 1	197 2	221 2	331 2	0 0	
99 1	117 1	174 2	222 2	332 2	0 0	0 0	
29 1	100 1	118 1	175 2	223 2	333 2	0 0	
30 1	101 1	119 1	198 2	224 2	334 2	0 0	
31 1	102 1	120 1	199 2	225 2	0 0	0 0	
32 1	103 1	121 1	200 2	226 2	335 2	0 0	
33 1	104 1	122 1	201 2	227 2	336 2	0 0	
34 1	105 1	123 1	202 2	228 2	337 2	0 0	
16 1	35 1	106 1	124 1	203 2	229 2	338 2	
36 1	107 1	125 1	204 2	230 2	0 0	0 0	
108 1	126 1	176 2	205 2	231 2	0 0	0 0	
109 1	127 1	177 2	232 2	0 0	0 0	0 0	
110 1	128 1	178 2	233 2	0 0	0 0	0 0	
37 1	111 1	129 1	179 2	234 2	0 0	0 0	
38 1	112 1	130 1	206 2	235 2	0 0	0 0	
39 1	113 1	131 1	207 2	236 2	0 0	0 0	
40 1	114 1	132 1	208 2	237 2	0 0	0 0	
41 1	115 1	133 1	209 2	238 2	0 0	0 0	
17 1	42 1	116 1	134 1	210 2	239 2	0 0	
18 1	43 1	117 1	135 1	211 2	240 2	0 0	
19 1	44 1	118 1	136 1	212 2	241 2	0 0	
20 1	45 1	119 1	137 1	213 2	242 2	0 0	
46 1	120 1	138 1	180 2	214 2	243 2	0 0	
47 1	121 1	139 1	181 2	215 2	244 2	0 0	
48 1	122 1	140 1	182 2	216 2	245 2	0 0	
49 1	123 1	141 1	183 2	217 2	246 2	0 0	
50 1	124 1	142 1	184 2	218 2	247 2	0 0	
51 1	125 1	143 1	219 2	248 2	0 0	0 0	
52 1	126 1	144 1	170 2	220 2	249 2	0 0	
21 1	53 1	127 1	145 1	171 2	221 2	250 2	
22 1	54 1	128 1	146 1	172 2	222 2	251 2	
55 1	129 1	147 1	223 2	252 2	0 0	0 0	
56 1	130 1	148 1	224 2	253 2	0 0	0 0	
57 1	131 1	149 1	225 2	254 2	0 0	0 0	
58 1	132 1	150 1	185 2	226 2	255 2	0 0	
59 1	133 1	151 1	227 2	256 2	0 0	0 0	
60 1	134 1	152 1	228 2	257 2	0 0	0 0	
61 1	135 1	153 1	229 2	258 2	0 0	0 0	
62 1	136 1	154 1	173 2	230 2	259 2	0 0	
63 1	137 1	155 1	231 2	260 2	0 0	0 0	
23 1	64 1	138 1	156 1	174 2	232 2	261 2	
24 1	65 1	139 1	175 2	233 2	262 2	0 0	
25 1	66 1	140 1	234 2	263 2	0 0	0 0	
67 1	141 1	235 2	264 2	0 0	0 0	0 0	
26 1	68 1	142 1	157 1	186 2	236 2	265 2	
27 1	69 1	143 1	187 2	237 2	266 2	0 0	
28 1	70 1	144 1	188 2	238 2	267 2	0 0	
71 1	145 1	158 1	189 2	239 2	268 2	0 0	
72 1	146 1	159 1	240 2	269 2	0 0	0 0	
29 1	73 1	147 1	160 1	176 2	241 2	270 2	
30 1	74 1	148 1	161 1	177 2	242 2	271 2	
31 1	75 1	149 1	178 2	243 2	272 2	0 0	
32 1	76 1	150 1	162 1	179 2	244 2	273 2	
33 1	77 1	151 1	163 1	245 2	274 2	0 0	
34 1	78 1	152 1	164 1	246 2	275 2	0 0	
35 1	79 1	153 1	165 1	190 2	247 2	276 2	
36 1	80 1	154 1	191 2	248 2	277 2	0 0	
81 1	155 1	166 1	249 2	278 2	0 0	0 0	
82 1	156 1	167 1	250 2	279 2	0 0	0 0	
83 1	168 1	251 2	280 2	0 0	0 0	0 0	
37 1	84 1	169 1	252 2	281 2	0 0	0 0	
38 1	85 1	180 2	253 2	282 2	0 0	0 0	
39 1	86 1	157 1	181 2	254 2	283 2	0 0	
40 1	87 1	182 2	255 2	284 2	0 0	0 0	
41 1	88 1	183 2	256 2	285 2	0 0	0 0	
42 1	89 1	158 1	184 2	257 2	286 2	0 0	
43 1	90 1	159 1	192 2	258 2	287 2	0 0	
44 1	91 1	160 1	193 2	259 2	288 2	0 0	
45 1	92 1	161 1	194 2	260 2	289 2	0 0	
46 1	93 1	261 2	290 2	0 0	0 0	0 0	
47 1	94 1	162 1	195 2	262 2	291 2	0 0	
48 1	95 1	163 1	196 2	263 2	292 2	0 0	
49 1	96 1	164 1	197 2	264 2	293 2	0 0	
50 1	97 1	165 1	185 2	265 2	294 2	0 0	
51 1	98 1	266 2	295 2	0 0	0 0	0 0	
52 1	99 1	166 1	198 2	267 2	296 2	0 0	
53 1	100 1	167 1	199 2	268 2	297 2	0 0	
54 1	101 1	168 1	200 2	269 2	298 2	0 0	
55 1	102 1	169 1	201 2	270 2	299 2	0 0	
56 1	103 1	202 2	271 2	300 2	0 0	0 0	
1 1	57 1	104 1	203 2	272 2	301 2	0 0	
2 1	58 1	105 1	204 2	273 2	302 2	0 0	
3 1	59 1	106 1	205 2	274 2	303 2	0 0	
60 1	107 1	186 2	275 2	304 2	0 0	0 0	
61 1	108 1	187 2	276 2	305 2	0 0	0 0	
62 1	109 1	188 2	277 2	306 2	0 0	0 0	
63 1	110 1	189 2	206 2	278 2	307 2	0 0	
64 1	111 1	207 2	279 2	308 2	0 0	0 0	
65 1	112 1	208 2	280 2	309 2	0 0	0 0	
66 1	113 1	209 2	281 2	310 2	0 0	0 0	
4 1	67 1	114 1	210 2	282 2	311 2	0 0	
68 1	115 1	211 2	283 2	312 2	0 0	0 0	
5 1	69 1	116 1	212 2	284 2	313 2	0 0	
6 1	70 1	117 1	213 2	285 2	314 2	0 0	
71 1	118 1	190 2	214 2	286 2	315 2	0 0	
72 1	119 1	191 2	215 2	287 2	316 2	0 0	
73 1	120 1	216 2	288 2	317 2	0 0	0 0	
74 1	121 1	217 2	289 2	318 2	0 0	0 0	
1 1	75 1	122 1	218 2	290 2	319 2	0 0	
2 1	76 1	123 1	219 2	291 2	320 2	0 0	
3 1	77 1	124 1	220 2	292 2	321 2	0 0	
7 1	78 1	125 1	221 2	293 2	322 2	0 0	
8 1	79 1	126 1	222 2	294 2	323 2	0 0	
9 1	80 1	127 1	223 2	295 2	324 2	0 0	
10 1	81 1	128 1	224 2	296 2	325 2	0 0	
82 1	129 1	192 2	225 2	297 2	0 0	0 0	
83 1	130 1	193 2	226 2	298 2	0 0	0 0	
84 1	131 1	194 2	227 2	299 2	0 0	0 0	
4 1	85 1	132 1	228 2	300 2	326 2	0 0	
86 1	133 1	195 2	229 2	301 2	0 0	0 0	
5 1	87 1	134 1	196 2	230 2	302 2	0 0	
6 1	88 1	135 1	197 2	231 2	303 2	327 2	
89 1	136 1	232 2	304 2	328 2	0 0	0 0	
11 1	90 1	137 1	233 2	305 2	329 2	0 0	
12 1	91 1	138 1	198 2	234 2	306 2	330 2	
13 1	92 1	139 1	199 2	235 2	307 2	0 0	
14 1	93 1	140 1	200 2	236 2	308 2	331 2	
15 1	94 1	141 1	201 2	237 2	309 2	332 2	
95 1	142 1	202 2	238 2	310 2	333 2	0 0	
7 1	96 1	143 1	203 2	239 2	311 2	334 2	
8 1	97 1	144 1	204 2	240 2	312 2	0 0	
9 1	98 1	145 1	205 2	241 2	313 2	335 2	
10 1	99 1	146 1	242 2	314 2	336 2	0 0	
100 1	147 1	243 2	315 2	337 2	0 0	0 0	
101 1	148 1	244 2	316 2	338 2	0 0	0 0	
16 1	102 1	149 1	206 2	245 2	317 2	0 0	
103 1	150 1	207 2	246 2	318 2	0 0	0 0	
104 1	151 1	208 2	247 2	319 2	0 0	0 0	
105 1	152 1	209 2	248 2	320 2	0 0	0 0	
22 1	138 1	177 1	249 1	300 1	347 1	464 1	482 1	
23 1	139 1	178 1	250 1	301 1	348 1	465 1	483 1	
24 1	140 1	179 1	251 1	302 1	349 1	466 1	484 1	
3 1	32 1	148 1	187 1	310 1	357 1	474 1	492 1	
5 1	34 1	150 1	189 1	312 1	359 1	476 1	494 1	
6 1	35 1	151 1	190 1	313 1	360 1	477 1	495 1	
14 1	43 1	159 1	198 1	321 1	368 1	485 1	503 1	
15 1	44 1	160 1	199 1	322 1	369 1	486 1	504 1	
16 1	45 1	161 1	200 1	323 1	370 1	487 1	505 1	
17 1	46 1	162 1	201 1	324 1	371 1	488 1	506 1	
26 1	55 1	171 1	210 1	259 1	333 1	380 1	497 1	
27 1	56 1	172 1	211 1	260 1	334 1	381 1	498 1	
28 1	57 1	173 1	212 1	261 1	335 1	382 1	499 1	
29 1	58 1	174 1	213 1	262 1	336 1	383 1	500 1	
30 1	59 1	175 1	214 1	263 1	337 1	384 1	501 1	
38 1	67 1	183 1	222 1	271 1	345 1	392 1	509 1	
48 1	77 1	193 1	232 1	263 1	281 1	355 1	402 1	
49 1	78 1	194 1	233 1	264 1	282 1	356 1	403 1	
50 1	79 1	195 1	234 1	265 1	283 1	357 1	404 1	
51 1	80 1	196 1	235 1	266 1	284 1	358 1	405 1	
59 1	88 1	204 1	243 1	274 1	292 1	366 1	413 1	
60 1	89 1	205 1	244 1	275 1	293 1	367 1	414 1	
70 1	99 1	215 1	254 1	285 1	303 1	377 1	424 1	
71 1	100 1	216 1	255 1	286 1	304 1	378 1	425 1	
72 1	101 1	217 1	256 1	287 1	305 1	379 1	426 1	
2 1	74 1	103 1	219 1	289 1	307 1	381 1	428 1	
3 1	75 1	104 1	220 1	290 1	308 1	382 1	429 1	
4 1	76 1	105 1	221 1	291 1	309 1	383 1	430 1	
7 1	79 1	108 1	224 1	294 1	312 1	386 1	433 1	
8 1	80 1	109 1	225 1	295 1	313 1	387 1	434 1	
9 1	81 1	110 1	226 1	296 1	314 1	388 1	435 1	
10 1	82 1	111 1	227 1	297 1	315 1	389 1	436 1	
11 1	83 1	112 1	228 1	298 1	316 1	390 1	437 1	
12 1	84 1	113 1	229 1	299 1	317 1	391 1	438 1	
13 1	85 1	114 1	230 1	300 1	318 1	392 1	439 1	
14 1	86 1	115 1	231 1	301 1	319 1	393 1	440 1	
18 1	90 1	119 1	235 1	305 1	323 1	397 1	444 1	
19 1	91 1	120 1	236 1	306 1	324 1	398 1	445 1	
20 1	92 1	121 1	237 1	307 1	325 1	399 1	446 1	
21 1	93 1	122 1	238 1	308 1	326 1	400 1	447 1	
22 1	94 1	123 1	239 1	309 1	327 1	401 1	448 1	
23 1	95 1	124 1	240 1	310 1	328 1	402 1	449 1	
24 1	96 1	125 1	241 1	311 1	329 1	403 1	450 1	
25 1	97 1	126 1	242 1	312 1	330 1	404 1	451 1	
26 1	98 1	127 1	243 1	313 1	331 1	405 1	452 1	
27 1	99 1	128 1	244 1	314 1	332 1	406 1	453 1	
28 1	100 1	129 1	245 1	315 1	333 1	407 1	454 1	
29 1	101 1	130 1	246 1	316 1	334 1	408 1	455 1	
30 1	102 1	131 1	247 1	317 1	335 1	409 1	456 1	
31 1	103 1	132 1	248 1	318 1	336 1	410 1	457 1	
32 1	104 1	133 1	249 1	319 1	337 1	411 1	458 1	
33 1	105 1	134 1	250 1	320 1	338 1	412 1	459 1	
34 1	106 1	135 1	251 1	321 1	339 1	413 1	460 1	
35 1	107 1	136 1	252 1	322 1	340 1	414 1	461 1	
36 1	108 1	137 1	253 1	323 1	341 1	415 1	462 1	
37 1	109 1	138 1	254 1	324 1	342 1	416 1	463 1	
38 1	110 1	139 1	255 1	325 1	343 1	417 1	464 1	
39 1	111 1	140 1	256 1	326 1	344 1	418 1	465 1	
1 1	40 1	112 1	141 1	327 1	345 1	419 1	466 1	
2 1	41 1	113 1	142 1	328 1	346 1	420 1	467 1	
3 1	42 1	114 1	143 1	329 1	347 1	421 1	468 1	
4 1	43 1	115 1	144 1	330 1	348 1	422 1	469 1	
5 1	44 1	116 1	145 1	331 1	349 1	423 1	470 1	
6 1	45 1	117 1	146 1	332 1	350 1	424 1	471 1	
7 1	46 1	118 1	147 1	333 1	351 1	425 1	472 1	
8 1	47 1	119 1	148 1	334 1	352 1	426 1	473 1	
9 1	48 1	120 1	149 1	335 1	353 1	427 1	474 1	
10 1	49 1	121 1	150 1	336 1	354 1	428 1	475 1	
11 1	50 1	122 1	151 1	337 1	355 1	429 1	476 1	
12 1	51 1	123 1	152 1	338 1	356 1	430 1	477 1	
13 1	52 1	124 1	153 1	339 1	357 1	431 1	478 1	
14 1	53 1	125 1	154 1	340 1	358 1	432 1	479 1	
15 1	54 1	126 1	155 1	341 1	359 1	433 1	480 1	
16 1	55 1	127 1	156 1	342 1	360 1	434 1	481 1	
17 1	56 1	128 1	157 1	343 1	361 1	435 1	482 1	
18 1	57 1	129 1	158 1	344 1	362 1	436 1	483 1	
19 1	58 1	130 1	159 1	345 1	363 1	437 1	484 1	
20 1	59 1	131 1	160 1	346 1	364 1	438 1	485 1	
21 1	60 1	132 1	161 1	347 1	365 1	439 1	486 1	
22 1	61 1	133 1	162 1	348 1	366 1	440 1	487 1	
23 1	62 1	134 1	163 1	349 1	367 1	441 1	488 1	
24 1	63 1	135 1	164 1	350 1	368 1	442 1	489 1	
25 1	64 1	136 1	165 1	351 1	369 1	443 1	490 1	
26 1	65 1	137 1	166 1	352 1	370 1	444 1	491 1	
27 1	66 1	138 1	167 1	353 1	371 1	445 1	492 1	
28 1	67 1	139 1	168 1	354 1	372 1	446 1	493 1	
29 1	68 1	140 1	169 1	355 1	373 1	447 1	494 1	
30 1	69 1	141 1	170 1	356 1	374 1	448 1	495 1	
31 1	70 1	142 1	171 1	357 1	375 1	449 1	496 1	
32 1	71 1	143 1	172 1	358 1	376 1	450 1	497 1	
33 1	72 1	144 1	173 1	359 1	377 1	451 1	498 1	
34 1	73 1	145 1	174 1	360 1	378 1	452 1	499 1	
35 1	74 1	146 1	175 1	361 1	379 1	453 1	500 1	
36 1	75 1	147 1	176 1	362 1	380 1	454 1	501 1	
37 1	76 1	148 1	177 1	363 1	381 1	455 1	502 1	
38 1	77 1	149 1	178 1	364 1	382 1	456 1	503 1	
39 1	78 1	150 1	179 1	365 1	383 1	457 1	504 1	
40 1	79 1	151 1	180 1	366 1	384 1	458 1	505 1	
41 1	80 1	152 1	181 1	367 1	385 1	459 1	506 1	
42 1	81 1	153 1	182 1	368 1	386 1	460 1	507 1	
43 1	82 1	154 1	183 1	369 1	387 1	461 1	508 1	
44 1	83 1	155 1	184 1	370 1	388 1	462 1	509 1	
45 1	84 1	156 1	185 1	371 1	389 1	463 1	510 1	
46 1	85 1	157 1	186 1	372 1	390 1	464 1	511 1	
47 1	86 1	158 1	187 1	373 1	391 1	465 1	512 1	
48 1	87 1	159 1	188 1	257 1	374 1	392 1	466 1	
49 1	88 1	160 1	189 1	258 1	375 1	393 1	467 1	
50 1	89 1	161 1	190 1	259 1	376 1	394 1	468 1	
51 1	90 1	162 1	191 1	260 1	377 1	395 1	469 1	
52 1	91 1	163 1	192 1	261 1	378 1	396 1	470 1	
53 1	92 1	164 1	193 1	262 1	379 1	397 1	471 1	
54 1	93 1	165 1	194 1	263 1	380 1	398 1	472 1	
55 1	94 1	166 1	195 1	264 1	381 1	399 1	473 1	
56 1	95 1	167 1	196 1	265 1	382 1	400 1	474 1	
57 1	96 1	168 1	197 1	266 1	383 1	401 1	475 1	
58 1	97 1	169 1	198 1	267 1	384 1	402 1	476 1	
59 1	98 1	170 1	199 1	268 1	385 1	403 1	477 1	
60 1	99 1	171 1	200 1	269 1	386 1	404 1	478 1	
61 1	100 1	172 1	201 1	270 1	387 1	405 1	479 1	
62 1	101 1	173 1	202 1	271 1	388 1	406 1	480 1	
63 1	102 1	174 1	203 1	272 1	389 1	407 1	481 1	
64 1	103 1	175 1	204 1	273 1	390 1	408 1	482 1	
65 1	104 1	176 1	205 1	274 1	391 1	409 1	483 1	
66 1	105 1	177 1	206 1	275 1	392 1	410 1	484 1	
67 1	106 1	178 1	207 1	276 1	393 1	411 1	485 1	
68 1	107 1	179 1	208 1	277 1	394 1	412 1	486 1	
69 1	108 1	180 1	209 1	278 1	395 1	413 1	487 1	
70 1	109 1	181 1	210 1	279 1	396 1	414 1	488 1	
71 1	110 1	182 1	211 1	280 1	397 1	415 1	489 1	
72 1	111 1	183 1	212 1	281 1	398 1	416 1	490 1	
73 1	112 1	184 1	213 1	282 1	399 1	417 1	491 1	
74 1	113 1	185 1	214 1	283 1	400 1	418 1	492 1	
75 1	114 1	186 1	215 1	284 1	401 1	419 1	493 1	
76 1	115 1	187 1	216 1	285 1	402 1	420 1	494 1	
77 1	116 1	188 1	217 1	286 1	403 1	421 1	495 1	
78 1	117 1	189 1	218 1	287 1	404 1	422 1	496 1	
79 1	118 1	190 1	219 1	288 1	405 1	423 1	497 1	
80 1	119 1	191 1	220 1	289 1	406 1	424 1	498 1	
81 1	120 1	192 1	221 1	290 1	407 1	425 1	499 1	
82 1	121 1	193 1	222 1	291 1	408 1	426 1	500 1	
83 1	122 1	194 1	223 1	292 1	409 1	427 1	501 1	
84 1	123 1	195 1	224 1	293 1	410 1	428 1	502 1	
85 1	124 1	196 1	225 1	294 1	411 1	429 1	503 1	
86 1	125 1	197 1	226 1	295 1	412 1	430 1	504 1	
87 1	126 1	198 1	227 1	296 1	413 1	431 1	505 1	
88 1	127 1	199 1	228 1	297 1	414 1	432 1	506 1	
89 1	128 1	200 1	229 1	298 1	415 1	433 1	507 1	
90 1	129 1	201 1	230 1	299 1	416 1	434 1	508 1	
91 1	130 1	202 1	231 1	300 1	417 1	435 1	509 1	
92 1	131 1	203 1	232 1	301 1	418 1	436 1	510 1	
93 1	132 1	204 1	233 1	302 1	419 1	437 1	511 1	
94 1	133 1	205 1	234 1	303 1	420 1	438 1	512 1	
95 1	134 1	206 1	235 1	257 1	304 1	421 1	439 1	
96 1	135 1	207 1	236 1	258 1	305 1	422 1	440 1	
97 1	136 1	208 1	237 1	259 1	306 1	423 1	441 1	
98 1	137 1	209 1	238 1	260 1	307 1	424 1	442 1	
102 1	141 1	213 1	242 1	264 1	311 1	428 1	446 1	
105 1	144 1	216 1	245 1	267 1	314 1	431 1	449 1	
106 1	145 1	217 1	246 1	268 1	315 1	432 1	450 1	
107 1	146 1	218 1	247 1	269 1	316 1	433 1	451 1	
108 1	147 1	219 1	248 1	270 1	317 1	434 1	452 1	
110 1	149 1	221 1	250 1	272 1	319 1	436 1	454 1	
111 1	150 1	222 1	251 1	273 1	320 1	437 1	455 1	
112 1	151 1	223 1	252 1	274 1	321 1	438 1	456 1	
113 1	152 1	224 1	253 1	275 1	322 1	439 1	457 1	
115 1	154 1	226 1	255 1	277 1	324 1	441 1	459 1	
116 1	155 1	227 1	256 1	278 1	325 1	442 1	460 1	
1 1	117 1	156 1	228 1	279 1	326 1	443 1	461 1	
2 1	118 1	157 1	229 1	280 1	327 1	444 1	462 1	
68 2	86 2	203 2	250 2	272 2	301 2	373 2	412 2	
69 2	87 2	204 2	251 2	273 2	302 2	374 2	413 2	
70 2	88 2	205 2	252 2	274 2	303 2	375 2	414 2	
4 2	78 2	96 2	213 2	282 2	311 2	383 2	422 2	
6 2	80 2	98 2	215 2	284 2	313 2	385 2	424 2	
7 2	81 2	99 2	216 2	285 2	314 2	386 2	425 2	
15 2	89 2	107 2	224 2	293 2	322 2	394 2	433 2	
16 2	90 2	108 2	225 2	294 2	323 2	395 2	434 2	
17 2	91 2	109 2	226 2	295 2	324 2	396 2	435 2	
18 2	92 2	110 2	227 2	296 2	325 2	397 2	436 2	
27 2	101 2	119 2	236 2	305 2	334 2	406 2	445 2	
28 2	102 2	120 2	237 2	306 2	335 2	407 2	446 2	
29 2	103 2	121 2	238 2	307 2	336 2	408 2	447 2	
30 2	104 2	122 2	239 2	308 2	337 2	409 2	448 2	
31 2	105 2	123 2	240 2	309 2	338 2	410 2	449 2	
39 2	113 2	131 2	248 2	317 2	346 2	418 2	457 2	
2 2	49 2	123 2	141 2	327 2	356 2	428 2	467 2	
3 2	50 2	124 2	142 2	328 2	357 2	429 2	468 2	
4 2	51 2	125 2	143 2	329 2	358 2	430 2	469 2	
5 2	52 2	126 2	144 2	330 2	359 2	431 2	470 2	
13 2	60 2	134 2	152 2	338 2	367 2	439 2	478 2	
14 2	61 2	135 2	153 2	339 2	368 2	440 2	479 2	
24 2	71 2	145 2	163 2	349 2	378 2	450 2	489 2	
25 2	72 2	146 2	164 2	350 2	379 2	451 2	490 2	
26 2	73 2	147 2	165 2	351 2	380 2	452 2	491 2	
28 2	75 2	149 2	167 2	353 2	382 2	454 2	493 2	
29 2	76 2	150 2	168 2	354 2	383 2	455 2	494 2	
30 2	77 2	151 2	169 2	355 2	384 2	456 2	495 2	
33 2	80 2	154 2	172 2	358 2	387 2	459 2	498 2	
34 2	81 2	155 2	173 2	359 2	388 2	460 2	499 2	
35 2	82 2	156 2	174 2	360 2	389 2	461 2	500 2	
36 2	83 2	157 2	175 2	361 2	390 2	462 2	501 2	
37 2	84 2	158 2	176 2	362 2	391 2	463 2	502 2	
38 2	85 2	159 2	177 2	363 2	392 2	464 2	503 2	
39 2	86 2	160 2	178 2	364 2	393 2	465 2	504 2	
40 2	87 2	161 2	179 2	365 2	394 2	466 2	505 2	
44 2	91 2	165 2	183 2	369 2	398 2	470 2	509 2	
45 2	92 2	166 2	184 2	370 2	399 2	471 2	510 2	
46 2	93 2	167 2	185 2	371 2	400 2	472 2	511 2	
47 2	94 2	168 2	186 2	372 2	401 2	473 2	512 2	
48 2	95 2	169 2	187 2	257 2	373 2	402 2	474 2	
49 2	96 2	170 2	188 2	258 2	374 2	403 2	475 2	
50 2	97 2	171 2	189 2	259 2	375 2	404 2	476 2	
51 2	98 2	172 2	190 2	260 2	376 2	405 2	477 2	
52 2	99 2	173 2	191 2	261 2	377 2	406 2	478 2	
53 2	100 2	174 2	192 2	262 2	378 2	407 2	479 2	
54 2	101 2	175 2	193 2	263 2	379 2	408 2	480 2	
55 2	102 2	176 2	194 2	264 2	380 2	409 2	481 2	
56 2	103 2	177 2	195 2	265 2	381 2	410 2	482 2	
57 2	104 2	178 2	196 2	266 2	382 2	411 2	483 2	
58 2	105 2	179 2	197 2	267 2	383 2	412 2	484 2	
59 2	106 2	180 2	198 2	268 2	384 2	413 2	485 2	
60 2	107 2	181 2	199 2	269 2	385 2	414 2	486 2	
61 2	108 2	182 2	200 2	270 2	386 2	415 2	487 2	
62 2	109 2	183 2	201 2	271 2	387 2	416 2	488 2	
63 2	110 2	184 2	202 2	272 2	388 2	417 2	489 2	
64 2	111 2	185 2	203 2	273 2	389 2	418 2	490 2	
65 2	112 2	186 2	204 2	274 2	390 2	419 2	491 2	
66 2	113 2	187 2	205 2	275 2	391 2	420 2	492 2	
67 2	114 2	188 2	206 2	276 2	392 2	421 2	493 2	
68 2	115 2	189 2	207 2	277 2	393 2	422 2	494 2	
69 2	116 2	190 2	208 2	278 2	394 2	423 2	495 2	
70 2	117 2	191 2	209 2	279 2	395 2	424 2	496 2	
71 2	118 2	192 2	210 2	280 2	396 2	425 2	497 2	
72 2	119 2	193 2	211 2	281 2	397 2	426 2	498 2	
73 2	120 2	194 2	212 2	282 2	398 2	427 2	499 2	
74 2	121 2	195 2	213 2	283 2	399 2	428 2	500 2	
75 2	122 2	196 2	214 2	284 2	400 2	429 2	501 2	
76 2	123 2	197 2	215 2	285 2	401 2	430 2	502 2	
77 2	124 2	198 2	216 2	286 2	402 2	431 2	503 2	
78 2	125 2	199 2	217 2	287 2	403 2	432 2	504 2	
79 2	126 2	200 2	218 2	288 2	404 2	433 2	505 2	
80 2	127 2	201 2	219 2	289 2	405 2	434 2	506 2	
81 2	128 2	202 2	220 2	290 2	406 2	435 2	507 2	
82 2	129 2	203 2	221 2	291 2	407 2	436 2	508 2	
83 2	130 2	204 2	222 2	292 2	408 2	437 2	509 2	
84 2	131 2	205 2	223 2	293 2	409 2	438 2	510 2	
85 2	132 2	206 2	224 2	294 2	410 2	439 2	511 2	
86 2	133 2	207 2	225 2	295 2	411 2	440 2	512 2	
87 2	134 2	208 2	226 2	257 2	296 2	412 2	441 2	
88 2	135 2	209 2	227 2	258 2	297 2	413 2	442 2	
89 2	136 2	210 2	228 2	259 2	298 2	414 2	443 2	
90 2	137 2	211 2	229 2	260 2	299 2	415 2	444 2	
91 2	138 2	212 2	230 2	261 2	300 2	416 2	445 2	
92 2	139 2	213 2	231 2	262 2	301 2	417 2	446 2	
93 2	140 2	214 2	232 2	263 2	302 2	418 2	447 2	
94 2	141 2	215 2	233 2	264 2	303 2	419 2	448 2	
95 2	142 2	216 2	234 2	265 2	304 2	420 2	449 2	
96 2	143 2	217 2	235 2	266 2	305 2	421 2	450 2	
97 2	144 2	218 2	236 2	267 2	306 2	422 2	451 2	
98 2	145 2	219 2	237 2	268 2	307 2	423 2	452 2	
99 2	146 2	220 2	238 2	269 2	308 2	424 2	453 2	
100 2	147 2	221 2	239 2	270 2	309 2	425 2	454 2	
101 2	148 2	222 2	240 2	271 2	310 2	426 2	455 2	
102 2	149 2	223 2	241 2	272 2	311 2	427 2	456 2	
103 2	150 2	224 2	242 2	273 2	312 2	428 2	457 2	
104 2	151 2	225 2	243 2	274 2	313 2	429 2	458 2	
105 2	152 2	226 2	244 2	275 2	314 2	430 2	459 2	
106 2	153 2	227 2	245 2	276 2	315 2	431 2	460 2	
107 2	154 2	228 2	246 2	277 2	316 2	432 2	461 2	
108 2	155 2	229 2	247 2	278 2	317 2	433 2	462 2	
109 2	156 2	230 2	248 2	279 2	318 2	434 2	463 2	
110 2	157 2	231 2	249 2	280 2	319 2	435 2	464 2	
111 2	158 2	232 2	250 2	281 2	320 2	436 2	465 2	
112 2	159 2	233 2	251 2	282 2	321 2	437 2	466 2	
113 2	160 2	234 2	252 2	283 2	322 2	438 2	467 2	
114 2	161 2	235 2	253 2	284 2	323 2	439 2	468 2	
115 2	162 2	236 2	254 2	285 2	324 2	440 2	469 2	
116 2	163 2	237 2	255 2	286 2	325 2	441 2	470 2	
117 2	164 2	238 2	256 2	287 2	326 2	442 2	471 2	
1 2	118 2	165 2	239 2	288 2	327 2	443 2	472 2	
2 2	119 2	166 2	240 2	289 2	328 2	444 2	473 2	
3 2	120 2	167 2	241 2	290 2	329 2	445 2	474 2	
4 2	121 2	168 2	242 2	291 2	330 2	446 2	475 2	
5 2	122 2	169 2	243 2	292 2	331 2	447 2	476 2	
6 2	123 2	170 2	244 2	293 2	332 2	448 2	477 2	
7 2	124 2	171 2	245 2	294 2	333 2	449 2	478 2	
8 2	125 2	172 2	246 2	295 2	334 2	450 2	479 2	
9 2	126 2	173 2	247 2	296 2	335 2	451 2	480 2	
10 2	127 2	174 2	248 2	297 2	336 2	452 2	481 2	
11 2	128 2	175 2	249 2	298 2	337 2	453 2	482 2	
12 2	129 2	176 2	250 2	299 2	338 2	454 2	483 2	
13 2	130 2	177 2	251 2	300 2	339 2	455 2	484 2	
14 2	131 2	178 2	252 2	301 2	340 2	456 2	485 2	
15 2	132 2	179 2	253 2	302 2	341 2	457 2	486 2	
16 2	133 2	180 2	254 2	303 2	342 2	458 2	487 2	
17 2	134 2	181 2	255 2	304 2	343 2	459 2	488 2	
18 2	135 2	182 2	256 2	305 2	344 2	460 2	489 2	
1 2	19 2	136 2	183 2	306 2	345 2	461 2	490 2	
2 2	20 2	137 2	184 2	307 2	346 2	462 2	491 2	
3 2	21 2	138 2	185 2	308 2	347 2	463 2	492 2	
4 2	22 2	139 2	186 2	309 2	348 2	464 2	493 2	
5 2	23 2	140 2	187 2	310 2	349 2	465 2	494 2	
6 2	24 2	141 2	188 2	311 2	350 2	466 2	495 2	
7 2	25 2	142 2	189 2	312 2	351 2	467 2	496 2	
8 2	26 2	143 2	190 2	313 2	352 2	468 2	497 2	
9 2	27 2	144 2	191 2	314 2	353 2	469 2	498 2	
10 2	28 2	145 2	192 2	315 2	354 2	470 2	499 2	
11 2	29 2	146 2	193 2	316 2	355 2	471 2	500 2	
12 2	30 2	147 2	194 2	317 2	356 2	472 2	501 2	
13 2	31 2	148 2	195 2	318 2	357 2	473 2	502 2	
14 2	32 2	149 2	196 2	319 2	358 2	474 2	503 2	
15 2	33 2	150 2	197 2	320 2	359 2	475 2	504 2	
16 2	34 2	151 2	198 2	321 2	360 2	476 2	505 2	
17 2	35 2	152 2	199 2	322 2	361 2	477 2	506 2	
18 2	36 2	153 2	200 2	323 2	362 2	478 2	507 2	
19 2	37 2	154 2	201 2	324 2	363 2	479 2	508 2	
20 2	38 2	155 2	202 2	325 2	364 2	480 2	509 2	
21 2	39 2	156 2	203 2	326 2	365 2	481 2	510 2	
22 2	40 2	157 2	204 2	327 2	366 2	482 2	511 2	
23 2	41 2	158 2	205 2	328 2	367 2	483 2	512 2	
24 2	42 2	159 2	206 2	257 2	329 2	368 2	484 2	
25 2	43 2	160 2	207 2	258 2	330 2	369 2	485 2	
26 2	44 2	161 2	208 2	259 2	331 2	370 2	486 2	
27 2	45 2	162 2	209 2	260 2	332 2	371 2	487 2	
28 2	46 2	163 2	210 2	261 2	333 2	372 2	488 2	
32 2	50 2	167 2	214 2	265 2	337 2	376 2	492 2	
35 2	53 2	170 2	217 2	268 2	340 2	379 2	495 2	
36 2	54 2	171 2	218 2	269 2	341 2	380 2	496 2	
37 2	55 2	172 2	219 2	270 2	342 2	381 2	497 2	
38 2	56 2	173 2	220 2	271 2	343 2	382 2	498 2	
40 2	58 2	175 2	222 2	273 2	345 2	384 2	500 2	
41 2	59 2	176 2	223 2	274 2	346 2	385 2	501 2	
42 2	60 2	177 2	224 2	275 2	347 2	386 2	502 2	
43 2	61 2	178 2	225 2	276 2	348 2	387 2	503 2	
45 2	63 2	180 2	227 2	278 2	350 2	389 2	505 2	
46 2	64 2	181 2	228 2	279 2	351 2	390 2	506 2	
47 2	65 2	182 2	229 2	280 2	352 2	391 2	507 2	
48 2	66 2	183 2	230 2	281 2	353 2	392 2	508 2	
