512 338
9 10
8 8 7 6 7 5 6 6 7 8 6 6 6 6 8 6 5 6 6 6 5 6 6 6 6 6 6 8 7 7 6 7 6 5 5 7 6 6 7 7 7 6 7 7 7 8 7 6 7 8 8 7 6 6 7 8 5 7 8 6 6 7 6 7 7 7 7 7 7 7 6 8 7 6 8 7 7 7 7 7 8 7 7 7 7 8 7 5 8 5 6 7 7 7 8 7 7 6 7 7 6 7 8 7 8 7 7 8 7 7 8 8 7 8 7 7 8 7 8 7 7 8 7 5 6 6 6 7 7 8 8 6 7 7 7 7 8 8 8 7 7 7 5 7 6 6 6 7 7 8 7 7 8 7 7 7 6 7 6 6 5 5 6 7 7 6 7 8 7 8 6 8 7 7 8 6 7 6 5 7 6 6 6 6 6 7 8 8 7 7 7 6 5 6 5 7 6 5 6 6 6 7 5 8 7 6 8 6 6 5 5 6 6 6 6 6 6 6 4 6 7 6 7 7 7 5 8 6 6 6 5 6 6 6 6 7 5 5 7 7 5 6 6 8 6 4 6 6 7 5 7 7 7 6 6 4 7 7 8 7 7 6 6 5 7 6 6 6 8 8 7 7 8 8 8 7 7 6 7 7 4 6 6 7 7 5 8 8 7 8 6 7 8 7 8 8 8 6 7 6 8 7 7 7 6 9 8 7 7 8 8 7 6 7 8 7 6 7 7 7 6 8 7 7 6 7 6 8 6 8 8 7 8 6 6 7 7 7 7 7 7 7 8 7 7 7 8 7 7 7 6 7 7 7 7 7 6 6 8 6 6 8 7 7 7 5 8 8 6 7 7 6 7 6 7 6 6 8 7 7 8 6 7 6 6 6 7 5 7 6 6 6 6 7 8 5 7 7 5 7 6 6 6 6 6 7 7 6 6 6 6 6 5 7 7 5 7 6 6 6 5 6 7 7 8 6 6 7 5 7 8 7 6 6 5 5 7 7 6 6 6 6 5 6 5 6 6 6 5 8 7 6 5 6 6 5 6 7 7 7 7 6 5 6 6 5 6 7 6 4 5 6 6 7 5 8 8 7 6 6 7 5 6 6 6 7 7 7 6 7 7 8 7 8 8 8 6 6 6 5 5 6 5 7 6 5 7 7 7 7 7 6 
10 10 10 10 10 10 10 10 10 10 10 10 10 10 10 10 10 10 10 10 10 10 10 10 10 10 10 10 10 10 10 10 10 10 10 10 10 10 10 10 10 10 10 10 10 10 10 10 10 10 10 10 10 10 10 10 10 10 10 10 10 10 10 10 10 10 10 10 10 10 10 10 10 10 10 10 10 10 10 10 10 10 10 10 10 10 10 10 10 10 10 10 10 10 10 10 10 10 10 10 10 10 10 10 10 10 10 10 10 10 10 10 10 10 10 10 10 10 10 10 10 10 10 10 10 10 10 10 10 10 10 10 10 10 10 10 10 10 10 10 10 10 10 10 10 10 10 10 10 10 10 10 10 10 10 10 10 10 10 10 10 10 10 10 10 10 10 10 10 10 10 10 10 10 10 10 10 10 10 10 10 10 10 10 10 10 10 10 10 10 10 10 10 10 10 10 10 10 10 10 10 10 10 10 10 10 10 10 10 10 10 10 10 10 10 10 10 10 10 10 10 10 10 10 10 10 10 10 10 10 10 10 10 10 10 10 10 10 10 10 10 10 10 10 10 10 10 10 10 10 10 10 10 10 10 10 10 10 10 10 10 10 10 10 10 10 10 10 10 10 10 10 10 10 10 10 10 10 10 10 10 10 10 10 10 10 10 10 10 10 10 10 10 10 10 10 10 10 10 10 10 10 10 10 10 10 10 10 10 10 10 10 10 10 10 10 10 10 10 10 10 10 10 10 10 10 10 10 10 10 10 10 10 10 10 10 10 10 
19 1	66 1	70 1	155 1	208 2	218 2	278 2	284 2	0 0	
20 1	67 1	71 1	156 1	209 2	219 2	279 2	285 2	0 0	
21 1	72 1	157 1	210 2	220 2	280 2	286 2	0 0	0 0	
22 1	73 1	158 1	221 2	281 2	287 2	0 0	0 0	0 0	
23 1	74 1	159 1	202 2	222 2	282 2	288 2	0 0	0 0	
59 1	75 1	160 1	223 2	283 2	0 0	0 0	0 0	0 0	
60 1	76 1	161 1	224 2	284 2	289 2	0 0	0 0	0 0	
61 1	77 1	162 1	203 2	225 2	285 2	0 0	0 0	0 0	
62 1	68 1	78 1	163 1	226 2	286 2	290 2	0 0	0 0	
63 1	69 1	79 1	164 1	204 2	227 2	287 2	291 2	0 0	
64 1	70 1	165 1	205 2	288 2	292 2	0 0	0 0	0 0	
24 1	65 1	71 1	166 1	206 2	293 2	0 0	0 0	0 0	
25 1	72 1	167 1	207 2	289 2	294 2	0 0	0 0	0 0	
66 1	73 1	168 1	208 2	211 2	295 2	0 0	0 0	0 0	
26 1	67 1	74 1	169 1	209 2	212 2	290 2	296 2	0 0	
27 1	75 1	210 2	213 2	291 2	297 2	0 0	0 0	0 0	
28 1	76 1	214 2	292 2	298 2	0 0	0 0	0 0	0 0	
29 1	77 1	80 1	215 2	293 2	299 2	0 0	0 0	0 0	
30 1	78 1	81 1	216 2	294 2	300 2	0 0	0 0	0 0	
31 1	79 1	82 1	228 2	295 2	301 2	0 0	0 0	0 0	
32 1	83 1	229 2	296 2	302 2	0 0	0 0	0 0	0 0	
1 1	68 1	84 1	230 2	297 2	303 2	0 0	0 0	0 0	
2 1	69 1	85 1	231 2	298 2	304 2	0 0	0 0	0 0	
3 1	70 1	86 1	232 2	299 2	305 2	0 0	0 0	0 0	
4 1	71 1	87 1	233 2	300 2	306 2	0 0	0 0	0 0	
5 1	72 1	88 1	234 2	301 2	307 2	0 0	0 0	0 0	
6 1	73 1	89 1	211 2	302 2	308 2	0 0	0 0	0 0	
7 1	74 1	80 1	90 1	212 2	217 2	235 2	303 2	0 0	
8 1	33 1	75 1	81 1	213 2	236 2	304 2	0 0	0 0	
9 1	76 1	82 1	91 1	214 2	305 2	309 2	0 0	0 0	
10 1	77 1	83 1	215 2	218 2	306 2	0 0	0 0	0 0	
11 1	34 1	78 1	84 1	216 2	219 2	307 2	0 0	0 0	
79 1	85 1	92 1	220 2	308 2	310 2	0 0	0 0	0 0	
12 1	35 1	86 1	221 2	311 2	0 0	0 0	0 0	0 0	
36 1	87 1	93 1	222 2	312 2	0 0	0 0	0 0	0 0	
37 1	88 1	94 1	223 2	237 2	309 2	313 2	0 0	0 0	
38 1	89 1	95 1	224 2	238 2	314 2	0 0	0 0	0 0	
39 1	90 1	96 1	225 2	239 2	315 2	0 0	0 0	0 0	
13 1	40 1	97 1	226 2	240 2	310 2	316 2	0 0	0 0	
41 1	91 1	98 1	227 2	241 2	311 2	317 2	0 0	0 0	
14 1	80 1	99 1	217 2	242 2	312 2	318 2	0 0	0 0	
15 1	81 1	100 1	243 2	313 2	319 2	0 0	0 0	0 0	
16 1	82 1	92 1	101 1	244 2	314 2	320 2	0 0	0 0	
17 1	83 1	102 1	218 2	245 2	315 2	321 2	0 0	0 0	
84 1	93 1	103 1	219 2	246 2	316 2	322 2	0 0	0 0	
18 1	85 1	94 1	104 1	220 2	247 2	317 2	323 2	0 0	
19 1	86 1	95 1	105 1	221 2	248 2	318 2	0 0	0 0	
20 1	87 1	96 1	222 2	319 2	324 2	0 0	0 0	0 0	
21 1	88 1	97 1	106 1	223 2	320 2	325 2	0 0	0 0	
22 1	89 1	98 1	107 1	224 2	228 2	321 2	326 2	0 0	
23 1	42 1	90 1	99 1	225 2	229 2	322 2	327 2	0 0	
43 1	100 1	108 1	226 2	230 2	323 2	328 2	0 0	0 0	
44 1	91 1	101 1	227 2	231 2	329 2	0 0	0 0	0 0	
45 1	102 1	109 1	232 2	324 2	330 2	0 0	0 0	0 0	
46 1	103 1	110 1	233 2	249 2	325 2	331 2	0 0	0 0	
47 1	92 1	104 1	111 1	234 2	250 2	326 2	332 2	0 0	
105 1	112 1	251 2	327 2	333 2	0 0	0 0	0 0	0 0	
24 1	93 1	113 1	235 2	252 2	328 2	334 2	0 0	0 0	
25 1	94 1	106 1	114 1	236 2	253 2	329 2	335 2	0 0	
95 1	107 1	115 1	254 2	330 2	336 2	0 0	0 0	0 0	
26 1	96 1	116 1	255 2	331 2	337 2	0 0	0 0	0 0	
27 1	97 1	108 1	117 1	256 2	332 2	338 2	0 0	0 0	
28 1	98 1	118 1	228 2	257 2	333 2	0 0	0 0	0 0	
29 1	99 1	109 1	119 1	229 2	258 2	334 2	0 0	0 0	
30 1	48 1	100 1	110 1	230 2	259 2	335 2	0 0	0 0	
31 1	101 1	111 1	120 1	231 2	237 2	336 2	0 0	0 0	
32 1	102 1	112 1	232 2	238 2	260 2	337 2	0 0	0 0	
49 1	103 1	113 1	121 1	233 2	239 2	338 2	0 0	0 0	
50 1	104 1	114 1	122 1	170 2	234 2	240 2	0 0	0 0	
51 1	105 1	115 1	123 1	171 2	241 2	261 2	0 0	0 0	
52 1	116 1	124 1	172 2	235 2	242 2	0 0	0 0	0 0	
53 1	106 1	117 1	125 1	173 2	236 2	243 2	262 2	0 0	
54 1	107 1	118 1	126 1	174 2	244 2	263 2	0 0	0 0	
55 1	119 1	127 1	175 2	245 2	264 2	0 0	0 0	0 0	
33 1	56 1	108 1	128 1	170 2	176 2	246 2	265 2	0 0	
57 1	120 1	129 1	171 2	177 2	247 2	266 2	0 0	0 0	
58 1	109 1	130 1	172 2	178 2	248 2	267 2	0 0	0 0	
34 1	110 1	121 1	131 1	173 2	179 2	268 2	0 0	0 0	
111 1	122 1	132 1	174 2	180 2	237 2	269 2	0 0	0 0	
35 1	112 1	123 1	133 1	175 2	238 2	270 2	0 0	0 0	
36 1	113 1	124 1	134 1	176 2	181 2	239 2	271 2	0 0	
37 1	114 1	125 1	135 1	177 2	240 2	272 2	0 0	0 0	
38 1	115 1	126 1	136 1	178 2	241 2	273 2	0 0	0 0	
39 1	116 1	127 1	137 1	179 2	242 2	274 2	0 0	0 0	
40 1	117 1	128 1	138 1	180 2	243 2	249 2	0 0	0 0	
41 1	118 1	129 1	139 1	182 2	244 2	250 2	275 2	0 0	
59 1	119 1	130 1	181 2	245 2	251 2	276 2	0 0	0 0	
60 1	131 1	183 2	246 2	252 2	0 0	0 0	0 0	0 0	
61 1	120 1	132 1	140 1	184 2	247 2	253 2	277 2	0 0	
62 1	133 1	185 2	248 2	254 2	0 0	0 0	0 0	0 0	
63 1	121 1	134 1	186 2	255 2	278 2	0 0	0 0	0 0	
64 1	122 1	135 1	141 1	182 2	256 2	279 2	0 0	0 0	
65 1	123 1	136 1	142 1	187 2	257 2	280 2	0 0	0 0	
124 1	137 1	143 1	183 2	188 2	258 2	281 2	0 0	0 0	
66 1	125 1	138 1	144 1	184 2	189 2	259 2	282 2	0 0	
67 1	126 1	139 1	145 1	185 2	190 2	283 2	0 0	0 0	
42 1	127 1	146 1	186 2	191 2	260 2	284 2	0 0	0 0	
43 1	128 1	147 1	192 2	249 2	285 2	0 0	0 0	0 0	
44 1	129 1	140 1	148 1	187 2	250 2	286 2	0 0	0 0	
45 1	130 1	149 1	188 2	251 2	261 2	287 2	0 0	0 0	
46 1	131 1	150 1	189 2	252 2	288 2	0 0	0 0	0 0	
47 1	132 1	141 1	151 1	190 2	253 2	262 2	0 0	0 0	
68 1	133 1	142 1	152 1	191 2	254 2	263 2	289 2	0 0	
69 1	134 1	143 1	153 1	192 2	255 2	264 2	0 0	0 0	
70 1	135 1	144 1	154 1	193 2	256 2	265 2	290 2	0 0	
71 1	136 1	145 1	194 2	257 2	266 2	291 2	0 0	0 0	
72 1	137 1	146 1	155 1	258 2	267 2	292 2	0 0	0 0	
73 1	138 1	147 1	156 1	195 2	259 2	268 2	293 2	0 0	
74 1	139 1	148 1	157 1	196 2	269 2	294 2	0 0	0 0	
75 1	149 1	158 1	197 2	260 2	270 2	295 2	0 0	0 0	
48 1	76 1	150 1	159 1	193 2	198 2	271 2	296 2	0 0	
77 1	140 1	151 1	160 1	194 2	199 2	272 2	297 2	0 0	
78 1	152 1	161 1	200 2	261 2	273 2	298 2	0 0	0 0	
49 1	79 1	153 1	162 1	195 2	201 2	274 2	299 2	0 0	
50 1	141 1	154 1	163 1	196 2	262 2	300 2	0 0	0 0	
51 1	142 1	164 1	197 2	263 2	275 2	301 2	0 0	0 0	
52 1	143 1	155 1	165 1	198 2	264 2	276 2	302 2	0 0	
53 1	144 1	156 1	166 1	199 2	265 2	303 2	0 0	0 0	
54 1	145 1	157 1	167 1	200 2	266 2	277 2	304 2	0 0	
55 1	146 1	158 1	168 1	201 2	267 2	305 2	0 0	0 0	
56 1	147 1	159 1	169 1	268 2	278 2	306 2	0 0	0 0	
57 1	80 1	148 1	160 1	202 2	269 2	279 2	307 2	0 0	
58 1	81 1	149 1	161 1	270 2	280 2	308 2	0 0	0 0	
82 1	150 1	162 1	271 2	281 2	0 0	0 0	0 0	0 0	
83 1	151 1	163 1	203 2	272 2	282 2	0 0	0 0	0 0	
84 1	152 1	164 1	273 2	283 2	309 2	0 0	0 0	0 0	
85 1	153 1	165 1	204 2	274 2	284 2	0 0	0 0	0 0	
1 1	86 1	154 1	166 1	202 2	205 2	285 2	0 0	0 0	
2 1	87 1	167 1	206 2	275 2	286 2	310 2	0 0	0 0	
3 1	88 1	155 1	168 1	207 2	276 2	287 2	311 2	0 0	
4 1	89 1	156 1	169 1	203 2	208 2	288 2	312 2	0 0	
5 1	90 1	157 1	209 2	277 2	313 2	0 0	0 0	0 0	
6 1	59 1	158 1	204 2	210 2	289 2	314 2	0 0	0 0	
7 1	60 1	91 1	159 1	205 2	278 2	315 2	0 0	0 0	
8 1	61 1	160 1	206 2	279 2	290 2	316 2	0 0	0 0	
9 1	62 1	161 1	207 2	280 2	291 2	317 2	0 0	0 0	
10 1	63 1	92 1	162 1	208 2	281 2	292 2	318 2	0 0	
1 1	11 1	64 1	163 1	209 2	282 2	293 2	319 2	0 0	
2 1	65 1	93 1	164 1	210 2	283 2	294 2	320 2	0 0	
3 1	12 1	94 1	165 1	284 2	295 2	321 2	0 0	0 0	
4 1	66 1	95 1	166 1	285 2	296 2	322 2	0 0	0 0	
5 1	67 1	96 1	167 1	286 2	297 2	323 2	0 0	0 0	
6 1	97 1	168 1	287 2	298 2	0 0	0 0	0 0	0 0	
7 1	98 1	169 1	211 2	288 2	299 2	324 2	0 0	0 0	
8 1	13 1	99 1	212 2	300 2	325 2	0 0	0 0	0 0	
9 1	100 1	213 2	289 2	301 2	326 2	0 0	0 0	0 0	
10 1	14 1	101 1	214 2	302 2	327 2	0 0	0 0	0 0	
11 1	15 1	102 1	215 2	290 2	303 2	328 2	0 0	0 0	
16 1	68 1	103 1	216 2	291 2	304 2	329 2	0 0	0 0	
12 1	17 1	69 1	104 1	211 2	292 2	305 2	330 2	0 0	
1 1	70 1	105 1	212 2	293 2	306 2	331 2	0 0	0 0	
2 1	18 1	71 1	213 2	294 2	307 2	332 2	0 0	0 0	
3 1	19 1	72 1	106 1	214 2	295 2	308 2	333 2	0 0	
4 1	20 1	73 1	107 1	215 2	296 2	334 2	0 0	0 0	
5 1	13 1	21 1	74 1	216 2	297 2	335 2	0 0	0 0	
6 1	22 1	75 1	108 1	298 2	309 2	336 2	0 0	0 0	
7 1	14 1	23 1	76 1	299 2	337 2	0 0	0 0	0 0	
8 1	15 1	77 1	109 1	217 2	300 2	338 2	0 0	0 0	
9 1	16 1	78 1	110 1	301 2	310 2	0 0	0 0	0 0	
10 1	17 1	79 1	111 1	302 2	311 2	0 0	0 0	0 0	
11 1	112 1	218 2	303 2	312 2	0 0	0 0	0 0	0 0	
18 1	113 1	219 2	304 2	313 2	0 0	0 0	0 0	0 0	
12 1	19 1	114 1	220 2	305 2	314 2	0 0	0 0	0 0	
20 1	24 1	115 1	217 2	221 2	306 2	315 2	0 0	0 0	
21 1	25 1	116 1	170 2	222 2	307 2	316 2	0 0	0 0	
22 1	117 1	171 2	223 2	308 2	317 2	0 0	0 0	0 0	
23 1	26 1	118 1	172 2	218 2	224 2	318 2	0 0	0 0	
13 1	27 1	80 1	119 1	173 2	219 2	225 2	319 2	0 0	
28 1	81 1	174 2	220 2	226 2	309 2	320 2	0 0	0 0	
14 1	29 1	82 1	120 1	175 2	221 2	227 2	321 2	0 0	
15 1	30 1	83 1	176 2	222 2	322 2	0 0	0 0	0 0	
16 1	31 1	84 1	121 1	177 2	223 2	310 2	323 2	0 0	
17 1	32 1	85 1	122 1	178 2	224 2	311 2	0 0	0 0	
24 1	86 1	123 1	179 2	225 2	312 2	324 2	0 0	0 0	
18 1	25 1	87 1	124 1	180 2	226 2	313 2	325 2	0 0	
19 1	88 1	125 1	227 2	314 2	326 2	0 0	0 0	0 0	
20 1	26 1	89 1	126 1	181 2	315 2	327 2	0 0	0 0	
21 1	27 1	90 1	127 1	316 2	328 2	0 0	0 0	0 0	
22 1	28 1	128 1	317 2	329 2	0 0	0 0	0 0	0 0	
23 1	29 1	91 1	129 1	228 2	318 2	330 2	0 0	0 0	
30 1	33 1	130 1	229 2	319 2	331 2	0 0	0 0	0 0	
31 1	131 1	182 2	230 2	320 2	332 2	0 0	0 0	0 0	
32 1	92 1	132 1	231 2	321 2	333 2	0 0	0 0	0 0	
34 1	133 1	183 2	232 2	322 2	334 2	0 0	0 0	0 0	
93 1	134 1	184 2	233 2	323 2	335 2	0 0	0 0	0 0	
35 1	94 1	135 1	185 2	228 2	234 2	336 2	0 0	0 0	
24 1	36 1	95 1	136 1	186 2	229 2	324 2	337 2	0 0	
25 1	37 1	96 1	137 1	230 2	235 2	325 2	338 2	0 0	
38 1	97 1	138 1	187 2	231 2	236 2	326 2	0 0	0 0	
26 1	39 1	98 1	139 1	188 2	232 2	327 2	0 0	0 0	
27 1	33 1	40 1	99 1	189 2	233 2	328 2	0 0	0 0	
28 1	41 1	100 1	190 2	234 2	329 2	0 0	0 0	0 0	
29 1	101 1	140 1	191 2	330 2	0 0	0 0	0 0	0 0	
30 1	34 1	102 1	192 2	235 2	331 2	0 0	0 0	0 0	
31 1	103 1	170 2	236 2	332 2	0 0	0 0	0 0	0 0	
32 1	35 1	104 1	141 1	171 2	237 2	333 2	0 0	0 0	
36 1	105 1	142 1	172 2	238 2	334 2	0 0	0 0	0 0	
37 1	143 1	173 2	239 2	335 2	0 0	0 0	0 0	0 0	
38 1	106 1	144 1	174 2	240 2	336 2	0 0	0 0	0 0	
39 1	107 1	145 1	175 2	241 2	337 2	0 0	0 0	0 0	
40 1	146 1	176 2	193 2	242 2	338 2	0 0	0 0	0 0	
41 1	108 1	147 1	177 2	194 2	237 2	243 2	0 0	0 0	
42 1	148 1	178 2	238 2	244 2	0 0	0 0	0 0	0 0	
33 1	43 1	109 1	149 1	179 2	195 2	239 2	245 2	0 0	
44 1	110 1	150 1	180 2	196 2	240 2	246 2	0 0	0 0	
45 1	111 1	151 1	197 2	241 2	247 2	0 0	0 0	0 0	
34 1	46 1	112 1	152 1	181 2	198 2	242 2	248 2	0 0	
47 1	113 1	153 1	170 2	199 2	243 2	0 0	0 0	0 0	
35 1	114 1	154 1	171 2	200 2	244 2	0 0	0 0	0 0	
36 1	115 1	172 2	201 2	245 2	0 0	0 0	0 0	0 0	
37 1	116 1	155 1	173 2	246 2	0 0	0 0	0 0	0 0	
38 1	117 1	156 1	174 2	182 2	247 2	0 0	0 0	0 0	
39 1	42 1	118 1	157 1	175 2	248 2	0 0	0 0	0 0	
40 1	43 1	119 1	158 1	176 2	183 2	0 0	0 0	0 0	
41 1	44 1	159 1	177 2	184 2	249 2	0 0	0 0	0 0	
45 1	120 1	160 1	178 2	185 2	250 2	0 0	0 0	0 0	
46 1	48 1	161 1	179 2	186 2	251 2	0 0	0 0	0 0	
47 1	121 1	162 1	180 2	202 2	252 2	0 0	0 0	0 0	
122 1	163 1	187 2	253 2	0 0	0 0	0 0	0 0	0 0	
49 1	123 1	164 1	181 2	188 2	254 2	0 0	0 0	0 0	
50 1	124 1	165 1	189 2	203 2	249 2	255 2	0 0	0 0	
51 1	125 1	166 1	190 2	250 2	256 2	0 0	0 0	0 0	
52 1	126 1	167 1	191 2	204 2	251 2	257 2	0 0	0 0	
53 1	127 1	168 1	192 2	205 2	252 2	258 2	0 0	0 0	
54 1	128 1	169 1	182 2	206 2	253 2	259 2	0 0	0 0	
42 1	55 1	129 1	207 2	254 2	0 0	0 0	0 0	0 0	
43 1	48 1	56 1	130 1	183 2	208 2	255 2	260 2	0 0	
44 1	57 1	131 1	184 2	209 2	256 2	0 0	0 0	0 0	
45 1	58 1	132 1	185 2	210 2	257 2	0 0	0 0	0 0	
46 1	49 1	133 1	186 2	258 2	261 2	0 0	0 0	0 0	
47 1	50 1	134 1	193 2	259 2	0 0	0 0	0 0	0 0	
1 1	51 1	135 1	187 2	194 2	262 2	0 0	0 0	0 0	
2 1	52 1	136 1	188 2	260 2	263 2	0 0	0 0	0 0	
3 1	53 1	137 1	189 2	195 2	264 2	0 0	0 0	0 0	
4 1	54 1	138 1	190 2	196 2	265 2	0 0	0 0	0 0	
5 1	55 1	139 1	191 2	197 2	261 2	266 2	0 0	0 0	
6 1	56 1	192 2	198 2	267 2	0 0	0 0	0 0	0 0	
7 1	57 1	199 2	262 2	268 2	0 0	0 0	0 0	0 0	
8 1	58 1	59 1	140 1	200 2	263 2	269 2	0 0	0 0	
9 1	48 1	60 1	201 2	211 2	264 2	270 2	0 0	0 0	
10 1	61 1	212 2	265 2	271 2	0 0	0 0	0 0	0 0	
11 1	62 1	141 1	213 2	266 2	272 2	0 0	0 0	0 0	
49 1	63 1	142 1	214 2	267 2	273 2	0 0	0 0	0 0	
12 1	50 1	64 1	143 1	193 2	215 2	268 2	274 2	0 0	
51 1	65 1	144 1	194 2	216 2	269 2	0 0	0 0	0 0	
52 1	145 1	270 2	275 2	0 0	0 0	0 0	0 0	0 0	
53 1	66 1	146 1	195 2	271 2	276 2	0 0	0 0	0 0	
54 1	67 1	147 1	196 2	202 2	272 2	0 0	0 0	0 0	
13 1	55 1	59 1	148 1	197 2	273 2	277 2	0 0	0 0	
56 1	60 1	149 1	198 2	274 2	0 0	0 0	0 0	0 0	
14 1	57 1	61 1	150 1	199 2	203 2	278 2	0 0	0 0	
15 1	58 1	62 1	151 1	200 2	275 2	279 2	0 0	0 0	
16 1	63 1	152 1	201 2	204 2	276 2	280 2	0 0	0 0	
17 1	64 1	153 1	205 2	217 2	281 2	0 0	0 0	0 0	
65 1	68 1	154 1	206 2	277 2	282 2	0 0	0 0	0 0	
18 1	69 1	207 2	283 2	0 0	0 0	0 0	0 0	0 0	
34 1	39 1	86 1	109 1	179 2	232 2	248 2	0 0	0 0	
40 1	87 1	110 1	121 1	180 2	233 2	310 2	0 0	0 0	
35 1	41 1	88 1	111 1	122 1	234 2	237 2	311 2	0 0	
36 1	89 1	112 1	123 1	181 2	238 2	312 2	0 0	0 0	
37 1	90 1	113 1	124 1	235 2	239 2	313 2	0 0	0 0	
38 1	114 1	125 1	236 2	240 2	314 2	0 0	0 0	0 0	
39 1	91 1	115 1	126 1	241 2	315 2	0 0	0 0	0 0	
40 1	116 1	127 1	242 2	316 2	0 0	0 0	0 0	0 0	
41 1	117 1	128 1	182 2	243 2	249 2	317 2	0 0	0 0	
92 1	118 1	129 1	244 2	250 2	318 2	0 0	0 0	0 0	
119 1	130 1	183 2	245 2	251 2	319 2	0 0	0 0	0 0	
93 1	131 1	184 2	246 2	252 2	320 2	0 0	0 0	0 0	
94 1	120 1	132 1	185 2	237 2	247 2	253 2	321 2	0 0	
42 1	95 1	133 1	186 2	238 2	248 2	254 2	322 2	0 0	
43 1	96 1	121 1	134 1	239 2	255 2	323 2	0 0	0 0	
44 1	97 1	122 1	135 1	187 2	240 2	256 2	0 0	0 0	
45 1	98 1	123 1	136 1	188 2	241 2	257 2	324 2	0 0	
46 1	99 1	124 1	137 1	189 2	242 2	258 2	325 2	0 0	
47 1	100 1	125 1	138 1	190 2	243 2	259 2	326 2	0 0	
42 1	101 1	126 1	139 1	191 2	244 2	327 2	0 0	0 0	
43 1	102 1	127 1	192 2	245 2	260 2	328 2	0 0	0 0	
44 1	103 1	128 1	246 2	249 2	329 2	0 0	0 0	0 0	
45 1	104 1	129 1	140 1	247 2	250 2	330 2	0 0	0 0	
46 1	105 1	130 1	248 2	251 2	261 2	331 2	0 0	0 0	
47 1	131 1	252 2	332 2	0 0	0 0	0 0	0 0	0 0	
106 1	132 1	141 1	253 2	262 2	333 2	0 0	0 0	0 0	
107 1	133 1	142 1	254 2	263 2	334 2	0 0	0 0	0 0	
48 1	134 1	143 1	193 2	255 2	264 2	335 2	0 0	0 0	
108 1	135 1	144 1	194 2	256 2	265 2	336 2	0 0	0 0	
136 1	145 1	257 2	266 2	337 2	0 0	0 0	0 0	0 0	
49 1	109 1	137 1	146 1	195 2	258 2	267 2	338 2	0 0	
50 1	110 1	138 1	147 1	196 2	249 2	259 2	268 2	0 0	
51 1	111 1	139 1	148 1	197 2	250 2	269 2	0 0	0 0	
48 1	52 1	112 1	149 1	198 2	251 2	260 2	270 2	0 0	
53 1	113 1	150 1	199 2	252 2	271 2	0 0	0 0	0 0	
54 1	114 1	140 1	151 1	200 2	253 2	272 2	0 0	0 0	
49 1	55 1	115 1	152 1	201 2	254 2	261 2	273 2	0 0	
50 1	56 1	116 1	153 1	170 2	255 2	274 2	0 0	0 0	
51 1	57 1	117 1	141 1	154 1	171 2	256 2	262 2	0 0	
52 1	58 1	118 1	142 1	172 2	257 2	263 2	275 2	0 0	
53 1	119 1	143 1	155 1	173 2	258 2	264 2	276 2	0 0	
54 1	144 1	156 1	174 2	259 2	265 2	0 0	0 0	0 0	
55 1	120 1	145 1	157 1	175 2	266 2	277 2	0 0	0 0	
56 1	146 1	158 1	176 2	260 2	267 2	0 0	0 0	0 0	
57 1	121 1	147 1	159 1	177 2	202 2	268 2	278 2	0 0	
58 1	122 1	148 1	160 1	178 2	269 2	279 2	0 0	0 0	
123 1	149 1	161 1	179 2	261 2	270 2	280 2	0 0	0 0	
124 1	150 1	162 1	180 2	203 2	271 2	281 2	0 0	0 0	
125 1	151 1	163 1	262 2	272 2	282 2	0 0	0 0	0 0	
59 1	126 1	152 1	164 1	181 2	204 2	263 2	273 2	283 2	
60 1	127 1	153 1	165 1	205 2	264 2	274 2	284 2	0 0	
61 1	128 1	154 1	166 1	206 2	265 2	285 2	0 0	0 0	
62 1	129 1	167 1	207 2	266 2	275 2	286 2	0 0	0 0	
63 1	130 1	155 1	168 1	208 2	267 2	276 2	287 2	0 0	
64 1	131 1	156 1	169 1	182 2	209 2	268 2	288 2	0 0	
59 1	65 1	132 1	157 1	210 2	269 2	277 2	0 0	0 0	
60 1	133 1	158 1	183 2	270 2	289 2	0 0	0 0	0 0	
61 1	66 1	134 1	159 1	184 2	271 2	278 2	0 0	0 0	
62 1	67 1	135 1	160 1	185 2	272 2	279 2	290 2	0 0	
63 1	136 1	161 1	186 2	273 2	280 2	291 2	0 0	0 0	
64 1	137 1	162 1	274 2	281 2	292 2	0 0	0 0	0 0	
1 1	65 1	138 1	163 1	187 2	282 2	293 2	0 0	0 0	
2 1	139 1	164 1	188 2	275 2	283 2	294 2	0 0	0 0	
3 1	66 1	165 1	189 2	276 2	284 2	295 2	0 0	0 0	
4 1	67 1	166 1	190 2	285 2	296 2	0 0	0 0	0 0	
5 1	68 1	140 1	167 1	191 2	277 2	286 2	297 2	0 0	
6 1	69 1	168 1	192 2	211 2	287 2	298 2	0 0	0 0	
7 1	70 1	169 1	212 2	278 2	288 2	299 2	0 0	0 0	
8 1	71 1	141 1	213 2	279 2	300 2	0 0	0 0	0 0	
9 1	72 1	142 1	214 2	280 2	289 2	301 2	0 0	0 0	
10 1	73 1	143 1	215 2	281 2	302 2	0 0	0 0	0 0	
11 1	68 1	74 1	144 1	216 2	282 2	290 2	303 2	0 0	
69 1	75 1	145 1	283 2	291 2	304 2	0 0	0 0	0 0	
12 1	70 1	76 1	146 1	193 2	284 2	292 2	305 2	0 0	
1 1	71 1	77 1	147 1	194 2	285 2	293 2	306 2	0 0	
2 1	72 1	78 1	148 1	286 2	294 2	307 2	0 0	0 0	
3 1	73 1	79 1	149 1	195 2	287 2	295 2	308 2	0 0	
4 1	74 1	150 1	196 2	288 2	296 2	0 0	0 0	0 0	
5 1	13 1	75 1	151 1	197 2	297 2	0 0	0 0	0 0	
6 1	76 1	152 1	198 2	289 2	298 2	309 2	0 0	0 0	
7 1	14 1	77 1	153 1	199 2	217 2	299 2	0 0	0 0	
8 1	15 1	78 1	154 1	200 2	290 2	300 2	0 0	0 0	
9 1	16 1	79 1	201 2	291 2	301 2	310 2	0 0	0 0	
10 1	17 1	155 1	218 2	292 2	302 2	311 2	0 0	0 0	
11 1	80 1	156 1	219 2	293 2	303 2	312 2	0 0	0 0	
18 1	81 1	157 1	220 2	294 2	304 2	313 2	0 0	0 0	
12 1	19 1	82 1	158 1	221 2	295 2	305 2	314 2	0 0	
20 1	83 1	159 1	222 2	296 2	306 2	315 2	0 0	0 0	
21 1	84 1	160 1	223 2	297 2	307 2	316 2	0 0	0 0	
22 1	85 1	161 1	224 2	298 2	308 2	317 2	0 0	0 0	
23 1	80 1	86 1	162 1	202 2	225 2	299 2	318 2	0 0	
13 1	81 1	87 1	163 1	226 2	300 2	319 2	0 0	0 0	
82 1	88 1	164 1	227 2	301 2	309 2	320 2	0 0	0 0	
14 1	83 1	89 1	165 1	203 2	302 2	321 2	0 0	0 0	
15 1	84 1	90 1	166 1	303 2	322 2	0 0	0 0	0 0	
16 1	85 1	167 1	204 2	304 2	310 2	323 2	0 0	0 0	
17 1	86 1	91 1	168 1	205 2	305 2	311 2	0 0	0 0	
24 1	87 1	169 1	206 2	306 2	312 2	324 2	0 0	0 0	
18 1	25 1	88 1	207 2	307 2	313 2	325 2	0 0	0 0	
19 1	89 1	92 1	208 2	308 2	314 2	326 2	0 0	0 0	
20 1	26 1	90 1	209 2	315 2	327 2	0 0	0 0	0 0	
21 1	27 1	93 1	210 2	316 2	328 2	0 0	0 0	0 0	
22 1	28 1	91 1	94 1	228 2	309 2	317 2	329 2	0 0	
23 1	29 1	95 1	229 2	318 2	330 2	0 0	0 0	0 0	
1 1	30 1	96 1	230 2	319 2	331 2	0 0	0 0	0 0	
2 1	31 1	92 1	97 1	231 2	310 2	320 2	332 2	0 0	
3 1	32 1	98 1	232 2	311 2	321 2	333 2	0 0	0 0	
4 1	93 1	99 1	233 2	312 2	322 2	334 2	0 0	0 0	
5 1	94 1	100 1	234 2	313 2	323 2	335 2	0 0	0 0	
6 1	95 1	101 1	314 2	336 2	0 0	0 0	0 0	0 0	
7 1	24 1	96 1	102 1	235 2	315 2	324 2	337 2	0 0	
8 1	25 1	97 1	103 1	236 2	316 2	325 2	338 2	0 0	
9 1	98 1	104 1	211 2	317 2	326 2	0 0	0 0	0 0	
10 1	26 1	99 1	105 1	212 2	318 2	327 2	0 0	0 0	
11 1	27 1	33 1	100 1	213 2	319 2	328 2	0 0	0 0	
28 1	101 1	106 1	214 2	320 2	329 2	0 0	0 0	0 0	
12 1	29 1	102 1	107 1	215 2	321 2	330 2	0 0	0 0	
30 1	34 1	103 1	216 2	322 2	331 2	0 0	0 0	0 0	
31 1	104 1	108 1	170 2	237 2	323 2	332 2	0 0	0 0	
32 1	35 1	105 1	171 2	238 2	333 2	0 0	0 0	0 0	
36 1	109 1	172 2	239 2	324 2	334 2	0 0	0 0	0 0	
13 1	37 1	106 1	110 1	173 2	240 2	325 2	335 2	0 0	
38 1	107 1	111 1	174 2	241 2	326 2	336 2	0 0	0 0	
14 1	39 1	112 1	175 2	242 2	327 2	337 2	0 0	0 0	
15 1	40 1	108 1	113 1	176 2	243 2	328 2	338 2	0 0	
16 1	41 1	114 1	177 2	244 2	329 2	0 0	0 0	0 0	
17 1	109 1	115 1	178 2	217 2	245 2	330 2	0 0	0 0	
33 1	110 1	116 1	179 2	246 2	331 2	0 0	0 0	0 0	
18 1	111 1	117 1	180 2	247 2	332 2	0 0	0 0	0 0	
19 1	112 1	118 1	218 2	248 2	333 2	0 0	0 0	0 0	
20 1	34 1	113 1	119 1	181 2	219 2	334 2	0 0	0 0	
21 1	114 1	170 2	220 2	335 2	0 0	0 0	0 0	0 0	
22 1	35 1	115 1	120 1	171 2	221 2	336 2	0 0	0 0	
23 1	36 1	116 1	172 2	222 2	337 2	0 0	0 0	0 0	
37 1	117 1	121 1	173 2	223 2	338 2	0 0	0 0	0 0	
38 1	118 1	122 1	174 2	182 2	224 2	0 0	0 0	0 0	
39 1	42 1	119 1	123 1	175 2	225 2	0 0	0 0	0 0	
40 1	43 1	124 1	176 2	183 2	226 2	249 2	0 0	0 0	
41 1	44 1	120 1	125 1	177 2	184 2	227 2	250 2	0 0	
45 1	126 1	178 2	185 2	251 2	0 0	0 0	0 0	0 0	
24 1	46 1	121 1	127 1	179 2	186 2	252 2	0 0	0 0	
25 1	47 1	122 1	128 1	170 2	180 2	253 2	0 0	0 0	
123 1	129 1	171 2	187 2	254 2	0 0	0 0	0 0	0 0	
26 1	124 1	130 1	172 2	181 2	188 2	255 2	0 0	0 0	
27 1	125 1	131 1	173 2	189 2	256 2	0 0	0 0	0 0	
28 1	126 1	132 1	174 2	190 2	257 2	0 0	0 0	0 0	
29 1	127 1	133 1	175 2	191 2	258 2	0 0	0 0	0 0	
30 1	128 1	134 1	176 2	192 2	259 2	0 0	0 0	0 0	
31 1	129 1	135 1	177 2	182 2	228 2	0 0	0 0	0 0	
32 1	42 1	130 1	136 1	178 2	229 2	260 2	0 0	0 0	
43 1	48 1	131 1	137 1	179 2	183 2	230 2	0 0	0 0	
44 1	132 1	138 1	180 2	184 2	231 2	0 0	0 0	0 0	
45 1	133 1	139 1	185 2	232 2	261 2	0 0	0 0	0 0	
46 1	49 1	134 1	181 2	186 2	233 2	0 0	0 0	0 0	
47 1	50 1	135 1	193 2	234 2	262 2	0 0	0 0	0 0	
51 1	136 1	140 1	187 2	194 2	263 2	0 0	0 0	0 0	
52 1	137 1	188 2	235 2	264 2	0 0	0 0	0 0	0 0	
33 1	53 1	138 1	189 2	195 2	236 2	265 2	0 0	0 0	
54 1	139 1	141 1	182 2	190 2	196 2	266 2	0 0	0 0	
55 1	142 1	191 2	197 2	267 2	0 0	0 0	0 0	0 0	
34 1	56 1	143 1	183 2	192 2	198 2	268 2	0 0	0 0	
57 1	140 1	144 1	184 2	199 2	269 2	0 0	0 0	0 0	
35 1	58 1	145 1	185 2	200 2	270 2	0 0	0 0	0 0	
36 1	48 1	146 1	186 2	201 2	271 2	0 0	0 0	0 0	
37 1	141 1	147 1	237 2	272 2	0 0	0 0	0 0	0 0	
38 1	142 1	148 1	187 2	238 2	273 2	0 0	0 0	0 0	
39 1	49 1	143 1	149 1	188 2	239 2	274 2	0 0	0 0	
40 1	50 1	144 1	150 1	189 2	193 2	240 2	0 0	0 0	
41 1	51 1	145 1	151 1	190 2	194 2	241 2	275 2	0 0	
52 1	146 1	152 1	191 2	242 2	276 2	0 0	0 0	0 0	
53 1	147 1	153 1	192 2	195 2	243 2	0 0	0 0	0 0	
54 1	148 1	154 1	196 2	202 2	244 2	277 2	0 0	0 0	
55 1	59 1	149 1	197 2	245 2	0 0	0 0	0 0	0 0	
56 1	60 1	150 1	155 1	198 2	246 2	278 2	0 0	0 0	
57 1	61 1	151 1	156 1	199 2	203 2	247 2	279 2	0 0	
58 1	62 1	152 1	157 1	200 2	248 2	280 2	0 0	0 0	
63 1	153 1	158 1	201 2	204 2	281 2	0 0	0 0	0 0	
64 1	154 1	159 1	193 2	205 2	282 2	0 0	0 0	0 0	
65 1	160 1	194 2	206 2	283 2	0 0	0 0	0 0	0 0	
42 1	155 1	161 1	207 2	284 2	0 0	0 0	0 0	0 0	
43 1	66 1	156 1	162 1	195 2	208 2	285 2	0 0	0 0	
44 1	67 1	157 1	163 1	196 2	209 2	286 2	0 0	0 0	
45 1	158 1	164 1	197 2	210 2	287 2	0 0	0 0	0 0	
46 1	159 1	165 1	198 2	249 2	288 2	0 0	0 0	0 0	
47 1	160 1	166 1	199 2	202 2	250 2	0 0	0 0	0 0	
59 1	161 1	167 1	200 2	251 2	289 2	0 0	0 0	0 0	
60 1	162 1	168 1	201 2	252 2	0 0	0 0	0 0	0 0	
61 1	163 1	169 1	203 2	253 2	290 2	0 0	0 0	0 0	
62 1	68 1	164 1	254 2	291 2	0 0	0 0	0 0	0 0	
63 1	69 1	165 1	204 2	255 2	292 2	0 0	0 0	0 0	
64 1	70 1	166 1	205 2	256 2	293 2	0 0	0 0	0 0	
65 1	71 1	167 1	206 2	257 2	294 2	0 0	0 0	0 0	
72 1	168 1	207 2	258 2	295 2	0 0	0 0	0 0	0 0	
48 1	66 1	73 1	169 1	208 2	211 2	259 2	296 2	0 0	
1 1	67 1	74 1	202 2	209 2	212 2	297 2	0 0	0 0	
2 1	75 1	210 2	213 2	260 2	298 2	0 0	0 0	0 0	
3 1	49 1	76 1	214 2	299 2	0 0	0 0	0 0	0 0	
4 1	50 1	77 1	203 2	215 2	300 2	0 0	0 0	0 0	
5 1	51 1	78 1	216 2	261 2	301 2	0 0	0 0	0 0	
6 1	52 1	79 1	204 2	302 2	0 0	0 0	0 0	0 0	
1 1	7 1	53 1	205 2	262 2	303 2	0 0	0 0	0 0	
2 1	8 1	54 1	68 1	206 2	263 2	304 2	0 0	0 0	
3 1	9 1	55 1	69 1	207 2	264 2	305 2	0 0	0 0	
4 1	10 1	56 1	70 1	208 2	265 2	306 2	0 0	0 0	
5 1	11 1	57 1	71 1	209 2	266 2	307 2	0 0	0 0	
6 1	58 1	72 1	210 2	267 2	308 2	0 0	0 0	0 0	
7 1	12 1	73 1	211 2	268 2	0 0	0 0	0 0	0 0	
8 1	74 1	80 1	212 2	217 2	269 2	0 0	0 0	0 0	
9 1	75 1	81 1	213 2	270 2	309 2	0 0	0 0	0 0	
10 1	76 1	82 1	214 2	271 2	0 0	0 0	0 0	0 0	
11 1	77 1	83 1	215 2	218 2	272 2	0 0	0 0	0 0	
13 1	78 1	84 1	216 2	219 2	273 2	310 2	0 0	0 0	
12 1	79 1	85 1	220 2	274 2	311 2	0 0	0 0	0 0	
14 1	86 1	221 2	312 2	0 0	0 0	0 0	0 0	0 0	
15 1	87 1	222 2	275 2	313 2	0 0	0 0	0 0	0 0	
16 1	59 1	88 1	223 2	276 2	314 2	0 0	0 0	0 0	
17 1	60 1	89 1	211 2	224 2	315 2	0 0	0 0	0 0	
13 1	61 1	90 1	212 2	225 2	277 2	316 2	0 0	0 0	
18 1	62 1	213 2	226 2	317 2	0 0	0 0	0 0	0 0	
14 1	19 1	63 1	91 1	214 2	227 2	278 2	318 2	0 0	
15 1	20 1	64 1	80 1	215 2	217 2	279 2	319 2	0 0	
16 1	21 1	65 1	81 1	216 2	280 2	320 2	0 0	0 0	
17 1	22 1	82 1	92 1	281 2	321 2	0 0	0 0	0 0	
23 1	66 1	83 1	218 2	282 2	322 2	0 0	0 0	0 0	
18 1	67 1	84 1	93 1	219 2	283 2	323 2	0 0	0 0	
19 1	85 1	94 1	220 2	284 2	0 0	0 0	0 0	0 0	
20 1	86 1	95 1	221 2	285 2	324 2	0 0	0 0	0 0	
21 1	87 1	96 1	222 2	286 2	325 2	0 0	0 0	0 0	
22 1	88 1	97 1	223 2	287 2	326 2	0 0	0 0	0 0	
23 1	89 1	98 1	224 2	228 2	288 2	327 2	0 0	0 0	
24 1	90 1	99 1	217 2	225 2	229 2	328 2	0 0	0 0	
25 1	68 1	100 1	226 2	230 2	289 2	329 2	0 0	0 0	
69 1	91 1	101 1	227 2	231 2	330 2	0 0	0 0	0 0	
26 1	70 1	102 1	218 2	232 2	290 2	331 2	0 0	0 0	
27 1	71 1	103 1	219 2	233 2	291 2	332 2	0 0	0 0	
28 1	72 1	92 1	104 1	220 2	234 2	292 2	333 2	0 0	
24 1	29 1	73 1	105 1	221 2	293 2	334 2	0 0	0 0	
25 1	30 1	74 1	93 1	222 2	235 2	294 2	335 2	0 0	
31 1	75 1	94 1	106 1	223 2	236 2	295 2	336 2	0 0	
26 1	32 1	76 1	95 1	107 1	224 2	296 2	337 2	0 0	
27 1	77 1	96 1	225 2	297 2	338 2	0 0	0 0	0 0	
28 1	78 1	97 1	108 1	226 2	298 2	0 0	0 0	0 0	
29 1	79 1	98 1	227 2	228 2	299 2	0 0	0 0	0 0	
30 1	99 1	109 1	229 2	300 2	0 0	0 0	0 0	0 0	
31 1	100 1	110 1	230 2	301 2	0 0	0 0	0 0	0 0	
32 1	101 1	111 1	231 2	237 2	302 2	0 0	0 0	0 0	
102 1	112 1	232 2	238 2	303 2	0 0	0 0	0 0	0 0	
33 1	103 1	113 1	170 2	233 2	239 2	304 2	0 0	0 0	
104 1	114 1	171 2	234 2	240 2	305 2	0 0	0 0	0 0	
105 1	115 1	172 2	241 2	306 2	0 0	0 0	0 0	0 0	
34 1	80 1	116 1	173 2	235 2	242 2	307 2	0 0	0 0	
81 1	106 1	117 1	174 2	236 2	243 2	308 2	0 0	0 0	
35 1	82 1	107 1	118 1	175 2	228 2	244 2	0 0	0 0	
33 1	36 1	83 1	119 1	176 2	229 2	245 2	0 0	0 0	
37 1	84 1	108 1	177 2	230 2	246 2	309 2	0 0	0 0	
38 1	85 1	120 1	178 2	231 2	247 2	0 0	0 0	0 0	
22 1	128 1	138 1	151 1	232 1	318 1	331 1	361 1	451 1	457 1	
23 1	129 1	139 1	152 1	233 1	319 1	332 1	362 1	452 1	458 1	
24 1	130 1	140 1	153 1	234 1	320 1	333 1	363 1	453 1	459 1	
25 1	131 1	141 1	154 1	235 1	321 1	334 1	364 1	454 1	460 1	
26 1	132 1	142 1	155 1	236 1	322 1	335 1	365 1	455 1	461 1	
27 1	133 1	143 1	156 1	237 1	323 1	336 1	366 1	456 1	462 1	
28 1	134 1	144 1	157 1	238 1	324 1	337 1	367 1	457 1	463 1	
29 1	135 1	145 1	158 1	239 1	325 1	338 1	368 1	458 1	464 1	
30 1	136 1	146 1	159 1	240 1	326 1	339 1	369 1	459 1	465 1	
31 1	137 1	147 1	160 1	241 1	327 1	340 1	370 1	460 1	466 1	
32 1	138 1	148 1	161 1	242 1	328 1	341 1	371 1	461 1	467 1	
34 1	140 1	150 1	163 1	244 1	330 1	343 1	373 1	463 1	469 1	
39 1	145 1	155 1	168 1	249 1	335 1	348 1	378 1	468 1	474 1	
41 1	147 1	157 1	170 1	251 1	337 1	350 1	380 1	470 1	476 1	
42 1	148 1	158 1	171 1	252 1	338 1	351 1	381 1	471 1	477 1	
43 1	149 1	159 1	172 1	253 1	339 1	352 1	382 1	472 1	478 1	
44 1	150 1	160 1	173 1	254 1	340 1	353 1	383 1	473 1	479 1	
46 1	152 1	162 1	175 1	256 1	342 1	355 1	385 1	475 1	481 1	
1 1	47 1	153 1	163 1	176 1	343 1	356 1	386 1	476 1	482 1	
2 1	48 1	154 1	164 1	177 1	344 1	357 1	387 1	477 1	483 1	
3 1	49 1	155 1	165 1	178 1	345 1	358 1	388 1	478 1	484 1	
4 1	50 1	156 1	166 1	179 1	346 1	359 1	389 1	479 1	485 1	
5 1	51 1	157 1	167 1	180 1	347 1	360 1	390 1	480 1	486 1	
12 1	58 1	164 1	174 1	187 1	354 1	367 1	397 1	487 1	493 1	
13 1	59 1	165 1	175 1	188 1	355 1	368 1	398 1	488 1	494 1	
15 1	61 1	167 1	177 1	190 1	357 1	370 1	400 1	490 1	496 1	
16 1	62 1	168 1	178 1	191 1	358 1	371 1	401 1	491 1	497 1	
17 1	63 1	169 1	179 1	192 1	359 1	372 1	402 1	492 1	498 1	
18 1	64 1	170 1	180 1	193 1	360 1	373 1	403 1	493 1	499 1	
19 1	65 1	171 1	181 1	194 1	361 1	374 1	404 1	494 1	500 1	
20 1	66 1	172 1	182 1	195 1	362 1	375 1	405 1	495 1	501 1	
21 1	67 1	173 1	183 1	196 1	363 1	376 1	406 1	496 1	502 1	
29 1	75 1	181 1	191 1	204 1	371 1	384 1	414 1	504 1	510 1	
32 1	78 1	184 1	194 1	207 1	257 1	374 1	387 1	417 1	507 1	
34 1	80 1	186 1	196 1	209 1	259 1	376 1	389 1	419 1	509 1	
35 1	81 1	187 1	197 1	210 1	260 1	377 1	390 1	420 1	510 1	
36 1	82 1	188 1	198 1	211 1	261 1	378 1	391 1	421 1	511 1	
37 1	83 1	189 1	199 1	212 1	262 1	379 1	392 1	422 1	512 1	
38 1	84 1	190 1	200 1	213 1	257 1	263 1	380 1	393 1	423 1	
39 1	85 1	191 1	201 1	214 1	258 1	264 1	381 1	394 1	424 1	
40 1	86 1	192 1	202 1	215 1	259 1	265 1	382 1	395 1	425 1	
51 1	97 1	203 1	213 1	226 1	270 1	276 1	393 1	406 1	436 1	
52 1	98 1	204 1	214 1	227 1	271 1	277 1	394 1	407 1	437 1	
53 1	99 1	205 1	215 1	228 1	272 1	278 1	395 1	408 1	438 1	
54 1	100 1	206 1	216 1	229 1	273 1	279 1	396 1	409 1	439 1	
55 1	101 1	207 1	217 1	230 1	274 1	280 1	397 1	410 1	440 1	
56 1	102 1	208 1	218 1	231 1	275 1	281 1	398 1	411 1	441 1	
65 1	111 1	217 1	227 1	240 1	284 1	290 1	407 1	420 1	450 1	
68 1	114 1	220 1	230 1	243 1	287 1	293 1	410 1	423 1	453 1	
69 1	115 1	221 1	231 1	244 1	288 1	294 1	411 1	424 1	454 1	
70 1	116 1	222 1	232 1	245 1	289 1	295 1	412 1	425 1	455 1	
71 1	117 1	223 1	233 1	246 1	290 1	296 1	413 1	426 1	456 1	
72 1	118 1	224 1	234 1	247 1	291 1	297 1	414 1	427 1	457 1	
73 1	119 1	225 1	235 1	248 1	292 1	298 1	415 1	428 1	458 1	
74 1	120 1	226 1	236 1	249 1	293 1	299 1	416 1	429 1	459 1	
75 1	121 1	227 1	237 1	250 1	294 1	300 1	417 1	430 1	460 1	
76 1	122 1	228 1	238 1	251 1	295 1	301 1	418 1	431 1	461 1	
77 1	123 1	229 1	239 1	252 1	296 1	302 1	419 1	432 1	462 1	
6 1	87 1	133 1	239 1	249 1	306 1	312 1	429 1	442 1	472 1	
7 1	88 1	134 1	240 1	250 1	307 1	313 1	430 1	443 1	473 1	
8 1	89 1	135 1	241 1	251 1	308 1	314 1	431 1	444 1	474 1	
9 1	90 1	136 1	242 1	252 1	309 1	315 1	432 1	445 1	475 1	
10 1	91 1	137 1	243 1	253 1	310 1	316 1	433 1	446 1	476 1	
11 1	92 1	138 1	244 1	254 1	311 1	317 1	434 1	447 1	477 1	
12 1	93 1	139 1	245 1	255 1	312 1	318 1	435 1	448 1	478 1	
1 1	14 1	95 1	141 1	247 1	314 1	320 1	437 1	450 1	480 1	
2 1	15 1	96 1	142 1	248 1	315 1	321 1	438 1	451 1	481 1	
9 1	22 1	103 1	149 1	255 1	322 1	328 1	445 1	458 1	488 1	
10 1	23 1	104 1	150 1	256 1	323 1	329 1	446 1	459 1	489 1	
1 1	11 1	24 1	105 1	151 1	324 1	330 1	447 1	460 1	490 1	
2 1	12 1	25 1	106 1	152 1	325 1	331 1	448 1	461 1	491 1	
3 1	13 1	26 1	107 1	153 1	326 1	332 1	449 1	462 1	492 1	
4 1	14 1	27 1	108 1	154 1	327 1	333 1	450 1	463 1	493 1	
5 1	15 1	28 1	109 1	155 1	328 1	334 1	451 1	464 1	494 1	
6 1	16 1	29 1	110 1	156 1	329 1	335 1	452 1	465 1	495 1	
7 1	17 1	30 1	111 1	157 1	330 1	336 1	453 1	466 1	496 1	
8 1	18 1	31 1	112 1	158 1	331 1	337 1	454 1	467 1	497 1	
9 1	19 1	32 1	113 1	159 1	332 1	338 1	455 1	468 1	498 1	
10 1	20 1	33 1	114 1	160 1	333 1	339 1	456 1	469 1	499 1	
18 1	28 1	41 1	122 1	168 1	341 1	347 1	464 1	477 1	507 1	
19 1	29 1	42 1	123 1	169 1	342 1	348 1	465 1	478 1	508 1	
20 1	30 1	43 1	124 1	170 1	343 1	349 1	466 1	479 1	509 1	
21 1	31 1	44 1	125 1	171 1	344 1	350 1	467 1	480 1	510 1	
22 1	32 1	45 1	126 1	172 1	345 1	351 1	468 1	481 1	511 1	
23 1	33 1	46 1	127 1	173 1	346 1	352 1	469 1	482 1	512 1	
24 1	34 1	47 1	128 1	174 1	257 1	347 1	353 1	470 1	483 1	
25 1	35 1	48 1	129 1	175 1	258 1	348 1	354 1	471 1	484 1	
26 1	36 1	49 1	130 1	176 1	259 1	349 1	355 1	472 1	485 1	
27 1	37 1	50 1	131 1	177 1	260 1	350 1	356 1	473 1	486 1	
28 1	38 1	51 1	132 1	178 1	261 1	351 1	357 1	474 1	487 1	
30 1	40 1	53 1	134 1	180 1	263 1	353 1	359 1	476 1	489 1	
33 1	43 1	56 1	137 1	183 1	266 1	356 1	362 1	479 1	492 1	
35 1	45 1	58 1	139 1	185 1	268 1	358 1	364 1	481 1	494 1	
36 1	46 1	59 1	140 1	186 1	269 1	359 1	365 1	482 1	495 1	
37 1	47 1	60 1	141 1	187 1	270 1	360 1	366 1	483 1	496 1	
38 1	48 1	61 1	142 1	188 1	271 1	361 1	367 1	484 1	497 1	
39 1	49 1	62 1	143 1	189 1	272 1	362 1	368 1	485 1	498 1	
40 1	50 1	63 1	144 1	190 1	273 1	363 1	369 1	486 1	499 1	
41 1	51 1	64 1	145 1	191 1	274 1	364 1	370 1	487 1	500 1	
42 1	52 1	65 1	146 1	192 1	275 1	365 1	371 1	488 1	501 1	
43 1	53 1	66 1	147 1	193 1	276 1	366 1	372 1	489 1	502 1	
44 1	54 1	67 1	148 1	194 1	277 1	367 1	373 1	490 1	503 1	
45 1	55 1	68 1	149 1	195 1	278 1	368 1	374 1	491 1	504 1	
46 1	56 1	69 1	150 1	196 1	279 1	369 1	375 1	492 1	505 1	
47 1	57 1	70 1	151 1	197 1	280 1	370 1	376 1	493 1	506 1	
49 1	59 1	72 1	153 1	199 1	282 1	372 1	378 1	495 1	508 1	
50 1	60 1	73 1	154 1	200 1	283 1	373 1	379 1	496 1	509 1	
52 1	62 1	75 1	156 1	202 1	285 1	375 1	381 1	498 1	511 1	
54 1	64 1	77 1	158 1	204 1	257 1	287 1	377 1	383 1	500 1	
55 1	65 1	78 1	159 1	205 1	258 1	288 1	378 1	384 1	501 1	
56 1	66 1	79 1	160 1	206 1	259 1	289 1	379 1	385 1	502 1	
57 1	67 1	80 1	161 1	207 1	260 1	290 1	380 1	386 1	503 1	
58 1	68 1	81 1	162 1	208 1	261 1	291 1	381 1	387 1	504 1	
59 1	69 1	82 1	163 1	209 1	262 1	292 1	382 1	388 1	505 1	
60 1	70 1	83 1	164 1	210 1	263 1	293 1	383 1	389 1	506 1	
61 1	71 1	84 1	165 1	211 1	264 1	294 1	384 1	390 1	507 1	
62 1	72 1	85 1	166 1	212 1	265 1	295 1	385 1	391 1	508 1	
63 1	73 1	86 1	167 1	213 1	266 1	296 1	386 1	392 1	509 1	
64 1	74 1	87 1	168 1	214 1	267 1	297 1	387 1	393 1	510 1	
66 1	76 1	89 1	170 1	216 1	269 1	299 1	389 1	395 1	512 1	
68 1	78 1	91 1	172 1	218 1	258 1	271 1	301 1	391 1	397 1	
69 1	79 1	92 1	173 1	219 1	259 1	272 1	302 1	392 1	398 1	
70 1	80 1	93 1	174 1	220 1	260 1	273 1	303 1	393 1	399 1	
71 1	81 1	94 1	175 1	221 1	261 1	274 1	304 1	394 1	400 1	
72 1	82 1	95 1	176 1	222 1	262 1	275 1	305 1	395 1	401 1	
73 1	83 1	96 1	177 1	223 1	263 1	276 1	306 1	396 1	402 1	
74 1	84 1	97 1	178 1	224 1	264 1	277 1	307 1	397 1	403 1	
75 1	85 1	98 1	179 1	225 1	265 1	278 1	308 1	398 1	404 1	
76 1	86 1	99 1	180 1	226 1	266 1	279 1	309 1	399 1	405 1	
77 1	87 1	100 1	181 1	227 1	267 1	280 1	310 1	400 1	406 1	
78 1	88 1	101 1	182 1	228 1	268 1	281 1	311 1	401 1	407 1	
79 1	89 1	102 1	183 1	229 1	269 1	282 1	312 1	402 1	408 1	
80 1	90 1	103 1	184 1	230 1	270 1	283 1	313 1	403 1	409 1	
81 1	91 1	104 1	185 1	231 1	271 1	284 1	314 1	404 1	410 1	
82 1	92 1	105 1	186 1	232 1	272 1	285 1	315 1	405 1	411 1	
83 1	93 1	106 1	187 1	233 1	273 1	286 1	316 1	406 1	412 1	
84 1	94 1	107 1	188 1	234 1	274 1	287 1	317 1	407 1	413 1	
85 1	95 1	108 1	189 1	235 1	275 1	288 1	318 1	408 1	414 1	
86 1	96 1	109 1	190 1	236 1	276 1	289 1	319 1	409 1	415 1	
89 1	99 1	112 1	193 1	239 1	279 1	292 1	322 1	412 1	418 1	
92 1	102 1	115 1	196 1	242 1	282 1	295 1	325 1	415 1	421 1	
93 1	103 1	116 1	197 1	243 1	283 1	296 1	326 1	416 1	422 1	
94 1	104 1	117 1	198 1	244 1	284 1	297 1	327 1	417 1	423 1	
95 1	105 1	118 1	199 1	245 1	285 1	298 1	328 1	418 1	424 1	
96 1	106 1	119 1	200 1	246 1	286 1	299 1	329 1	419 1	425 1	
97 1	107 1	120 1	201 1	247 1	287 1	300 1	330 1	420 1	426 1	
98 1	108 1	121 1	202 1	248 1	288 1	301 1	331 1	421 1	427 1	
99 1	109 1	122 1	203 1	249 1	289 1	302 1	332 1	422 1	428 1	
100 1	110 1	123 1	204 1	250 1	290 1	303 1	333 1	423 1	429 1	
101 1	111 1	124 1	205 1	251 1	291 1	304 1	334 1	424 1	430 1	
102 1	112 1	125 1	206 1	252 1	292 1	305 1	335 1	425 1	431 1	
103 1	113 1	126 1	207 1	253 1	293 1	306 1	336 1	426 1	432 1	
104 1	114 1	127 1	208 1	254 1	294 1	307 1	337 1	427 1	433 1	
105 1	115 1	128 1	209 1	255 1	295 1	308 1	338 1	428 1	434 1	
1 1	107 1	117 1	130 1	211 1	297 1	310 1	340 1	430 1	436 1	
2 1	108 1	118 1	131 1	212 1	298 1	311 1	341 1	431 1	437 1	
3 1	109 1	119 1	132 1	213 1	299 1	312 1	342 1	432 1	438 1	
4 1	110 1	120 1	133 1	214 1	300 1	313 1	343 1	433 1	439 1	
5 1	111 1	121 1	134 1	215 1	301 1	314 1	344 1	434 1	440 1	
6 1	112 1	122 1	135 1	216 1	302 1	315 1	345 1	435 1	441 1	
7 1	113 1	123 1	136 1	217 1	303 1	316 1	346 1	436 1	442 1	
8 1	114 1	124 1	137 1	218 1	304 1	317 1	347 1	437 1	443 1	
9 1	115 1	125 1	138 1	219 1	305 1	318 1	348 1	438 1	444 1	
10 1	116 1	126 1	139 1	220 1	306 1	319 1	349 1	439 1	445 1	
11 1	117 1	127 1	140 1	221 1	307 1	320 1	350 1	440 1	446 1	
12 1	118 1	128 1	141 1	222 1	308 1	321 1	351 1	441 1	447 1	
13 1	119 1	129 1	142 1	223 1	309 1	322 1	352 1	442 1	448 1	
14 1	120 1	130 1	143 1	224 1	310 1	323 1	353 1	443 1	449 1	
15 1	121 1	131 1	144 1	225 1	311 1	324 1	354 1	444 1	450 1	
69 2	75 2	165 2	195 2	208 2	294 2	375 2	388 2	398 2	504 2	
70 2	76 2	166 2	196 2	209 2	295 2	376 2	389 2	399 2	505 2	
71 2	77 2	167 2	197 2	210 2	296 2	377 2	390 2	400 2	506 2	
72 2	78 2	168 2	198 2	211 2	297 2	378 2	391 2	401 2	507 2	
73 2	79 2	169 2	199 2	212 2	298 2	379 2	392 2	402 2	508 2	
74 2	80 2	170 2	200 2	213 2	299 2	380 2	393 2	403 2	509 2	
75 2	81 2	171 2	201 2	214 2	300 2	381 2	394 2	404 2	510 2	
76 2	82 2	172 2	202 2	215 2	301 2	382 2	395 2	405 2	511 2	
77 2	83 2	173 2	203 2	216 2	302 2	383 2	396 2	406 2	512 2	
78 2	84 2	174 2	204 2	217 2	257 2	303 2	384 2	397 2	407 2	
79 2	85 2	175 2	205 2	218 2	258 2	304 2	385 2	398 2	408 2	
81 2	87 2	177 2	207 2	220 2	260 2	306 2	387 2	400 2	410 2	
86 2	92 2	182 2	212 2	225 2	265 2	311 2	392 2	405 2	415 2	
88 2	94 2	184 2	214 2	227 2	267 2	313 2	394 2	407 2	417 2	
89 2	95 2	185 2	215 2	228 2	268 2	314 2	395 2	408 2	418 2	
90 2	96 2	186 2	216 2	229 2	269 2	315 2	396 2	409 2	419 2	
91 2	97 2	187 2	217 2	230 2	270 2	316 2	397 2	410 2	420 2	
93 2	99 2	189 2	219 2	232 2	272 2	318 2	399 2	412 2	422 2	
94 2	100 2	190 2	220 2	233 2	273 2	319 2	400 2	413 2	423 2	
95 2	101 2	191 2	221 2	234 2	274 2	320 2	401 2	414 2	424 2	
96 2	102 2	192 2	222 2	235 2	275 2	321 2	402 2	415 2	425 2	
97 2	103 2	193 2	223 2	236 2	276 2	322 2	403 2	416 2	426 2	
98 2	104 2	194 2	224 2	237 2	277 2	323 2	404 2	417 2	427 2	
105 2	111 2	201 2	231 2	244 2	284 2	330 2	411 2	424 2	434 2	
106 2	112 2	202 2	232 2	245 2	285 2	331 2	412 2	425 2	435 2	
108 2	114 2	204 2	234 2	247 2	287 2	333 2	414 2	427 2	437 2	
109 2	115 2	205 2	235 2	248 2	288 2	334 2	415 2	428 2	438 2	
110 2	116 2	206 2	236 2	249 2	289 2	335 2	416 2	429 2	439 2	
111 2	117 2	207 2	237 2	250 2	290 2	336 2	417 2	430 2	440 2	
112 2	118 2	208 2	238 2	251 2	291 2	337 2	418 2	431 2	441 2	
113 2	119 2	209 2	239 2	252 2	292 2	338 2	419 2	432 2	442 2	
114 2	120 2	210 2	240 2	253 2	293 2	339 2	420 2	433 2	443 2	
5 2	122 2	128 2	218 2	248 2	301 2	347 2	428 2	441 2	451 2	
8 2	125 2	131 2	221 2	251 2	304 2	350 2	431 2	444 2	454 2	
10 2	127 2	133 2	223 2	253 2	306 2	352 2	433 2	446 2	456 2	
11 2	128 2	134 2	224 2	254 2	307 2	353 2	434 2	447 2	457 2	
12 2	129 2	135 2	225 2	255 2	308 2	354 2	435 2	448 2	458 2	
13 2	130 2	136 2	226 2	256 2	309 2	355 2	436 2	449 2	459 2	
1 2	14 2	131 2	137 2	227 2	310 2	356 2	437 2	450 2	460 2	
2 2	15 2	132 2	138 2	228 2	311 2	357 2	438 2	451 2	461 2	
3 2	16 2	133 2	139 2	229 2	312 2	358 2	439 2	452 2	462 2	
14 2	27 2	144 2	150 2	240 2	323 2	369 2	450 2	463 2	473 2	
15 2	28 2	145 2	151 2	241 2	324 2	370 2	451 2	464 2	474 2	
16 2	29 2	146 2	152 2	242 2	325 2	371 2	452 2	465 2	475 2	
17 2	30 2	147 2	153 2	243 2	326 2	372 2	453 2	466 2	476 2	
18 2	31 2	148 2	154 2	244 2	327 2	373 2	454 2	467 2	477 2	
19 2	32 2	149 2	155 2	245 2	328 2	374 2	455 2	468 2	478 2	
28 2	41 2	158 2	164 2	254 2	337 2	383 2	464 2	477 2	487 2	
1 2	31 2	44 2	161 2	167 2	340 2	386 2	467 2	480 2	490 2	
2 2	32 2	45 2	162 2	168 2	341 2	387 2	468 2	481 2	491 2	
3 2	33 2	46 2	163 2	169 2	342 2	388 2	469 2	482 2	492 2	
4 2	34 2	47 2	164 2	170 2	343 2	389 2	470 2	483 2	493 2	
5 2	35 2	48 2	165 2	171 2	344 2	390 2	471 2	484 2	494 2	
6 2	36 2	49 2	166 2	172 2	345 2	391 2	472 2	485 2	495 2	
7 2	37 2	50 2	167 2	173 2	346 2	392 2	473 2	486 2	496 2	
8 2	38 2	51 2	168 2	174 2	347 2	393 2	474 2	487 2	497 2	
9 2	39 2	52 2	169 2	175 2	348 2	394 2	475 2	488 2	498 2	
10 2	40 2	53 2	170 2	176 2	349 2	395 2	476 2	489 2	499 2	
20 2	50 2	63 2	180 2	186 2	359 2	405 2	486 2	499 2	509 2	
21 2	51 2	64 2	181 2	187 2	360 2	406 2	487 2	500 2	510 2	
22 2	52 2	65 2	182 2	188 2	361 2	407 2	488 2	501 2	511 2	
23 2	53 2	66 2	183 2	189 2	362 2	408 2	489 2	502 2	512 2	
24 2	54 2	67 2	184 2	190 2	257 2	363 2	409 2	490 2	503 2	
25 2	55 2	68 2	185 2	191 2	258 2	364 2	410 2	491 2	504 2	
26 2	56 2	69 2	186 2	192 2	259 2	365 2	411 2	492 2	505 2	
28 2	58 2	71 2	188 2	194 2	261 2	367 2	413 2	494 2	507 2	
29 2	59 2	72 2	189 2	195 2	262 2	368 2	414 2	495 2	508 2	
36 2	66 2	79 2	196 2	202 2	259 2	269 2	375 2	421 2	502 2	
37 2	67 2	80 2	197 2	203 2	260 2	270 2	376 2	422 2	503 2	
38 2	68 2	81 2	198 2	204 2	261 2	271 2	377 2	423 2	504 2	
39 2	69 2	82 2	199 2	205 2	262 2	272 2	378 2	424 2	505 2	
40 2	70 2	83 2	200 2	206 2	263 2	273 2	379 2	425 2	506 2	
41 2	71 2	84 2	201 2	207 2	264 2	274 2	380 2	426 2	507 2	
42 2	72 2	85 2	202 2	208 2	265 2	275 2	381 2	427 2	508 2	
43 2	73 2	86 2	203 2	209 2	266 2	276 2	382 2	428 2	509 2	
44 2	74 2	87 2	204 2	210 2	267 2	277 2	383 2	429 2	510 2	
45 2	75 2	88 2	205 2	211 2	268 2	278 2	384 2	430 2	511 2	
46 2	76 2	89 2	206 2	212 2	269 2	279 2	385 2	431 2	512 2	
47 2	77 2	90 2	207 2	213 2	257 2	270 2	280 2	386 2	432 2	
55 2	85 2	98 2	215 2	221 2	265 2	278 2	288 2	394 2	440 2	
56 2	86 2	99 2	216 2	222 2	266 2	279 2	289 2	395 2	441 2	
57 2	87 2	100 2	217 2	223 2	267 2	280 2	290 2	396 2	442 2	
58 2	88 2	101 2	218 2	224 2	268 2	281 2	291 2	397 2	443 2	
59 2	89 2	102 2	219 2	225 2	269 2	282 2	292 2	398 2	444 2	
60 2	90 2	103 2	220 2	226 2	270 2	283 2	293 2	399 2	445 2	
61 2	91 2	104 2	221 2	227 2	271 2	284 2	294 2	400 2	446 2	
62 2	92 2	105 2	222 2	228 2	272 2	285 2	295 2	401 2	447 2	
63 2	93 2	106 2	223 2	229 2	273 2	286 2	296 2	402 2	448 2	
64 2	94 2	107 2	224 2	230 2	274 2	287 2	297 2	403 2	449 2	
65 2	95 2	108 2	225 2	231 2	275 2	288 2	298 2	404 2	450 2	
67 2	97 2	110 2	227 2	233 2	277 2	290 2	300 2	406 2	452 2	
70 2	100 2	113 2	230 2	236 2	280 2	293 2	303 2	409 2	455 2	
72 2	102 2	115 2	232 2	238 2	282 2	295 2	305 2	411 2	457 2	
73 2	103 2	116 2	233 2	239 2	283 2	296 2	306 2	412 2	458 2	
74 2	104 2	117 2	234 2	240 2	284 2	297 2	307 2	413 2	459 2	
75 2	105 2	118 2	235 2	241 2	285 2	298 2	308 2	414 2	460 2	
76 2	106 2	119 2	236 2	242 2	286 2	299 2	309 2	415 2	461 2	
77 2	107 2	120 2	237 2	243 2	287 2	300 2	310 2	416 2	462 2	
78 2	108 2	121 2	238 2	244 2	288 2	301 2	311 2	417 2	463 2	
79 2	109 2	122 2	239 2	245 2	289 2	302 2	312 2	418 2	464 2	
80 2	110 2	123 2	240 2	246 2	290 2	303 2	313 2	419 2	465 2	
81 2	111 2	124 2	241 2	247 2	291 2	304 2	314 2	420 2	466 2	
82 2	112 2	125 2	242 2	248 2	292 2	305 2	315 2	421 2	467 2	
83 2	113 2	126 2	243 2	249 2	293 2	306 2	316 2	422 2	468 2	
84 2	114 2	127 2	244 2	250 2	294 2	307 2	317 2	423 2	469 2	
86 2	116 2	129 2	246 2	252 2	296 2	309 2	319 2	425 2	471 2	
87 2	117 2	130 2	247 2	253 2	297 2	310 2	320 2	426 2	472 2	
89 2	119 2	132 2	249 2	255 2	299 2	312 2	322 2	428 2	474 2	
1 2	91 2	121 2	134 2	251 2	301 2	314 2	324 2	430 2	476 2	
2 2	92 2	122 2	135 2	252 2	302 2	315 2	325 2	431 2	477 2	
3 2	93 2	123 2	136 2	253 2	303 2	316 2	326 2	432 2	478 2	
4 2	94 2	124 2	137 2	254 2	304 2	317 2	327 2	433 2	479 2	
5 2	95 2	125 2	138 2	255 2	305 2	318 2	328 2	434 2	480 2	
6 2	96 2	126 2	139 2	256 2	306 2	319 2	329 2	435 2	481 2	
1 2	7 2	97 2	127 2	140 2	307 2	320 2	330 2	436 2	482 2	
2 2	8 2	98 2	128 2	141 2	308 2	321 2	331 2	437 2	483 2	
3 2	9 2	99 2	129 2	142 2	309 2	322 2	332 2	438 2	484 2	
4 2	10 2	100 2	130 2	143 2	310 2	323 2	333 2	439 2	485 2	
5 2	11 2	101 2	131 2	144 2	311 2	324 2	334 2	440 2	486 2	
7 2	13 2	103 2	133 2	146 2	313 2	326 2	336 2	442 2	488 2	
9 2	15 2	105 2	135 2	148 2	315 2	328 2	338 2	444 2	490 2	
10 2	16 2	106 2	136 2	149 2	316 2	329 2	339 2	445 2	491 2	
11 2	17 2	107 2	137 2	150 2	317 2	330 2	340 2	446 2	492 2	
12 2	18 2	108 2	138 2	151 2	318 2	331 2	341 2	447 2	493 2	
13 2	19 2	109 2	139 2	152 2	319 2	332 2	342 2	448 2	494 2	
14 2	20 2	110 2	140 2	153 2	320 2	333 2	343 2	449 2	495 2	
15 2	21 2	111 2	141 2	154 2	321 2	334 2	344 2	450 2	496 2	
16 2	22 2	112 2	142 2	155 2	322 2	335 2	345 2	451 2	497 2	
17 2	23 2	113 2	143 2	156 2	323 2	336 2	346 2	452 2	498 2	
18 2	24 2	114 2	144 2	157 2	324 2	337 2	347 2	453 2	499 2	
19 2	25 2	115 2	145 2	158 2	325 2	338 2	348 2	454 2	500 2	
20 2	26 2	116 2	146 2	159 2	326 2	339 2	349 2	455 2	501 2	
21 2	27 2	117 2	147 2	160 2	327 2	340 2	350 2	456 2	502 2	
22 2	28 2	118 2	148 2	161 2	328 2	341 2	351 2	457 2	503 2	
23 2	29 2	119 2	149 2	162 2	329 2	342 2	352 2	458 2	504 2	
24 2	30 2	120 2	150 2	163 2	330 2	343 2	353 2	459 2	505 2	
25 2	31 2	121 2	151 2	164 2	331 2	344 2	354 2	460 2	506 2	
26 2	32 2	122 2	152 2	165 2	332 2	345 2	355 2	461 2	507 2	
27 2	33 2	123 2	153 2	166 2	333 2	346 2	356 2	462 2	508 2	
30 2	36 2	126 2	156 2	169 2	336 2	349 2	359 2	465 2	511 2	
33 2	39 2	129 2	159 2	172 2	258 2	339 2	352 2	362 2	468 2	
34 2	40 2	130 2	160 2	173 2	259 2	340 2	353 2	363 2	469 2	
35 2	41 2	131 2	161 2	174 2	260 2	341 2	354 2	364 2	470 2	
36 2	42 2	132 2	162 2	175 2	261 2	342 2	355 2	365 2	471 2	
37 2	43 2	133 2	163 2	176 2	262 2	343 2	356 2	366 2	472 2	
38 2	44 2	134 2	164 2	177 2	263 2	344 2	357 2	367 2	473 2	
39 2	45 2	135 2	165 2	178 2	264 2	345 2	358 2	368 2	474 2	
40 2	46 2	136 2	166 2	179 2	265 2	346 2	359 2	369 2	475 2	
41 2	47 2	137 2	167 2	180 2	266 2	347 2	360 2	370 2	476 2	
42 2	48 2	138 2	168 2	181 2	267 2	348 2	361 2	371 2	477 2	
43 2	49 2	139 2	169 2	182 2	268 2	349 2	362 2	372 2	478 2	
44 2	50 2	140 2	170 2	183 2	269 2	350 2	363 2	373 2	479 2	
45 2	51 2	141 2	171 2	184 2	270 2	351 2	364 2	374 2	480 2	
46 2	52 2	142 2	172 2	185 2	271 2	352 2	365 2	375 2	481 2	
48 2	54 2	144 2	174 2	187 2	273 2	354 2	367 2	377 2	483 2	
49 2	55 2	145 2	175 2	188 2	274 2	355 2	368 2	378 2	484 2	
50 2	56 2	146 2	176 2	189 2	275 2	356 2	369 2	379 2	485 2	
51 2	57 2	147 2	177 2	190 2	276 2	357 2	370 2	380 2	486 2	
52 2	58 2	148 2	178 2	191 2	277 2	358 2	371 2	381 2	487 2	
53 2	59 2	149 2	179 2	192 2	278 2	359 2	372 2	382 2	488 2	
54 2	60 2	150 2	180 2	193 2	279 2	360 2	373 2	383 2	489 2	
55 2	61 2	151 2	181 2	194 2	280 2	361 2	374 2	384 2	490 2	
56 2	62 2	152 2	182 2	195 2	281 2	362 2	375 2	385 2	491 2	
57 2	63 2	153 2	183 2	196 2	282 2	363 2	376 2	386 2	492 2	
58 2	64 2	154 2	184 2	197 2	283 2	364 2	377 2	387 2	493 2	
59 2	65 2	155 2	185 2	198 2	284 2	365 2	378 2	388 2	494 2	
60 2	66 2	156 2	186 2	199 2	285 2	366 2	379 2	389 2	495 2	
61 2	67 2	157 2	187 2	200 2	286 2	367 2	380 2	390 2	496 2	
62 2	68 2	158 2	188 2	201 2	287 2	368 2	381 2	391 2	497 2	
