882 834
8 8
8 6 8 6 7 7 8 6 7 7 7 7 8 7 8 6 7 7 7 6 8 7 8 8 8 8 7 8 8 8 7 7 8 8 8 7 8 8 8 8 8 7 8 8 8 7 8 8 8 8 8 8 8 8 8 8 7 8 8 8 8 8 8 8 7 7 8 8 7 8 8 8 8 8 8 8 8 8 8 8 8 8 8 8 8 8 8 8 8 7 8 8 8 7 8 8 8 8 7 8 8 8 8 8 8 8 8 8 8 8 8 8 8 7 8 7 8 8 8 8 8 8 8 8 7 8 8 8 8 8 8 8 8 8 8 7 8 8 8 7 8 8 8 8 8 8 8 8 8 7 8 8 8 8 8 8 8 8 8 8 7 7 7 8 7 8 8 7 7 8 8 7 7 7 8 8 7 8 7 7 8 7 7 8 8 8 8 7 7 7 7 8 7 7 8 7 7 7 8 7 7 7 8 8 7 8 7 7 8 7 7 8 8 8 8 8 8 7 8 8 8 7 8 8 8 8 8 8 8 8 8 8 8 7 7 7 8 7 7 7 7 8 8 7 6 8 8 7 8 7 7 8 6 8 7 8 7 7 7 8 7 6 7 8 7 8 7 7 8 7 7 8 7 7 7 7 8 7 7 8 7 7 8 8 8 7 8 6 8 8 8 8 6 7 6 6 6 7 7 6 6 8 8 7 6 6 7 8 6 8 6 6 8 6 7 6 8 8 8 8 8 8 8 8 8 6 8 7 8 7 7 8 7 8 8 7 8 8 8 8 8 8 8 6 7 7 7 7 7 7 7 8 7 7 7 7 8 7 8 7 7 8 7 8 7 8 8 7 8 7 8 8 8 8 7 7 8 8 7 7 8 8 8 8 6 8 8 7 8 8 8 8 8 7 8 8 8 8 8 7 8 8 8 8 8 8 8 6 8 8 7 8 8 7 8 8 7 8 8 7 8 8 7 8 7 8 8 8 8 8 8 8 8 8 8 7 8 8 7 7 7 8 6 6 7 7 7 6 7 8 8 8 7 6 8 8 7 8 7 7 8 7 7 7 8 8 8 7 8 8 7 7 8 7 8 8 8 8 7 8 8 7 8 7 8 8 8 8 8 8 6 7 8 8 7 8 8 8 8 8 8 8 8 8 7 8 8 8 8 8 8 8 8 8 8 7 8 8 8 8 8 8 8 8 8 8 8 8 8 7 8 8 8 8 8 8 8 7 7 7 8 6 8 8 7 7 8 8 7 7 7 8 7 7 8 6 7 8 7 7 8 7 8 8 8 8 8 8 8 8 7 8 7 8 8 8 8 8 8 8 8 8 8 8 8 8 7 7 6 7 6 8 7 6 6 8 7 7 6 6 8 8 6 8 6 6 8 6 6 7 8 8 8 8 8 8 8 8 8 6 8 8 8 8 6 7 7 8 7 6 8 7 7 8 8 7 7 7 8 8 7 8 7 7 8 7 7 7 7 7 8 7 8 7 7 7 8 7 7 7 7 7 8 7 7 7 7 8 7 7 8 8 8 8 8 8 7 8 7 8 7 8 8 8 8 8 8 7 8 8 8 8 7 7 7 8 7 7 7 8 8 7 7 7 7 8 7 7 7 7 8 7 8 6 8 8 7 8 8 8 7 7 7 7 7 7 7 7 7 8 7 7 8 7 7 8 7 7 8 6 8 7 7 8 8 8 8 8 8 8 8 6 8 8 7 8 7 8 8 8 8 7 8 8 8 7 8 8 8 8 8 8 8 8 7 8 7 8 8 8 8 8 8 8 7 8 8 8 8 8 8 7 8 7 8 8 8 8 8 7 8 7 8 8 8 7 8 8 8 8 8 7 8 8 7 8 8 8 8 7 8 7 8 8 8 7 8 8 8 8 8 8 8 6 8 7 8 7 8 7 8 8 8 8 8 8 7 8 8 8 7 8 8 8 8 8 8 8 7 8 8 8 8 8 8 8 8 7 8 8 7 7 8 8 6 8 8 8 8 8 8 8 
8 8 8 8 8 8 8 8 8 8 8 8 8 8 8 8 8 8 8 8 8 8 8 8 8 8 8 8 8 8 8 8 8 8 8 8 8 8 8 8 8 8 8 8 8 8 8 8 8 8 8 8 8 8 8 8 8 8 8 8 8 8 8 8 8 8 8 8 8 8 8 8 8 8 8 8 8 8 8 8 8 8 8 8 8 8 8 8 8 8 8 8 8 8 8 8 8 8 8 8 8 8 8 8 8 8 8 8 8 8 8 8 8 8 8 8 8 8 8 8 8 8 8 8 8 8 8 8 8 8 8 8 8 8 8 8 8 8 8 8 8 8 8 8 8 8 8 8 8 8 8 8 8 8 8 8 8 8 8 8 8 8 8 8 8 8 8 8 8 8 8 8 8 8 8 8 8 8 8 8 8 8 8 8 8 8 8 8 8 8 8 8 8 8 8 8 8 8 8 8 8 8 8 8 8 8 8 8 8 8 8 8 8 8 8 8 8 8 8 8 8 8 8 8 8 8 8 8 8 8 8 8 8 8 8 8 8 8 8 8 8 8 8 8 8 8 8 8 8 8 8 8 8 8 8 8 8 8 8 8 8 8 8 8 8 8 8 8 8 8 8 8 8 8 8 8 8 8 8 8 8 8 8 8 8 8 8 8 8 8 8 8 8 8 8 8 8 8 8 8 8 8 8 8 8 8 8 8 8 8 8 8 8 8 8 8 8 8 8 8 8 8 8 8 8 8 8 8 8 8 8 8 8 8 8 8 8 8 8 8 8 8 8 8 8 8 8 8 8 8 8 8 8 8 8 8 8 8 8 8 8 8 8 8 8 8 8 8 8 8 8 8 8 8 8 8 8 8 8 8 8 8 8 8 8 8 8 8 8 8 8 8 8 8 8 8 8 8 8 8 8 8 8 8 8 8 8 8 8 8 8 8 8 8 8 8 8 8 8 8 8 8 8 8 8 8 8 8 8 8 8 8 8 8 8 8 8 8 8 8 8 8 8 8 8 8 8 8 8 8 8 8 8 8 8 8 8 8 8 8 8 8 8 8 8 8 8 8 8 8 8 8 8 8 8 8 8 8 8 8 8 8 8 8 8 8 8 8 8 8 8 8 8 8 8 8 8 8 8 8 8 8 8 8 8 8 8 8 8 8 8 8 8 8 8 8 8 8 8 8 8 8 8 8 8 8 8 8 8 8 8 8 8 8 8 8 8 8 8 8 8 8 8 8 8 8 8 8 8 8 8 8 8 8 8 8 8 8 8 8 8 8 8 8 8 8 8 8 8 8 8 8 8 8 8 8 8 8 8 8 8 8 8 8 8 8 8 8 8 8 8 8 8 8 8 8 8 8 8 8 8 8 8 8 8 8 8 8 8 8 8 8 8 8 8 8 8 8 8 8 8 8 8 8 8 8 8 8 8 8 8 8 8 8 8 8 8 8 8 8 8 8 8 8 8 8 8 8 8 8 8 8 8 8 8 8 8 8 8 8 8 8 8 8 8 8 8 8 8 8 8 8 8 8 8 8 8 8 8 8 8 8 8 8 8 8 8 8 8 8 8 8 8 8 8 8 8 8 8 8 8 8 8 8 8 8 8 8 8 8 8 8 8 8 8 8 8 8 8 8 8 8 8 8 8 8 8 8 8 8 8 8 8 8 8 8 8 8 8 8 8 8 8 8 8 8 8 8 8 8 8 8 8 8 8 8 8 8 8 8 8 8 8 8 8 8 8 8 8 8 8 8 8 8 8 8 8 8 8 8 8 8 8 8 8 8 8 8 8 8 8 8 8 8 8 8 8 8 8 8 8 8 8 8 8 8 8 8 8 8 8 8 8 8 8 8 8 8 8 8 8 8 8 8 8 8 8 8 8 8 8 8 8 8 
82 1	128 1	164 1	187 1	418 2	550 2	652 2	679 2	
129 1	165 1	188 1	551 2	653 2	680 2	0 0	0 0	
83 1	130 1	166 1	189 1	419 2	552 2	654 2	681 2	
84 1	131 1	167 1	420 2	553 2	655 2	0 0	0 0	
85 1	132 1	168 1	190 1	554 2	656 2	682 2	0 0	
86 1	133 1	169 1	191 1	555 2	657 2	683 2	0 0	
87 1	134 1	170 1	192 1	421 2	556 2	658 2	684 2	
88 1	171 1	193 1	422 2	557 2	659 2	0 0	0 0	
89 1	135 1	172 1	194 1	558 2	660 2	685 2	0 0	
90 1	136 1	173 1	195 1	559 2	661 2	686 2	0 0	
91 1	137 1	174 1	196 1	560 2	662 2	687 2	0 0	
92 1	138 1	175 1	197 1	423 2	561 2	688 2	0 0	
93 1	139 1	176 1	198 1	424 2	562 2	663 2	689 2	
94 1	140 1	177 1	199 1	563 2	664 2	690 2	0 0	
95 1	141 1	178 1	200 1	425 2	564 2	665 2	691 2	
142 1	179 1	201 1	565 2	666 2	692 2	0 0	0 0	
96 1	143 1	180 1	202 1	566 2	667 2	693 2	0 0	
97 1	144 1	181 1	203 1	426 2	567 2	668 2	0 0	
98 1	145 1	182 1	204 1	568 2	669 2	694 2	0 0	
99 1	183 1	205 1	569 2	670 2	695 2	0 0	0 0	
100 1	146 1	184 1	206 1	427 2	570 2	671 2	696 2	
147 1	185 1	207 1	428 2	571 2	672 2	697 2	0 0	
101 1	148 1	186 1	208 1	429 2	572 2	673 2	698 2	
102 1	149 1	187 1	209 1	430 2	573 2	674 2	699 2	
103 1	150 1	188 1	210 1	431 2	574 2	675 2	700 2	
104 1	151 1	189 1	211 1	432 2	575 2	676 2	701 2	
105 1	152 1	212 1	433 2	576 2	677 2	702 2	0 0	
106 1	153 1	190 1	213 1	434 2	577 2	678 2	703 2	
107 1	154 1	191 1	214 1	435 2	578 2	679 2	704 2	
108 1	155 1	192 1	215 1	436 2	579 2	680 2	705 2	
109 1	156 1	193 1	216 1	580 2	681 2	706 2	0 0	
110 1	157 1	194 1	217 1	437 2	581 2	707 2	0 0	
111 1	158 1	195 1	218 1	438 2	582 2	682 2	708 2	
112 1	159 1	196 1	219 1	439 2	583 2	683 2	709 2	
113 1	160 1	197 1	220 1	440 2	584 2	684 2	710 2	
114 1	161 1	198 1	221 1	441 2	585 2	711 2	0 0	
115 1	162 1	199 1	222 1	442 2	586 2	685 2	712 2	
116 1	163 1	200 1	223 1	443 2	587 2	686 2	713 2	
117 1	164 1	201 1	224 1	444 2	588 2	687 2	714 2	
118 1	165 1	202 1	225 1	445 2	589 2	688 2	715 2	
119 1	166 1	203 1	226 1	446 2	590 2	689 2	716 2	
120 1	167 1	204 1	227 1	447 2	690 2	717 2	0 0	
121 1	168 1	205 1	228 1	448 2	591 2	691 2	718 2	
122 1	169 1	206 1	229 1	449 2	592 2	692 2	719 2	
123 1	170 1	207 1	230 1	450 2	593 2	693 2	720 2	
124 1	171 1	208 1	231 1	451 2	594 2	721 2	0 0	
125 1	172 1	209 1	232 1	452 2	595 2	694 2	722 2	
126 1	173 1	210 1	233 1	453 2	596 2	695 2	723 2	
127 1	174 1	211 1	234 1	454 2	597 2	696 2	724 2	
128 1	175 1	212 1	235 1	455 2	598 2	697 2	725 2	
129 1	176 1	213 1	236 1	456 2	599 2	698 2	726 2	
130 1	177 1	214 1	237 1	457 2	600 2	699 2	727 2	
131 1	178 1	215 1	238 1	458 2	601 2	700 2	728 2	
132 1	179 1	216 1	239 1	459 2	602 2	701 2	729 2	
133 1	180 1	217 1	240 1	460 2	603 2	702 2	730 2	
134 1	181 1	218 1	241 1	461 2	604 2	703 2	731 2	
182 1	219 1	242 1	462 2	605 2	704 2	732 2	0 0	
135 1	183 1	220 1	243 1	463 2	606 2	705 2	733 2	
136 1	184 1	221 1	244 1	464 2	607 2	706 2	734 2	
137 1	185 1	222 1	245 1	465 2	608 2	707 2	735 2	
138 1	186 1	223 1	246 1	466 2	609 2	708 2	736 2	
139 1	187 1	224 1	247 1	467 2	610 2	709 2	737 2	
140 1	188 1	225 1	248 1	468 2	611 2	710 2	738 2	
141 1	189 1	226 1	249 1	469 2	612 2	711 2	739 2	
142 1	227 1	250 1	470 2	613 2	712 2	740 2	0 0	
143 1	190 1	228 1	251 1	471 2	614 2	713 2	0 0	
144 1	191 1	229 1	252 1	472 2	615 2	714 2	741 2	
145 1	192 1	230 1	253 1	473 2	616 2	715 2	742 2	
193 1	231 1	254 1	474 2	617 2	716 2	743 2	0 0	
146 1	194 1	232 1	255 1	475 2	618 2	717 2	744 2	
147 1	195 1	233 1	256 1	476 2	619 2	718 2	745 2	
148 1	196 1	234 1	257 1	477 2	620 2	719 2	746 2	
149 1	197 1	235 1	258 1	478 2	621 2	720 2	747 2	
150 1	198 1	236 1	259 1	479 2	622 2	721 2	748 2	
151 1	199 1	237 1	260 1	480 2	623 2	722 2	749 2	
152 1	200 1	238 1	261 1	481 2	624 2	723 2	750 2	
153 1	201 1	239 1	262 1	482 2	625 2	724 2	751 2	
154 1	202 1	240 1	263 1	483 2	626 2	725 2	752 2	
155 1	203 1	241 1	264 1	484 2	627 2	726 2	753 2	
156 1	204 1	242 1	265 1	485 2	628 2	727 2	754 2	
157 1	205 1	243 1	266 1	486 2	629 2	728 2	755 2	
158 1	206 1	244 1	267 1	487 2	630 2	729 2	756 2	
159 1	207 1	245 1	268 1	488 2	631 2	730 2	757 2	
160 1	208 1	246 1	269 1	489 2	632 2	731 2	758 2	
161 1	209 1	247 1	270 1	490 2	633 2	732 2	759 2	
162 1	210 1	248 1	271 1	491 2	634 2	733 2	760 2	
163 1	211 1	249 1	272 1	492 2	635 2	734 2	761 2	
164 1	212 1	250 1	273 1	493 2	636 2	735 2	762 2	
165 1	213 1	251 1	274 1	494 2	637 2	736 2	763 2	
166 1	214 1	252 1	275 1	638 2	737 2	764 2	0 0	
167 1	215 1	253 1	276 1	495 2	639 2	738 2	765 2	
168 1	216 1	254 1	277 1	496 2	640 2	739 2	766 2	
169 1	217 1	255 1	278 1	497 2	641 2	740 2	767 2	
170 1	218 1	256 1	279 1	498 2	642 2	768 2	0 0	
171 1	219 1	257 1	280 1	499 2	643 2	741 2	769 2	
172 1	220 1	258 1	281 1	500 2	644 2	742 2	770 2	
173 1	221 1	259 1	282 1	501 2	645 2	743 2	771 2	
174 1	222 1	260 1	283 1	502 2	646 2	744 2	772 2	
175 1	223 1	261 1	284 1	503 2	745 2	773 2	0 0	
176 1	224 1	262 1	285 1	504 2	647 2	746 2	774 2	
177 1	225 1	263 1	286 1	505 2	648 2	747 2	775 2	
178 1	226 1	264 1	287 1	506 2	649 2	748 2	776 2	
179 1	227 1	265 1	288 1	507 2	650 2	749 2	777 2	
180 1	228 1	266 1	289 1	508 2	651 2	750 2	778 2	
181 1	229 1	267 1	290 1	509 2	652 2	751 2	779 2	
182 1	230 1	268 1	291 1	510 2	653 2	752 2	780 2	
183 1	231 1	269 1	292 1	511 2	654 2	753 2	781 2	
184 1	232 1	270 1	293 1	512 2	655 2	754 2	782 2	
185 1	233 1	271 1	294 1	513 2	656 2	755 2	783 2	
186 1	234 1	272 1	295 1	514 2	657 2	756 2	784 2	
187 1	235 1	273 1	296 1	515 2	658 2	757 2	785 2	
188 1	236 1	274 1	297 1	516 2	659 2	758 2	786 2	
189 1	237 1	275 1	298 1	517 2	660 2	759 2	787 2	
238 1	276 1	299 1	518 2	661 2	760 2	788 2	0 0	
190 1	239 1	277 1	300 1	519 2	662 2	761 2	789 2	
191 1	240 1	278 1	301 1	520 2	762 2	790 2	0 0	
192 1	241 1	279 1	302 1	521 2	663 2	763 2	791 2	
193 1	242 1	280 1	303 1	522 2	664 2	764 2	792 2	
194 1	243 1	281 1	304 1	523 2	665 2	765 2	793 2	
195 1	244 1	282 1	305 1	524 2	666 2	766 2	794 2	
196 1	245 1	283 1	306 1	525 2	667 2	767 2	795 2	
197 1	246 1	284 1	307 1	526 2	668 2	768 2	796 2	
198 1	247 1	285 1	308 1	527 2	669 2	769 2	797 2	
199 1	248 1	286 1	309 1	528 2	670 2	770 2	798 2	
200 1	249 1	287 1	310 1	671 2	771 2	799 2	0 0	
201 1	250 1	288 1	311 1	529 2	672 2	772 2	800 2	
202 1	251 1	289 1	312 1	530 2	673 2	773 2	801 2	
203 1	252 1	290 1	313 1	531 2	674 2	774 2	802 2	
204 1	253 1	291 1	314 1	532 2	675 2	775 2	803 2	
205 1	254 1	292 1	315 1	533 2	676 2	776 2	804 2	
206 1	255 1	293 1	316 1	534 2	677 2	777 2	805 2	
207 1	256 1	294 1	317 1	535 2	678 2	778 2	806 2	
208 1	257 1	295 1	318 1	536 2	679 2	779 2	807 2	
209 1	258 1	296 1	319 1	537 2	680 2	780 2	808 2	
210 1	259 1	297 1	320 1	538 2	681 2	781 2	809 2	
211 1	260 1	298 1	321 1	539 2	782 2	810 2	0 0	
212 1	261 1	299 1	322 1	540 2	682 2	783 2	811 2	
213 1	262 1	300 1	323 1	541 2	683 2	784 2	812 2	
214 1	263 1	301 1	324 1	542 2	684 2	785 2	813 2	
215 1	264 1	302 1	325 1	543 2	786 2	814 2	0 0	
216 1	265 1	303 1	326 1	544 2	685 2	787 2	815 2	
217 1	266 1	304 1	327 1	545 2	686 2	788 2	816 2	
218 1	267 1	305 1	328 1	546 2	687 2	789 2	817 2	
219 1	268 1	306 1	329 1	547 2	688 2	790 2	818 2	
220 1	269 1	307 1	330 1	548 2	689 2	791 2	819 2	
221 1	270 1	308 1	331 1	549 2	690 2	792 2	820 2	
222 1	271 1	309 1	332 1	550 2	691 2	793 2	821 2	
223 1	272 1	310 1	333 1	551 2	692 2	794 2	822 2	
224 1	273 1	311 1	334 1	552 2	693 2	795 2	823 2	
225 1	274 1	312 1	335 1	553 2	796 2	824 2	0 0	
226 1	275 1	313 1	336 1	554 2	694 2	797 2	825 2	
227 1	276 1	314 1	337 1	555 2	695 2	798 2	826 2	
228 1	277 1	315 1	338 1	556 2	696 2	799 2	827 2	
229 1	278 1	316 1	339 1	557 2	697 2	800 2	828 2	
230 1	279 1	317 1	340 1	558 2	698 2	801 2	829 2	
231 1	280 1	318 1	341 1	559 2	699 2	802 2	830 2	
232 1	281 1	319 1	342 1	560 2	700 2	803 2	831 2	
233 1	282 1	320 1	343 1	561 2	701 2	804 2	832 2	
234 1	283 1	321 1	344 1	562 2	702 2	805 2	833 2	
235 1	284 1	322 1	345 1	563 2	703 2	806 2	834 2	
236 1	285 1	323 1	346 1	564 2	704 2	807 2	0 0	
237 1	286 1	324 1	347 1	565 2	705 2	808 2	0 0	
238 1	287 1	325 1	348 1	566 2	706 2	809 2	0 0	
239 1	288 1	326 1	349 1	418 2	567 2	707 2	810 2	
240 1	289 1	327 1	350 1	568 2	708 2	811 2	0 0	
241 1	290 1	328 1	351 1	419 2	569 2	709 2	812 2	
242 1	291 1	329 1	352 1	420 2	570 2	710 2	813 2	
243 1	292 1	330 1	353 1	571 2	711 2	814 2	0 0	
244 1	293 1	331 1	354 1	572 2	712 2	815 2	0 0	
245 1	294 1	332 1	355 1	421 2	573 2	713 2	816 2	
246 1	295 1	333 1	356 1	422 2	574 2	714 2	817 2	
247 1	296 1	334 1	357 1	575 2	715 2	818 2	0 0	
248 1	297 1	335 1	358 1	576 2	716 2	819 2	0 0	
249 1	298 1	336 1	359 1	577 2	717 2	820 2	0 0	
250 1	299 1	337 1	360 1	423 2	578 2	718 2	821 2	
251 1	300 1	338 1	361 1	424 2	579 2	719 2	822 2	
252 1	301 1	339 1	362 1	580 2	720 2	823 2	0 0	
253 1	302 1	340 1	363 1	425 2	581 2	721 2	824 2	
254 1	303 1	341 1	364 1	582 2	722 2	825 2	0 0	
255 1	304 1	342 1	365 1	583 2	723 2	826 2	0 0	
256 1	305 1	343 1	366 1	426 2	584 2	724 2	827 2	
257 1	306 1	344 1	367 1	585 2	725 2	828 2	0 0	
258 1	307 1	345 1	368 1	586 2	726 2	829 2	0 0	
259 1	308 1	346 1	369 1	427 2	587 2	727 2	830 2	
260 1	309 1	347 1	370 1	428 2	588 2	728 2	831 2	
261 1	310 1	348 1	371 1	429 2	589 2	729 2	832 2	
262 1	311 1	349 1	372 1	430 2	590 2	730 2	833 2	
263 1	312 1	350 1	373 1	431 2	731 2	834 2	0 0	
264 1	313 1	351 1	374 1	432 2	591 2	732 2	0 0	
265 1	314 1	352 1	375 1	433 2	592 2	733 2	0 0	
266 1	315 1	353 1	376 1	434 2	593 2	734 2	0 0	
267 1	316 1	354 1	377 1	418 2	435 2	594 2	735 2	
268 1	317 1	355 1	378 1	436 2	595 2	736 2	0 0	
269 1	318 1	356 1	379 1	419 2	596 2	737 2	0 0	
270 1	319 1	357 1	380 1	420 2	437 2	597 2	738 2	
271 1	320 1	358 1	381 1	438 2	598 2	739 2	0 0	
272 1	321 1	359 1	382 1	439 2	599 2	740 2	0 0	
273 1	322 1	360 1	383 1	421 2	440 2	600 2	0 0	
274 1	323 1	361 1	384 1	422 2	441 2	601 2	741 2	
275 1	324 1	362 1	385 1	442 2	602 2	742 2	0 0	
276 1	325 1	363 1	386 1	443 2	603 2	743 2	0 0	
277 1	326 1	364 1	387 1	444 2	604 2	744 2	0 0	
278 1	327 1	365 1	388 1	423 2	445 2	605 2	745 2	
279 1	328 1	366 1	389 1	424 2	446 2	606 2	746 2	
280 1	329 1	367 1	390 1	447 2	607 2	747 2	0 0	
281 1	330 1	368 1	391 1	425 2	448 2	608 2	748 2	
282 1	331 1	369 1	392 1	449 2	609 2	749 2	0 0	
283 1	332 1	370 1	393 1	450 2	610 2	750 2	0 0	
284 1	333 1	371 1	394 1	426 2	451 2	611 2	751 2	
285 1	334 1	372 1	395 1	452 2	612 2	752 2	0 0	
286 1	335 1	373 1	396 1	453 2	613 2	753 2	0 0	
287 1	336 1	374 1	397 1	427 2	454 2	614 2	754 2	
288 1	337 1	375 1	398 1	428 2	455 2	615 2	755 2	
289 1	338 1	376 1	399 1	429 2	456 2	616 2	756 2	
290 1	339 1	377 1	400 1	430 2	457 2	617 2	757 2	
291 1	340 1	378 1	401 1	431 2	458 2	618 2	758 2	
292 1	341 1	379 1	402 1	432 2	459 2	619 2	759 2	
293 1	342 1	380 1	433 2	460 2	620 2	760 2	0 0	
294 1	343 1	381 1	403 1	434 2	461 2	621 2	761 2	
295 1	344 1	382 1	404 1	435 2	462 2	622 2	762 2	
296 1	345 1	383 1	405 1	436 2	463 2	623 2	763 2	
297 1	346 1	384 1	406 1	464 2	624 2	764 2	0 0	
298 1	347 1	385 1	407 1	437 2	465 2	625 2	765 2	
299 1	348 1	386 1	408 1	438 2	466 2	626 2	766 2	
300 1	349 1	387 1	409 1	439 2	467 2	627 2	767 2	
301 1	350 1	388 1	410 1	440 2	468 2	628 2	768 2	
302 1	351 1	389 1	411 1	441 2	469 2	629 2	769 2	
303 1	352 1	390 1	412 1	442 2	470 2	630 2	770 2	
304 1	353 1	391 1	413 1	443 2	471 2	631 2	771 2	
305 1	354 1	392 1	414 1	444 2	472 2	632 2	772 2	
306 1	355 1	393 1	415 1	445 2	473 2	633 2	773 2	
307 1	356 1	394 1	416 1	446 2	474 2	634 2	774 2	
308 1	357 1	395 1	417 1	447 2	475 2	635 2	775 2	
309 1	358 1	396 1	448 2	476 2	636 2	776 2	0 0	
310 1	359 1	397 1	449 2	477 2	637 2	777 2	0 0	
311 1	360 1	398 1	450 2	478 2	638 2	778 2	0 0	
1 1	312 1	361 1	399 1	451 2	479 2	639 2	779 2	
313 1	362 1	400 1	452 2	480 2	640 2	780 2	0 0	
314 1	363 1	401 1	453 2	481 2	641 2	781 2	0 0	
315 1	364 1	402 1	454 2	482 2	642 2	782 2	0 0	
2 1	316 1	365 1	455 2	483 2	643 2	783 2	0 0	
3 1	317 1	366 1	403 1	456 2	484 2	644 2	784 2	
4 1	318 1	367 1	404 1	457 2	485 2	645 2	785 2	
319 1	368 1	405 1	458 2	486 2	646 2	786 2	0 0	
320 1	369 1	406 1	459 2	487 2	787 2	0 0	0 0	
5 1	321 1	370 1	407 1	460 2	488 2	647 2	788 2	
6 1	322 1	371 1	408 1	461 2	489 2	648 2	789 2	
323 1	372 1	409 1	462 2	490 2	649 2	790 2	0 0	
7 1	324 1	373 1	410 1	463 2	491 2	650 2	791 2	
325 1	374 1	411 1	464 2	492 2	651 2	792 2	0 0	
326 1	375 1	412 1	465 2	493 2	652 2	793 2	0 0	
8 1	327 1	376 1	413 1	466 2	494 2	653 2	794 2	
328 1	377 1	414 1	467 2	654 2	795 2	0 0	0 0	
9 1	329 1	378 1	415 1	468 2	495 2	655 2	796 2	
330 1	379 1	416 1	469 2	496 2	656 2	797 2	0 0	
10 1	331 1	380 1	417 1	470 2	497 2	657 2	798 2	
11 1	332 1	381 1	471 2	498 2	658 2	799 2	0 0	
12 1	333 1	382 1	472 2	499 2	659 2	800 2	0 0	
13 1	334 1	383 1	473 2	500 2	660 2	801 2	0 0	
1 1	14 1	335 1	384 1	474 2	501 2	661 2	802 2	
15 1	336 1	385 1	475 2	502 2	662 2	803 2	0 0	
16 1	337 1	386 1	476 2	503 2	804 2	0 0	0 0	
17 1	338 1	387 1	477 2	504 2	663 2	805 2	0 0	
2 1	18 1	339 1	388 1	478 2	505 2	664 2	806 2	
3 1	340 1	389 1	479 2	506 2	665 2	807 2	0 0	
4 1	19 1	341 1	390 1	480 2	507 2	666 2	808 2	
20 1	342 1	391 1	481 2	508 2	667 2	809 2	0 0	
21 1	343 1	392 1	482 2	509 2	668 2	810 2	0 0	
5 1	22 1	344 1	393 1	483 2	510 2	669 2	811 2	
6 1	345 1	394 1	484 2	511 2	670 2	812 2	0 0	
23 1	346 1	395 1	485 2	512 2	671 2	813 2	0 0	
7 1	24 1	347 1	396 1	486 2	513 2	672 2	814 2	
25 1	348 1	397 1	487 2	514 2	673 2	815 2	0 0	
26 1	349 1	398 1	488 2	515 2	674 2	816 2	0 0	
8 1	350 1	399 1	489 2	516 2	675 2	817 2	0 0	
27 1	351 1	400 1	490 2	517 2	676 2	818 2	0 0	
9 1	28 1	352 1	401 1	491 2	518 2	677 2	819 2	
29 1	353 1	402 1	492 2	519 2	678 2	820 2	0 0	
10 1	30 1	354 1	493 2	520 2	679 2	821 2	0 0	
11 1	31 1	355 1	403 1	494 2	521 2	680 2	822 2	
12 1	32 1	356 1	404 1	522 2	681 2	823 2	0 0	
13 1	33 1	357 1	405 1	495 2	523 2	824 2	0 0	
14 1	34 1	358 1	406 1	496 2	524 2	682 2	825 2	
15 1	35 1	359 1	407 1	497 2	525 2	683 2	826 2	
16 1	36 1	360 1	408 1	498 2	526 2	684 2	827 2	
17 1	37 1	361 1	409 1	499 2	527 2	828 2	0 0	
18 1	38 1	362 1	410 1	500 2	528 2	685 2	829 2	
39 1	363 1	411 1	501 2	686 2	830 2	0 0	0 0	
19 1	40 1	364 1	412 1	502 2	529 2	687 2	831 2	
20 1	41 1	365 1	413 1	503 2	530 2	688 2	832 2	
21 1	42 1	366 1	414 1	504 2	531 2	689 2	833 2	
22 1	43 1	367 1	415 1	505 2	532 2	690 2	834 2	
44 1	368 1	416 1	506 2	533 2	691 2	0 0	0 0	
23 1	45 1	369 1	417 1	507 2	534 2	692 2	0 0	
24 1	46 1	370 1	508 2	535 2	693 2	0 0	0 0	
25 1	47 1	371 1	418 2	509 2	536 2	0 0	0 0	
26 1	48 1	372 1	510 2	537 2	694 2	0 0	0 0	
1 1	49 1	373 1	419 2	511 2	538 2	695 2	0 0	
27 1	50 1	374 1	420 2	512 2	539 2	696 2	0 0	
28 1	51 1	375 1	513 2	540 2	697 2	0 0	0 0	
29 1	52 1	376 1	514 2	541 2	698 2	0 0	0 0	
2 1	30 1	53 1	377 1	421 2	515 2	542 2	699 2	
3 1	31 1	54 1	378 1	422 2	516 2	543 2	700 2	
4 1	32 1	55 1	379 1	517 2	544 2	701 2	0 0	
33 1	56 1	380 1	518 2	545 2	702 2	0 0	0 0	
34 1	57 1	381 1	519 2	546 2	703 2	0 0	0 0	
5 1	35 1	382 1	423 2	520 2	547 2	704 2	0 0	
6 1	36 1	58 1	383 1	424 2	521 2	548 2	705 2	
37 1	59 1	384 1	522 2	549 2	706 2	0 0	0 0	
7 1	38 1	60 1	385 1	425 2	523 2	550 2	707 2	
39 1	61 1	386 1	524 2	551 2	708 2	0 0	0 0	
40 1	62 1	387 1	525 2	552 2	709 2	0 0	0 0	
8 1	41 1	63 1	388 1	426 2	526 2	553 2	710 2	
42 1	64 1	389 1	527 2	554 2	711 2	0 0	0 0	
9 1	43 1	65 1	390 1	528 2	555 2	712 2	0 0	
44 1	66 1	391 1	427 2	556 2	713 2	0 0	0 0	
10 1	45 1	67 1	392 1	428 2	529 2	557 2	714 2	
11 1	46 1	68 1	393 1	429 2	530 2	558 2	715 2	
12 1	47 1	69 1	394 1	430 2	531 2	559 2	716 2	
13 1	48 1	70 1	395 1	431 2	532 2	560 2	717 2	
14 1	49 1	71 1	396 1	432 2	533 2	561 2	718 2	
15 1	50 1	72 1	397 1	433 2	534 2	562 2	719 2	
16 1	51 1	73 1	398 1	434 2	535 2	563 2	720 2	
17 1	52 1	74 1	399 1	435 2	536 2	564 2	721 2	
18 1	53 1	75 1	400 1	436 2	537 2	565 2	722 2	
54 1	76 1	401 1	538 2	566 2	723 2	0 0	0 0	
19 1	55 1	77 1	402 1	437 2	539 2	567 2	724 2	
20 1	56 1	78 1	438 2	540 2	568 2	725 2	0 0	
21 1	57 1	79 1	403 1	439 2	541 2	569 2	726 2	
22 1	80 1	404 1	440 2	542 2	570 2	727 2	0 0	
58 1	81 1	405 1	441 2	543 2	571 2	728 2	0 0	
23 1	59 1	82 1	406 1	442 2	544 2	572 2	729 2	
24 1	60 1	407 1	443 2	545 2	573 2	730 2	0 0	
25 1	61 1	83 1	408 1	444 2	546 2	574 2	731 2	
26 1	62 1	84 1	409 1	445 2	547 2	575 2	732 2	
63 1	85 1	410 1	446 2	548 2	576 2	733 2	0 0	
27 1	64 1	86 1	411 1	447 2	549 2	577 2	734 2	
28 1	65 1	87 1	412 1	448 2	550 2	578 2	735 2	
29 1	66 1	88 1	413 1	449 2	551 2	579 2	736 2	
30 1	67 1	89 1	414 1	450 2	552 2	580 2	737 2	
31 1	68 1	90 1	415 1	451 2	553 2	581 2	738 2	
32 1	69 1	91 1	416 1	452 2	554 2	582 2	739 2	
33 1	70 1	92 1	417 1	453 2	555 2	583 2	740 2	
34 1	71 1	93 1	454 2	556 2	584 2	0 0	0 0	
35 1	72 1	94 1	455 2	557 2	585 2	741 2	0 0	
36 1	73 1	95 1	456 2	558 2	586 2	742 2	0 0	
1 1	37 1	74 1	457 2	559 2	587 2	743 2	0 0	
38 1	75 1	96 1	458 2	560 2	588 2	744 2	0 0	
39 1	76 1	97 1	459 2	561 2	589 2	745 2	0 0	
40 1	77 1	98 1	460 2	562 2	590 2	746 2	0 0	
2 1	41 1	78 1	99 1	461 2	563 2	747 2	0 0	
3 1	42 1	79 1	100 1	462 2	564 2	591 2	748 2	
4 1	43 1	80 1	463 2	565 2	592 2	749 2	0 0	
44 1	81 1	101 1	464 2	566 2	593 2	750 2	0 0	
45 1	82 1	102 1	465 2	567 2	594 2	751 2	0 0	
5 1	46 1	103 1	466 2	568 2	595 2	752 2	0 0	
6 1	47 1	83 1	104 1	467 2	569 2	596 2	753 2	
48 1	84 1	105 1	468 2	570 2	597 2	754 2	0 0	
7 1	49 1	85 1	106 1	469 2	571 2	598 2	755 2	
50 1	86 1	107 1	470 2	572 2	599 2	756 2	0 0	
51 1	87 1	108 1	471 2	573 2	600 2	757 2	0 0	
8 1	52 1	88 1	109 1	472 2	574 2	601 2	758 2	
53 1	89 1	110 1	473 2	575 2	602 2	759 2	0 0	
9 1	54 1	90 1	111 1	474 2	576 2	603 2	760 2	
55 1	91 1	112 1	475 2	577 2	604 2	761 2	0 0	
10 1	56 1	92 1	113 1	476 2	578 2	605 2	762 2	
11 1	57 1	93 1	114 1	477 2	579 2	606 2	763 2	
12 1	94 1	115 1	478 2	580 2	607 2	764 2	0 0	
13 1	58 1	95 1	116 1	479 2	581 2	608 2	765 2	
14 1	59 1	117 1	480 2	582 2	609 2	766 2	0 0	
15 1	60 1	96 1	118 1	481 2	583 2	610 2	767 2	
16 1	61 1	97 1	119 1	482 2	584 2	611 2	768 2	
17 1	62 1	98 1	120 1	483 2	585 2	612 2	769 2	
18 1	63 1	99 1	121 1	484 2	586 2	613 2	770 2	
64 1	100 1	122 1	485 2	587 2	614 2	771 2	0 0	
19 1	65 1	123 1	486 2	588 2	615 2	772 2	0 0	
20 1	66 1	101 1	124 1	487 2	589 2	616 2	773 2	
21 1	67 1	102 1	125 1	488 2	590 2	617 2	774 2	
22 1	68 1	103 1	126 1	489 2	618 2	775 2	0 0	
69 1	104 1	127 1	490 2	591 2	619 2	776 2	0 0	
23 1	70 1	105 1	128 1	491 2	592 2	620 2	777 2	
24 1	71 1	106 1	129 1	492 2	593 2	621 2	778 2	
25 1	72 1	107 1	130 1	493 2	594 2	622 2	779 2	
26 1	73 1	108 1	131 1	494 2	595 2	623 2	780 2	
74 1	109 1	132 1	596 2	624 2	781 2	0 0	0 0	
27 1	75 1	110 1	133 1	495 2	597 2	625 2	782 2	
28 1	76 1	111 1	134 1	496 2	598 2	626 2	783 2	
29 1	77 1	112 1	497 2	599 2	627 2	784 2	0 0	
30 1	78 1	113 1	135 1	498 2	600 2	628 2	785 2	
31 1	79 1	114 1	136 1	499 2	601 2	629 2	786 2	
32 1	80 1	115 1	137 1	500 2	602 2	630 2	787 2	
33 1	81 1	116 1	138 1	501 2	603 2	631 2	788 2	
34 1	82 1	117 1	139 1	502 2	604 2	632 2	789 2	
35 1	118 1	140 1	503 2	605 2	633 2	790 2	0 0	
36 1	83 1	119 1	141 1	504 2	606 2	634 2	791 2	
37 1	84 1	120 1	142 1	505 2	607 2	635 2	792 2	
38 1	85 1	121 1	143 1	506 2	608 2	636 2	793 2	
39 1	86 1	122 1	144 1	507 2	609 2	637 2	794 2	
40 1	87 1	123 1	145 1	508 2	610 2	638 2	795 2	
41 1	88 1	124 1	509 2	611 2	639 2	796 2	0 0	
42 1	89 1	125 1	146 1	510 2	612 2	640 2	797 2	
43 1	90 1	126 1	147 1	511 2	613 2	641 2	798 2	
44 1	91 1	127 1	148 1	512 2	614 2	642 2	799 2	
45 1	92 1	128 1	149 1	513 2	615 2	643 2	800 2	
46 1	93 1	129 1	150 1	514 2	616 2	644 2	801 2	
47 1	94 1	130 1	151 1	515 2	617 2	645 2	802 2	
48 1	95 1	131 1	152 1	516 2	618 2	646 2	803 2	
49 1	132 1	153 1	517 2	619 2	804 2	0 0	0 0	
50 1	96 1	133 1	154 1	518 2	620 2	647 2	805 2	
51 1	97 1	134 1	155 1	519 2	621 2	648 2	806 2	
52 1	98 1	156 1	520 2	622 2	649 2	807 2	0 0	
53 1	99 1	135 1	157 1	521 2	623 2	650 2	808 2	
54 1	100 1	136 1	158 1	522 2	624 2	651 2	809 2	
55 1	137 1	159 1	523 2	625 2	652 2	810 2	0 0	
56 1	101 1	138 1	160 1	524 2	626 2	653 2	811 2	
57 1	102 1	139 1	161 1	525 2	627 2	654 2	812 2	
103 1	140 1	162 1	526 2	628 2	655 2	813 2	0 0	
58 1	104 1	141 1	163 1	527 2	629 2	656 2	814 2	
59 1	105 1	142 1	164 1	528 2	630 2	657 2	815 2	
60 1	106 1	143 1	165 1	631 2	658 2	816 2	0 0	
61 1	107 1	144 1	166 1	529 2	632 2	659 2	817 2	
62 1	108 1	145 1	167 1	530 2	633 2	660 2	818 2	
63 1	109 1	168 1	531 2	634 2	661 2	819 2	0 0	
64 1	110 1	146 1	169 1	532 2	635 2	662 2	820 2	
65 1	111 1	147 1	170 1	533 2	636 2	821 2	0 0	
66 1	112 1	148 1	171 1	534 2	637 2	663 2	822 2	
67 1	113 1	149 1	172 1	535 2	638 2	664 2	823 2	
68 1	114 1	150 1	173 1	536 2	639 2	665 2	824 2	
69 1	115 1	151 1	174 1	537 2	640 2	666 2	825 2	
70 1	116 1	152 1	175 1	538 2	641 2	667 2	826 2	
71 1	117 1	153 1	176 1	539 2	642 2	668 2	827 2	
72 1	118 1	154 1	177 1	540 2	643 2	669 2	828 2	
73 1	119 1	155 1	178 1	541 2	644 2	670 2	829 2	
74 1	120 1	156 1	179 1	542 2	645 2	671 2	830 2	
75 1	121 1	157 1	180 1	543 2	646 2	672 2	831 2	
76 1	122 1	158 1	181 1	544 2	673 2	832 2	0 0	
77 1	123 1	159 1	182 1	545 2	647 2	674 2	833 2	
78 1	124 1	160 1	183 1	546 2	648 2	675 2	834 2	
79 1	125 1	161 1	184 1	547 2	649 2	676 2	0 0	
80 1	126 1	162 1	185 1	548 2	650 2	677 2	0 0	
81 1	127 1	163 1	186 1	549 2	651 2	678 2	0 0	
142 1	169 1	272 1	417 1	635 2	657 2	692 2	740 2	
143 1	170 1	273 1	636 2	658 2	693 2	0 0	0 0	
144 1	171 1	274 1	637 2	659 2	741 2	0 0	0 0	
145 1	172 1	275 1	638 2	660 2	694 2	742 2	0 0	
1 1	173 1	276 1	639 2	661 2	695 2	743 2	0 0	
146 1	174 1	277 1	640 2	662 2	696 2	744 2	0 0	
147 1	175 1	278 1	641 2	697 2	745 2	0 0	0 0	
148 1	176 1	279 1	642 2	663 2	698 2	746 2	0 0	
2 1	149 1	177 1	280 1	643 2	664 2	699 2	747 2	
3 1	150 1	178 1	281 1	644 2	665 2	700 2	748 2	
4 1	151 1	179 1	282 1	645 2	666 2	701 2	749 2	
152 1	180 1	283 1	646 2	667 2	702 2	750 2	0 0	
153 1	181 1	284 1	668 2	703 2	751 2	0 0	0 0	
5 1	154 1	182 1	285 1	647 2	669 2	704 2	752 2	
6 1	155 1	183 1	286 1	648 2	670 2	705 2	753 2	
156 1	184 1	287 1	649 2	671 2	706 2	754 2	0 0	
7 1	157 1	185 1	288 1	650 2	672 2	707 2	755 2	
158 1	186 1	289 1	651 2	673 2	708 2	756 2	0 0	
159 1	187 1	290 1	652 2	674 2	709 2	757 2	0 0	
8 1	160 1	188 1	291 1	653 2	675 2	710 2	758 2	
161 1	189 1	292 1	654 2	676 2	711 2	759 2	0 0	
9 1	162 1	293 1	655 2	677 2	712 2	760 2	0 0	
163 1	190 1	294 1	656 2	678 2	713 2	761 2	0 0	
10 1	164 1	191 1	295 1	657 2	679 2	714 2	762 2	
11 1	165 1	192 1	296 1	658 2	680 2	715 2	763 2	
12 1	166 1	193 1	297 1	659 2	681 2	716 2	764 2	
13 1	167 1	194 1	298 1	660 2	717 2	765 2	0 0	
14 1	168 1	195 1	299 1	661 2	682 2	718 2	766 2	
15 1	169 1	196 1	300 1	662 2	683 2	719 2	767 2	
16 1	170 1	197 1	301 1	684 2	720 2	768 2	0 0	
17 1	171 1	198 1	302 1	663 2	721 2	769 2	0 0	
18 1	172 1	199 1	303 1	664 2	685 2	722 2	770 2	
173 1	200 1	304 1	665 2	686 2	723 2	771 2	0 0	
19 1	174 1	201 1	305 1	666 2	687 2	724 2	772 2	
20 1	175 1	202 1	306 1	667 2	688 2	725 2	773 2	
21 1	176 1	203 1	307 1	668 2	689 2	726 2	774 2	
22 1	177 1	204 1	308 1	669 2	690 2	727 2	775 2	
178 1	205 1	309 1	670 2	691 2	728 2	776 2	0 0	
23 1	179 1	206 1	310 1	671 2	692 2	729 2	777 2	
24 1	180 1	207 1	311 1	672 2	693 2	730 2	778 2	
25 1	181 1	208 1	312 1	673 2	731 2	779 2	0 0	
26 1	182 1	209 1	313 1	674 2	694 2	732 2	780 2	
183 1	210 1	314 1	675 2	695 2	733 2	781 2	0 0	
27 1	184 1	211 1	315 1	676 2	696 2	734 2	782 2	
28 1	185 1	212 1	316 1	677 2	697 2	735 2	783 2	
29 1	186 1	213 1	317 1	678 2	698 2	736 2	784 2	
30 1	187 1	214 1	318 1	679 2	699 2	737 2	785 2	
31 1	188 1	215 1	319 1	680 2	700 2	738 2	786 2	
32 1	189 1	216 1	320 1	681 2	701 2	739 2	787 2	
33 1	217 1	321 1	702 2	740 2	788 2	0 0	0 0	
34 1	190 1	218 1	322 1	682 2	703 2	789 2	0 0	
35 1	191 1	219 1	323 1	683 2	704 2	741 2	790 2	
36 1	192 1	220 1	324 1	684 2	705 2	742 2	791 2	
37 1	193 1	221 1	325 1	706 2	743 2	792 2	0 0	
38 1	194 1	222 1	326 1	685 2	707 2	744 2	793 2	
39 1	195 1	223 1	327 1	686 2	708 2	745 2	794 2	
40 1	196 1	224 1	328 1	687 2	709 2	746 2	795 2	
41 1	197 1	225 1	329 1	688 2	710 2	747 2	796 2	
42 1	198 1	226 1	330 1	689 2	711 2	748 2	797 2	
43 1	199 1	227 1	331 1	690 2	712 2	749 2	798 2	
44 1	200 1	228 1	332 1	691 2	713 2	750 2	799 2	
45 1	201 1	229 1	333 1	692 2	714 2	751 2	800 2	
46 1	202 1	230 1	334 1	693 2	715 2	752 2	801 2	
47 1	203 1	231 1	335 1	716 2	753 2	802 2	0 0	
48 1	204 1	232 1	336 1	694 2	717 2	754 2	803 2	
49 1	205 1	233 1	337 1	695 2	718 2	755 2	804 2	
50 1	206 1	234 1	338 1	696 2	719 2	756 2	805 2	
51 1	207 1	235 1	339 1	697 2	720 2	757 2	806 2	
52 1	208 1	236 1	340 1	698 2	721 2	758 2	807 2	
53 1	209 1	237 1	341 1	699 2	722 2	759 2	808 2	
54 1	210 1	238 1	342 1	700 2	723 2	760 2	809 2	
55 1	211 1	239 1	343 1	701 2	724 2	761 2	810 2	
56 1	212 1	240 1	344 1	702 2	725 2	762 2	811 2	
57 1	213 1	241 1	345 1	703 2	726 2	763 2	812 2	
214 1	242 1	346 1	704 2	727 2	764 2	813 2	0 0	
58 1	215 1	243 1	347 1	705 2	728 2	765 2	814 2	
59 1	216 1	244 1	348 1	706 2	729 2	766 2	815 2	
60 1	217 1	245 1	349 1	707 2	730 2	767 2	816 2	
61 1	218 1	246 1	350 1	708 2	731 2	768 2	817 2	
62 1	219 1	247 1	351 1	709 2	732 2	769 2	818 2	
63 1	220 1	248 1	352 1	710 2	733 2	770 2	819 2	
64 1	221 1	249 1	353 1	711 2	734 2	771 2	820 2	
65 1	222 1	250 1	354 1	712 2	735 2	772 2	821 2	
66 1	223 1	251 1	355 1	713 2	736 2	773 2	822 2	
67 1	224 1	252 1	356 1	714 2	737 2	774 2	823 2	
68 1	225 1	253 1	357 1	715 2	738 2	775 2	824 2	
69 1	226 1	254 1	358 1	716 2	739 2	776 2	825 2	
70 1	227 1	255 1	359 1	717 2	740 2	777 2	826 2	
71 1	228 1	256 1	360 1	718 2	778 2	827 2	0 0	
72 1	229 1	257 1	361 1	719 2	741 2	779 2	828 2	
73 1	230 1	258 1	362 1	720 2	742 2	780 2	829 2	
74 1	231 1	259 1	363 1	721 2	743 2	781 2	830 2	
75 1	232 1	260 1	364 1	722 2	744 2	782 2	831 2	
76 1	233 1	261 1	365 1	723 2	745 2	783 2	832 2	
77 1	234 1	262 1	366 1	724 2	746 2	784 2	833 2	
78 1	235 1	263 1	367 1	725 2	747 2	785 2	834 2	
79 1	236 1	264 1	368 1	726 2	748 2	786 2	0 0	
80 1	237 1	265 1	369 1	727 2	749 2	787 2	0 0	
81 1	238 1	266 1	370 1	728 2	750 2	788 2	0 0	
82 1	239 1	267 1	371 1	418 2	729 2	751 2	789 2	
240 1	268 1	372 1	730 2	752 2	790 2	0 0	0 0	
83 1	241 1	269 1	373 1	419 2	731 2	753 2	791 2	
84 1	242 1	270 1	374 1	420 2	732 2	754 2	792 2	
85 1	243 1	271 1	375 1	733 2	755 2	793 2	0 0	
86 1	244 1	272 1	376 1	734 2	756 2	794 2	0 0	
87 1	245 1	273 1	377 1	421 2	735 2	757 2	795 2	
88 1	246 1	274 1	378 1	422 2	736 2	758 2	796 2	
89 1	247 1	275 1	379 1	737 2	759 2	797 2	0 0	
90 1	248 1	276 1	380 1	738 2	760 2	798 2	0 0	
91 1	249 1	277 1	381 1	739 2	761 2	799 2	0 0	
92 1	250 1	278 1	382 1	423 2	740 2	762 2	800 2	
93 1	251 1	279 1	383 1	424 2	763 2	801 2	0 0	
94 1	252 1	280 1	384 1	741 2	764 2	802 2	0 0	
95 1	253 1	281 1	385 1	425 2	742 2	765 2	803 2	
254 1	282 1	386 1	743 2	766 2	804 2	0 0	0 0	
96 1	255 1	283 1	387 1	744 2	767 2	805 2	0 0	
97 1	256 1	284 1	388 1	426 2	745 2	768 2	806 2	
98 1	257 1	285 1	389 1	746 2	769 2	807 2	0 0	
99 1	258 1	286 1	390 1	747 2	770 2	808 2	0 0	
100 1	259 1	287 1	391 1	427 2	748 2	771 2	809 2	
260 1	288 1	392 1	428 2	749 2	772 2	810 2	0 0	
101 1	261 1	289 1	393 1	429 2	750 2	773 2	811 2	
102 1	262 1	290 1	394 1	430 2	751 2	774 2	812 2	
103 1	263 1	291 1	395 1	431 2	752 2	775 2	813 2	
104 1	264 1	292 1	396 1	432 2	753 2	776 2	814 2	
105 1	265 1	293 1	397 1	433 2	754 2	777 2	815 2	
106 1	266 1	294 1	398 1	434 2	755 2	778 2	816 2	
107 1	267 1	295 1	399 1	435 2	756 2	779 2	817 2	
108 1	268 1	296 1	400 1	436 2	757 2	780 2	818 2	
109 1	269 1	297 1	401 1	758 2	781 2	819 2	0 0	
110 1	270 1	298 1	402 1	437 2	759 2	782 2	820 2	
111 1	271 1	299 1	438 2	760 2	783 2	821 2	0 0	
112 1	272 1	300 1	403 1	439 2	761 2	784 2	822 2	
113 1	273 1	301 1	404 1	440 2	762 2	785 2	823 2	
114 1	274 1	302 1	405 1	441 2	763 2	786 2	824 2	
115 1	275 1	303 1	406 1	442 2	764 2	787 2	825 2	
116 1	276 1	304 1	407 1	443 2	765 2	788 2	826 2	
117 1	277 1	305 1	408 1	444 2	766 2	789 2	827 2	
118 1	278 1	306 1	409 1	445 2	767 2	790 2	828 2	
119 1	279 1	307 1	410 1	446 2	768 2	791 2	829 2	
120 1	280 1	308 1	411 1	447 2	769 2	792 2	830 2	
121 1	281 1	309 1	412 1	448 2	770 2	793 2	831 2	
122 1	282 1	310 1	413 1	449 2	771 2	794 2	832 2	
123 1	283 1	311 1	414 1	450 2	772 2	795 2	833 2	
124 1	284 1	312 1	415 1	451 2	773 2	796 2	834 2	
125 1	285 1	313 1	416 1	452 2	774 2	797 2	0 0	
126 1	286 1	314 1	417 1	453 2	775 2	798 2	0 0	
127 1	287 1	315 1	454 2	776 2	799 2	0 0	0 0	
128 1	288 1	316 1	418 2	455 2	777 2	800 2	0 0	
129 1	289 1	317 1	456 2	778 2	801 2	0 0	0 0	
1 1	130 1	290 1	318 1	419 2	457 2	779 2	802 2	
131 1	291 1	319 1	420 2	458 2	780 2	803 2	0 0	
132 1	292 1	320 1	459 2	781 2	804 2	0 0	0 0	
133 1	293 1	321 1	460 2	782 2	805 2	0 0	0 0	
2 1	134 1	294 1	322 1	421 2	461 2	783 2	806 2	
3 1	295 1	323 1	422 2	462 2	784 2	807 2	0 0	
4 1	135 1	296 1	324 1	463 2	785 2	808 2	0 0	
136 1	297 1	325 1	464 2	786 2	809 2	0 0	0 0	
137 1	298 1	326 1	465 2	787 2	810 2	0 0	0 0	
5 1	138 1	299 1	327 1	423 2	466 2	788 2	811 2	
6 1	139 1	300 1	328 1	424 2	467 2	789 2	812 2	
140 1	301 1	329 1	468 2	790 2	813 2	0 0	0 0	
7 1	141 1	302 1	330 1	425 2	469 2	791 2	814 2	
142 1	303 1	331 1	470 2	792 2	815 2	0 0	0 0	
143 1	304 1	332 1	471 2	793 2	816 2	0 0	0 0	
8 1	144 1	305 1	333 1	426 2	472 2	794 2	817 2	
145 1	306 1	334 1	473 2	795 2	818 2	0 0	0 0	
9 1	307 1	335 1	474 2	796 2	819 2	0 0	0 0	
146 1	308 1	336 1	427 2	475 2	797 2	820 2	0 0	
10 1	147 1	309 1	337 1	428 2	476 2	798 2	821 2	
11 1	148 1	310 1	338 1	429 2	477 2	799 2	822 2	
12 1	149 1	311 1	339 1	430 2	478 2	800 2	823 2	
13 1	150 1	312 1	340 1	431 2	479 2	801 2	824 2	
14 1	151 1	313 1	341 1	432 2	480 2	802 2	825 2	
15 1	152 1	314 1	342 1	433 2	481 2	803 2	826 2	
16 1	153 1	315 1	343 1	434 2	482 2	804 2	827 2	
17 1	154 1	316 1	344 1	435 2	483 2	805 2	828 2	
18 1	155 1	317 1	345 1	436 2	484 2	806 2	829 2	
156 1	318 1	346 1	485 2	807 2	830 2	0 0	0 0	
19 1	157 1	319 1	347 1	437 2	486 2	808 2	831 2	
20 1	158 1	320 1	348 1	438 2	487 2	809 2	832 2	
21 1	159 1	321 1	349 1	439 2	488 2	810 2	833 2	
22 1	160 1	322 1	350 1	440 2	489 2	811 2	834 2	
161 1	323 1	351 1	441 2	490 2	812 2	0 0	0 0	
23 1	162 1	324 1	352 1	442 2	491 2	813 2	0 0	
24 1	163 1	325 1	353 1	443 2	492 2	814 2	0 0	
25 1	164 1	326 1	354 1	418 2	444 2	493 2	815 2	
26 1	165 1	327 1	355 1	445 2	494 2	816 2	0 0	
166 1	328 1	356 1	419 2	446 2	817 2	0 0	0 0	
27 1	167 1	329 1	357 1	420 2	447 2	495 2	818 2	
28 1	168 1	330 1	358 1	448 2	496 2	819 2	0 0	
29 1	169 1	331 1	359 1	449 2	497 2	820 2	0 0	
30 1	170 1	332 1	360 1	421 2	450 2	498 2	821 2	
31 1	171 1	333 1	361 1	422 2	451 2	499 2	822 2	
32 1	172 1	334 1	362 1	452 2	500 2	823 2	0 0	
33 1	173 1	335 1	363 1	453 2	501 2	824 2	0 0	
34 1	174 1	336 1	364 1	454 2	502 2	825 2	0 0	
35 1	175 1	337 1	365 1	423 2	455 2	503 2	826 2	
36 1	176 1	338 1	366 1	424 2	456 2	504 2	827 2	
37 1	177 1	339 1	367 1	457 2	505 2	828 2	0 0	
38 1	178 1	340 1	368 1	425 2	458 2	506 2	829 2	
39 1	179 1	341 1	369 1	459 2	507 2	830 2	0 0	
40 1	180 1	342 1	370 1	460 2	508 2	831 2	0 0	
41 1	181 1	343 1	371 1	426 2	461 2	509 2	832 2	
42 1	182 1	344 1	372 1	462 2	510 2	833 2	0 0	
43 1	183 1	345 1	373 1	463 2	511 2	834 2	0 0	
44 1	184 1	346 1	374 1	427 2	464 2	512 2	0 0	
45 1	185 1	347 1	375 1	428 2	465 2	513 2	0 0	
46 1	186 1	348 1	376 1	429 2	466 2	514 2	0 0	
47 1	187 1	349 1	377 1	418 2	430 2	467 2	515 2	
48 1	188 1	350 1	378 1	431 2	468 2	516 2	0 0	
49 1	189 1	351 1	379 1	419 2	432 2	469 2	517 2	
50 1	352 1	380 1	420 2	433 2	470 2	518 2	0 0	
51 1	190 1	353 1	381 1	434 2	471 2	519 2	0 0	
52 1	191 1	354 1	382 1	435 2	472 2	520 2	0 0	
53 1	192 1	355 1	383 1	421 2	436 2	473 2	521 2	
54 1	193 1	356 1	384 1	422 2	474 2	522 2	0 0	
55 1	194 1	357 1	385 1	437 2	475 2	523 2	0 0	
56 1	195 1	358 1	386 1	438 2	476 2	524 2	0 0	
57 1	196 1	359 1	387 1	439 2	477 2	525 2	0 0	
197 1	360 1	388 1	423 2	440 2	478 2	526 2	0 0	
58 1	198 1	361 1	389 1	424 2	441 2	479 2	527 2	
59 1	199 1	362 1	390 1	442 2	480 2	528 2	0 0	
60 1	200 1	363 1	391 1	425 2	443 2	481 2	0 0	
61 1	201 1	364 1	392 1	444 2	482 2	529 2	0 0	
62 1	202 1	365 1	393 1	445 2	483 2	530 2	0 0	
63 1	203 1	366 1	394 1	426 2	446 2	484 2	531 2	
64 1	204 1	367 1	395 1	447 2	485 2	532 2	0 0	
65 1	205 1	368 1	396 1	448 2	486 2	533 2	0 0	
66 1	206 1	369 1	397 1	427 2	449 2	487 2	534 2	
67 1	207 1	370 1	398 1	428 2	450 2	488 2	535 2	
68 1	208 1	371 1	399 1	429 2	451 2	489 2	536 2	
69 1	209 1	372 1	400 1	430 2	452 2	490 2	537 2	
70 1	210 1	373 1	401 1	431 2	453 2	491 2	538 2	
71 1	211 1	374 1	402 1	432 2	454 2	492 2	539 2	
72 1	212 1	375 1	433 2	455 2	493 2	540 2	0 0	
73 1	213 1	376 1	403 1	434 2	456 2	494 2	541 2	
74 1	214 1	377 1	404 1	435 2	457 2	542 2	0 0	
75 1	215 1	378 1	405 1	436 2	458 2	495 2	543 2	
76 1	216 1	379 1	406 1	459 2	496 2	544 2	0 0	
77 1	217 1	380 1	407 1	437 2	460 2	497 2	545 2	
78 1	218 1	381 1	408 1	438 2	461 2	498 2	546 2	
79 1	219 1	382 1	409 1	439 2	462 2	499 2	547 2	
80 1	220 1	383 1	410 1	440 2	463 2	500 2	548 2	
81 1	221 1	384 1	411 1	441 2	464 2	501 2	549 2	
82 1	222 1	385 1	412 1	442 2	465 2	502 2	550 2	
223 1	386 1	413 1	443 2	466 2	503 2	551 2	0 0	
83 1	224 1	387 1	414 1	444 2	467 2	504 2	552 2	
84 1	225 1	388 1	415 1	445 2	468 2	505 2	553 2	
85 1	226 1	389 1	416 1	446 2	469 2	506 2	554 2	
86 1	227 1	390 1	417 1	447 2	470 2	507 2	555 2	
87 1	228 1	391 1	448 2	471 2	508 2	556 2	0 0	
88 1	229 1	392 1	449 2	472 2	509 2	557 2	0 0	
89 1	230 1	393 1	450 2	473 2	510 2	558 2	0 0	
1 1	90 1	231 1	394 1	451 2	474 2	511 2	559 2	
91 1	232 1	395 1	452 2	475 2	512 2	560 2	0 0	
92 1	233 1	396 1	453 2	476 2	513 2	561 2	0 0	
93 1	234 1	397 1	454 2	477 2	514 2	562 2	0 0	
2 1	94 1	235 1	398 1	455 2	478 2	515 2	563 2	
3 1	95 1	236 1	399 1	456 2	479 2	516 2	564 2	
4 1	237 1	400 1	457 2	480 2	517 2	565 2	0 0	
96 1	238 1	401 1	458 2	481 2	518 2	566 2	0 0	
97 1	239 1	402 1	459 2	482 2	519 2	567 2	0 0	
5 1	98 1	240 1	460 2	483 2	520 2	568 2	0 0	
6 1	99 1	241 1	403 1	461 2	484 2	521 2	569 2	
100 1	242 1	404 1	462 2	485 2	522 2	570 2	0 0	
7 1	243 1	405 1	463 2	486 2	523 2	571 2	0 0	
101 1	244 1	406 1	464 2	487 2	524 2	572 2	0 0	
102 1	245 1	407 1	465 2	488 2	525 2	573 2	0 0	
8 1	103 1	246 1	408 1	466 2	489 2	526 2	574 2	
104 1	247 1	409 1	467 2	490 2	527 2	575 2	0 0	
9 1	105 1	248 1	410 1	468 2	491 2	528 2	576 2	
106 1	249 1	411 1	469 2	492 2	577 2	0 0	0 0	
10 1	107 1	250 1	412 1	470 2	493 2	529 2	578 2	
11 1	108 1	251 1	413 1	471 2	494 2	530 2	579 2	
12 1	109 1	252 1	414 1	472 2	531 2	580 2	0 0	
13 1	110 1	253 1	415 1	473 2	495 2	532 2	581 2	
14 1	111 1	254 1	416 1	474 2	496 2	533 2	582 2	
15 1	112 1	255 1	417 1	475 2	497 2	534 2	583 2	
16 1	113 1	256 1	476 2	498 2	535 2	584 2	0 0	
17 1	114 1	257 1	477 2	499 2	536 2	585 2	0 0	
18 1	115 1	258 1	478 2	500 2	537 2	586 2	0 0	
1 1	116 1	259 1	479 2	501 2	538 2	587 2	0 0	
19 1	117 1	260 1	480 2	502 2	539 2	588 2	0 0	
20 1	118 1	261 1	481 2	503 2	540 2	589 2	0 0	
21 1	119 1	262 1	482 2	504 2	541 2	590 2	0 0	
2 1	22 1	120 1	263 1	483 2	505 2	542 2	0 0	
3 1	121 1	264 1	484 2	506 2	543 2	591 2	0 0	
4 1	23 1	122 1	265 1	485 2	507 2	544 2	592 2	
24 1	123 1	266 1	486 2	508 2	545 2	593 2	0 0	
25 1	124 1	267 1	487 2	509 2	546 2	594 2	0 0	
5 1	26 1	125 1	268 1	488 2	510 2	547 2	595 2	
6 1	126 1	269 1	489 2	511 2	548 2	596 2	0 0	
27 1	127 1	270 1	490 2	512 2	549 2	597 2	0 0	
7 1	28 1	128 1	271 1	491 2	513 2	550 2	598 2	
29 1	129 1	272 1	492 2	514 2	551 2	599 2	0 0	
30 1	130 1	273 1	493 2	515 2	552 2	600 2	0 0	
8 1	31 1	131 1	274 1	494 2	516 2	553 2	601 2	
32 1	132 1	275 1	517 2	554 2	602 2	0 0	0 0	
9 1	33 1	133 1	276 1	495 2	518 2	555 2	603 2	
34 1	134 1	277 1	496 2	519 2	556 2	604 2	0 0	
10 1	35 1	278 1	497 2	520 2	557 2	605 2	0 0	
11 1	36 1	135 1	279 1	498 2	521 2	558 2	606 2	
12 1	37 1	136 1	280 1	499 2	522 2	559 2	607 2	
13 1	38 1	137 1	281 1	500 2	523 2	560 2	608 2	
14 1	39 1	138 1	282 1	501 2	524 2	561 2	609 2	
15 1	40 1	139 1	283 1	502 2	525 2	562 2	610 2	
16 1	41 1	140 1	284 1	503 2	526 2	563 2	611 2	
17 1	42 1	141 1	285 1	504 2	527 2	564 2	612 2	
18 1	43 1	142 1	286 1	505 2	528 2	565 2	613 2	
44 1	143 1	287 1	506 2	566 2	614 2	0 0	0 0	
19 1	45 1	144 1	288 1	507 2	529 2	567 2	615 2	
20 1	46 1	145 1	289 1	508 2	530 2	568 2	616 2	
21 1	47 1	290 1	509 2	531 2	569 2	617 2	0 0	
22 1	48 1	146 1	291 1	510 2	532 2	570 2	618 2	
49 1	147 1	292 1	511 2	533 2	571 2	619 2	0 0	
23 1	50 1	148 1	293 1	512 2	534 2	572 2	620 2	
24 1	51 1	149 1	294 1	513 2	535 2	573 2	621 2	
25 1	52 1	150 1	295 1	514 2	536 2	574 2	622 2	
26 1	53 1	151 1	296 1	515 2	537 2	575 2	623 2	
54 1	152 1	297 1	516 2	538 2	576 2	624 2	0 0	
27 1	55 1	153 1	298 1	517 2	539 2	577 2	625 2	
28 1	56 1	154 1	299 1	518 2	540 2	578 2	626 2	
29 1	57 1	155 1	300 1	519 2	541 2	579 2	627 2	
30 1	156 1	301 1	520 2	542 2	580 2	628 2	0 0	
31 1	58 1	157 1	302 1	521 2	543 2	581 2	629 2	
32 1	59 1	158 1	303 1	522 2	544 2	582 2	630 2	
33 1	60 1	159 1	304 1	523 2	545 2	583 2	631 2	
34 1	61 1	160 1	305 1	524 2	546 2	584 2	632 2	
35 1	62 1	161 1	306 1	525 2	547 2	585 2	633 2	
36 1	63 1	162 1	307 1	526 2	548 2	586 2	634 2	
37 1	64 1	163 1	308 1	527 2	549 2	587 2	635 2	
38 1	65 1	164 1	309 1	528 2	550 2	588 2	636 2	
39 1	66 1	165 1	310 1	551 2	589 2	637 2	0 0	
40 1	67 1	166 1	311 1	529 2	552 2	590 2	638 2	
41 1	68 1	167 1	312 1	530 2	553 2	639 2	0 0	
42 1	69 1	168 1	313 1	531 2	554 2	591 2	640 2	
43 1	70 1	169 1	314 1	532 2	555 2	592 2	641 2	
44 1	71 1	170 1	315 1	533 2	556 2	593 2	642 2	
45 1	72 1	171 1	316 1	534 2	557 2	594 2	643 2	
46 1	73 1	172 1	317 1	535 2	558 2	595 2	644 2	
47 1	74 1	173 1	318 1	536 2	559 2	596 2	645 2	
48 1	75 1	174 1	319 1	537 2	560 2	597 2	646 2	
49 1	76 1	175 1	320 1	538 2	561 2	598 2	0 0	
50 1	77 1	176 1	321 1	539 2	562 2	599 2	647 2	
51 1	78 1	177 1	322 1	540 2	563 2	600 2	648 2	
52 1	79 1	178 1	323 1	541 2	564 2	601 2	649 2	
53 1	80 1	179 1	324 1	542 2	565 2	602 2	650 2	
54 1	81 1	180 1	325 1	543 2	566 2	603 2	651 2	
55 1	82 1	181 1	326 1	544 2	567 2	604 2	652 2	
56 1	182 1	327 1	545 2	568 2	605 2	653 2	0 0	
57 1	83 1	183 1	328 1	546 2	569 2	606 2	654 2	
84 1	184 1	329 1	547 2	570 2	607 2	655 2	0 0	
58 1	85 1	185 1	330 1	548 2	571 2	608 2	656 2	
59 1	86 1	186 1	331 1	549 2	572 2	609 2	657 2	
60 1	87 1	187 1	332 1	550 2	573 2	610 2	658 2	
61 1	88 1	188 1	333 1	551 2	574 2	611 2	659 2	
62 1	89 1	189 1	334 1	552 2	575 2	612 2	660 2	
63 1	90 1	335 1	553 2	576 2	613 2	661 2	0 0	
64 1	91 1	190 1	336 1	554 2	577 2	614 2	662 2	
65 1	92 1	191 1	337 1	555 2	578 2	615 2	0 0	
66 1	93 1	192 1	338 1	556 2	579 2	616 2	663 2	
67 1	94 1	193 1	339 1	557 2	580 2	617 2	664 2	
68 1	95 1	194 1	340 1	558 2	581 2	618 2	665 2	
69 1	195 1	341 1	559 2	582 2	619 2	666 2	0 0	
70 1	96 1	196 1	342 1	560 2	583 2	620 2	667 2	
71 1	97 1	197 1	343 1	561 2	584 2	621 2	668 2	
72 1	98 1	198 1	344 1	562 2	585 2	622 2	669 2	
73 1	99 1	199 1	345 1	563 2	586 2	623 2	670 2	
74 1	100 1	200 1	346 1	564 2	587 2	624 2	671 2	
75 1	201 1	347 1	565 2	588 2	625 2	672 2	0 0	
76 1	101 1	202 1	348 1	566 2	589 2	626 2	673 2	
77 1	102 1	203 1	349 1	567 2	590 2	627 2	674 2	
78 1	103 1	204 1	350 1	568 2	628 2	675 2	0 0	
79 1	104 1	205 1	351 1	569 2	591 2	629 2	676 2	
80 1	105 1	206 1	352 1	570 2	592 2	630 2	677 2	
81 1	106 1	207 1	353 1	571 2	593 2	631 2	678 2	
82 1	107 1	208 1	354 1	572 2	594 2	632 2	679 2	
108 1	209 1	355 1	573 2	595 2	633 2	680 2	0 0	
83 1	109 1	210 1	356 1	574 2	596 2	634 2	681 2	
84 1	110 1	211 1	357 1	575 2	597 2	635 2	0 0	
85 1	111 1	212 1	358 1	576 2	598 2	636 2	682 2	
86 1	112 1	213 1	359 1	577 2	599 2	637 2	683 2	
87 1	113 1	214 1	360 1	578 2	600 2	638 2	684 2	
88 1	114 1	215 1	361 1	579 2	601 2	639 2	0 0	
89 1	115 1	216 1	362 1	580 2	602 2	640 2	685 2	
90 1	116 1	217 1	363 1	581 2	603 2	641 2	686 2	
91 1	117 1	218 1	364 1	582 2	604 2	642 2	687 2	
92 1	118 1	219 1	365 1	583 2	605 2	643 2	688 2	
93 1	119 1	220 1	366 1	584 2	606 2	644 2	689 2	
94 1	120 1	221 1	367 1	585 2	607 2	645 2	690 2	
95 1	121 1	222 1	368 1	586 2	608 2	646 2	691 2	
122 1	223 1	369 1	587 2	609 2	692 2	0 0	0 0	
96 1	123 1	224 1	370 1	588 2	610 2	647 2	693 2	
97 1	124 1	225 1	371 1	589 2	611 2	648 2	0 0	
98 1	125 1	226 1	372 1	590 2	612 2	649 2	694 2	
99 1	126 1	227 1	373 1	613 2	650 2	695 2	0 0	
100 1	127 1	228 1	374 1	591 2	614 2	651 2	696 2	
128 1	229 1	375 1	592 2	615 2	652 2	697 2	0 0	
101 1	129 1	230 1	376 1	593 2	616 2	653 2	698 2	
102 1	130 1	231 1	377 1	594 2	617 2	654 2	699 2	
103 1	131 1	232 1	378 1	595 2	618 2	655 2	700 2	
104 1	132 1	233 1	379 1	596 2	619 2	656 2	701 2	
105 1	133 1	234 1	380 1	597 2	620 2	657 2	702 2	
106 1	134 1	235 1	381 1	598 2	621 2	658 2	703 2	
107 1	236 1	382 1	599 2	622 2	659 2	704 2	0 0	
108 1	135 1	237 1	383 1	600 2	623 2	660 2	705 2	
109 1	136 1	238 1	384 1	601 2	624 2	661 2	706 2	
110 1	137 1	239 1	385 1	602 2	625 2	662 2	707 2	
111 1	138 1	240 1	386 1	603 2	626 2	708 2	0 0	
112 1	139 1	241 1	387 1	604 2	627 2	663 2	709 2	
113 1	140 1	242 1	388 1	605 2	628 2	664 2	710 2	
114 1	141 1	243 1	389 1	606 2	629 2	665 2	711 2	
115 1	142 1	244 1	390 1	607 2	630 2	666 2	712 2	
116 1	143 1	245 1	391 1	608 2	631 2	667 2	713 2	
117 1	144 1	246 1	392 1	609 2	632 2	668 2	714 2	
118 1	145 1	247 1	393 1	610 2	633 2	669 2	715 2	
119 1	248 1	394 1	611 2	634 2	670 2	716 2	0 0	
120 1	146 1	249 1	395 1	612 2	635 2	671 2	717 2	
121 1	147 1	250 1	396 1	613 2	636 2	672 2	718 2	
122 1	148 1	251 1	397 1	614 2	637 2	673 2	719 2	
123 1	149 1	252 1	398 1	615 2	638 2	674 2	720 2	
124 1	150 1	253 1	399 1	616 2	639 2	675 2	721 2	
125 1	151 1	254 1	400 1	617 2	640 2	676 2	722 2	
126 1	152 1	255 1	401 1	618 2	641 2	677 2	723 2	
127 1	153 1	256 1	402 1	619 2	642 2	678 2	724 2	
128 1	154 1	257 1	620 2	643 2	679 2	725 2	0 0	
129 1	155 1	258 1	403 1	621 2	644 2	680 2	726 2	
130 1	156 1	259 1	404 1	622 2	645 2	681 2	727 2	
131 1	157 1	260 1	405 1	623 2	646 2	728 2	0 0	
132 1	158 1	261 1	406 1	624 2	682 2	729 2	0 0	
133 1	159 1	262 1	407 1	625 2	647 2	683 2	730 2	
134 1	160 1	263 1	408 1	626 2	648 2	684 2	731 2	
161 1	264 1	409 1	627 2	649 2	732 2	0 0	0 0	
135 1	162 1	265 1	410 1	628 2	650 2	685 2	733 2	
136 1	163 1	266 1	411 1	629 2	651 2	686 2	734 2	
137 1	164 1	267 1	412 1	630 2	652 2	687 2	735 2	
138 1	165 1	268 1	413 1	631 2	653 2	688 2	736 2	
139 1	166 1	269 1	414 1	632 2	654 2	689 2	737 2	
140 1	167 1	270 1	415 1	633 2	655 2	690 2	738 2	
141 1	168 1	271 1	416 1	634 2	656 2	691 2	739 2	
237 1	260 1	298 1	347 1	446 1	592 1	696 1	724 1	
241 1	264 1	302 1	351 1	450 1	596 1	700 1	728 1	
242 1	265 1	303 1	352 1	451 1	597 1	701 1	729 1	
243 1	266 1	304 1	353 1	452 1	598 1	702 1	730 1	
246 1	269 1	307 1	356 1	455 1	601 1	705 1	733 1	
247 1	270 1	308 1	357 1	456 1	602 1	706 1	734 1	
249 1	272 1	310 1	359 1	458 1	604 1	708 1	736 1	
252 1	275 1	313 1	362 1	461 1	607 1	711 1	739 1	
254 1	277 1	315 1	364 1	463 1	609 1	713 1	741 1	
256 1	279 1	317 1	366 1	465 1	611 1	715 1	743 1	
257 1	280 1	318 1	367 1	466 1	612 1	716 1	744 1	
258 1	281 1	319 1	368 1	467 1	613 1	717 1	745 1	
259 1	282 1	320 1	369 1	468 1	614 1	718 1	746 1	
260 1	283 1	321 1	370 1	469 1	615 1	719 1	747 1	
261 1	284 1	322 1	371 1	470 1	616 1	720 1	748 1	
262 1	285 1	323 1	372 1	471 1	617 1	721 1	749 1	
263 1	286 1	324 1	373 1	472 1	618 1	722 1	750 1	
264 1	287 1	325 1	374 1	473 1	619 1	723 1	751 1	
266 1	289 1	327 1	376 1	475 1	621 1	725 1	753 1	
267 1	290 1	328 1	377 1	476 1	622 1	726 1	754 1	
268 1	291 1	329 1	378 1	477 1	623 1	727 1	755 1	
269 1	292 1	330 1	379 1	478 1	624 1	728 1	756 1	
271 1	294 1	332 1	381 1	480 1	626 1	730 1	758 1	
272 1	295 1	333 1	382 1	481 1	627 1	731 1	759 1	
273 1	296 1	334 1	383 1	482 1	628 1	732 1	760 1	
274 1	297 1	335 1	384 1	483 1	629 1	733 1	761 1	
276 1	299 1	337 1	386 1	485 1	631 1	735 1	763 1	
277 1	300 1	338 1	387 1	486 1	632 1	736 1	764 1	
278 1	301 1	339 1	388 1	487 1	633 1	737 1	765 1	
279 1	302 1	340 1	389 1	488 1	634 1	738 1	766 1	
280 1	303 1	341 1	390 1	489 1	635 1	739 1	767 1	
281 1	304 1	342 1	391 1	490 1	636 1	740 1	768 1	
282 1	305 1	343 1	392 1	491 1	637 1	741 1	769 1	
283 1	306 1	344 1	393 1	492 1	638 1	742 1	770 1	
284 1	307 1	345 1	394 1	493 1	639 1	743 1	771 1	
285 1	308 1	346 1	395 1	494 1	640 1	744 1	772 1	
286 1	309 1	347 1	396 1	495 1	641 1	745 1	773 1	
287 1	310 1	348 1	397 1	496 1	642 1	746 1	774 1	
288 1	311 1	349 1	398 1	497 1	643 1	747 1	775 1	
289 1	312 1	350 1	399 1	498 1	644 1	748 1	776 1	
290 1	313 1	351 1	400 1	499 1	645 1	749 1	777 1	
291 1	314 1	352 1	401 1	500 1	646 1	750 1	778 1	
292 1	315 1	353 1	402 1	501 1	647 1	751 1	779 1	
293 1	316 1	354 1	403 1	502 1	648 1	752 1	780 1	
294 1	317 1	355 1	404 1	503 1	649 1	753 1	781 1	
295 1	318 1	356 1	405 1	504 1	650 1	754 1	782 1	
296 1	319 1	357 1	406 1	505 1	651 1	755 1	783 1	
297 1	320 1	358 1	407 1	506 1	652 1	756 1	784 1	
298 1	321 1	359 1	408 1	507 1	653 1	757 1	785 1	
299 1	322 1	360 1	409 1	508 1	654 1	758 1	786 1	
300 1	323 1	361 1	410 1	509 1	655 1	759 1	787 1	
301 1	324 1	362 1	411 1	510 1	656 1	760 1	788 1	
302 1	325 1	363 1	412 1	511 1	657 1	761 1	789 1	
303 1	326 1	364 1	413 1	512 1	658 1	762 1	790 1	
304 1	327 1	365 1	414 1	513 1	659 1	763 1	791 1	
305 1	328 1	366 1	415 1	514 1	660 1	764 1	792 1	
306 1	329 1	367 1	416 1	515 1	661 1	765 1	793 1	
308 1	331 1	369 1	418 1	517 1	663 1	767 1	795 1	
309 1	332 1	370 1	419 1	518 1	664 1	768 1	796 1	
310 1	333 1	371 1	420 1	519 1	665 1	769 1	797 1	
311 1	334 1	372 1	421 1	520 1	666 1	770 1	798 1	
312 1	335 1	373 1	422 1	521 1	667 1	771 1	799 1	
313 1	336 1	374 1	423 1	522 1	668 1	772 1	800 1	
314 1	337 1	375 1	424 1	523 1	669 1	773 1	801 1	
315 1	338 1	376 1	425 1	524 1	670 1	774 1	802 1	
316 1	339 1	377 1	426 1	525 1	671 1	775 1	803 1	
317 1	340 1	378 1	427 1	526 1	672 1	776 1	804 1	
318 1	341 1	379 1	428 1	527 1	673 1	777 1	805 1	
319 1	342 1	380 1	429 1	528 1	674 1	778 1	806 1	
320 1	343 1	381 1	430 1	529 1	675 1	779 1	807 1	
321 1	344 1	382 1	431 1	530 1	676 1	780 1	808 1	
322 1	345 1	383 1	432 1	531 1	677 1	781 1	809 1	
323 1	346 1	384 1	433 1	532 1	678 1	782 1	810 1	
324 1	347 1	385 1	434 1	533 1	679 1	783 1	811 1	
325 1	348 1	386 1	435 1	534 1	680 1	784 1	812 1	
326 1	349 1	387 1	436 1	535 1	681 1	785 1	813 1	
327 1	350 1	388 1	437 1	536 1	682 1	786 1	814 1	
328 1	351 1	389 1	438 1	537 1	683 1	787 1	815 1	
329 1	352 1	390 1	439 1	538 1	684 1	788 1	816 1	
330 1	353 1	391 1	440 1	539 1	685 1	789 1	817 1	
331 1	354 1	392 1	441 1	540 1	686 1	790 1	818 1	
1 1	332 1	355 1	393 1	541 1	687 1	791 1	819 1	
3 1	334 1	357 1	395 1	543 1	689 1	793 1	821 1	
4 1	335 1	358 1	396 1	544 1	690 1	794 1	822 1	
5 1	336 1	359 1	397 1	545 1	691 1	795 1	823 1	
6 1	337 1	360 1	398 1	546 1	692 1	796 1	824 1	
7 1	338 1	361 1	399 1	547 1	693 1	797 1	825 1	
8 1	339 1	362 1	400 1	548 1	694 1	798 1	826 1	
9 1	340 1	363 1	401 1	549 1	695 1	799 1	827 1	
10 1	341 1	364 1	402 1	550 1	696 1	800 1	828 1	
11 1	342 1	365 1	403 1	551 1	697 1	801 1	829 1	
12 1	343 1	366 1	404 1	552 1	698 1	802 1	830 1	
13 1	344 1	367 1	405 1	553 1	699 1	803 1	831 1	
14 1	345 1	368 1	406 1	554 1	700 1	804 1	832 1	
15 1	346 1	369 1	407 1	555 1	701 1	805 1	833 1	
17 1	348 1	371 1	409 1	557 1	703 1	807 1	835 1	
18 1	349 1	372 1	410 1	558 1	704 1	808 1	836 1	
19 1	350 1	373 1	411 1	559 1	705 1	809 1	837 1	
20 1	351 1	374 1	412 1	560 1	706 1	810 1	838 1	
21 1	352 1	375 1	413 1	561 1	707 1	811 1	839 1	
23 1	354 1	377 1	415 1	563 1	709 1	813 1	841 1	
24 1	355 1	378 1	416 1	564 1	710 1	814 1	842 1	
25 1	356 1	379 1	417 1	565 1	711 1	815 1	843 1	
26 1	357 1	380 1	418 1	566 1	712 1	816 1	844 1	
27 1	358 1	381 1	419 1	567 1	713 1	817 1	845 1	
28 1	359 1	382 1	420 1	568 1	714 1	818 1	846 1	
29 1	360 1	383 1	421 1	569 1	715 1	819 1	847 1	
30 1	361 1	384 1	422 1	570 1	716 1	820 1	848 1	
31 1	362 1	385 1	423 1	571 1	717 1	821 1	849 1	
32 1	363 1	386 1	424 1	572 1	718 1	822 1	850 1	
33 1	364 1	387 1	425 1	573 1	719 1	823 1	851 1	
34 1	365 1	388 1	426 1	574 1	720 1	824 1	852 1	
35 1	366 1	389 1	427 1	575 1	721 1	825 1	853 1	
36 1	367 1	390 1	428 1	576 1	722 1	826 1	854 1	
37 1	368 1	391 1	429 1	577 1	723 1	827 1	855 1	
38 1	369 1	392 1	430 1	578 1	724 1	828 1	856 1	
39 1	370 1	393 1	431 1	579 1	725 1	829 1	857 1	
40 1	371 1	394 1	432 1	580 1	726 1	830 1	858 1	
41 1	372 1	395 1	433 1	581 1	727 1	831 1	859 1	
42 1	373 1	396 1	434 1	582 1	728 1	832 1	860 1	
43 1	374 1	397 1	435 1	583 1	729 1	833 1	861 1	
44 1	375 1	398 1	436 1	584 1	730 1	834 1	862 1	
45 1	376 1	399 1	437 1	585 1	731 1	835 1	863 1	
46 1	377 1	400 1	438 1	586 1	732 1	836 1	864 1	
47 1	378 1	401 1	439 1	587 1	733 1	837 1	865 1	
48 1	379 1	402 1	440 1	588 1	734 1	838 1	866 1	
49 1	380 1	403 1	441 1	589 1	735 1	839 1	867 1	
1 1	50 1	381 1	404 1	590 1	736 1	840 1	868 1	
2 1	51 1	382 1	405 1	591 1	737 1	841 1	869 1	
3 1	52 1	383 1	406 1	592 1	738 1	842 1	870 1	
4 1	53 1	384 1	407 1	593 1	739 1	843 1	871 1	
5 1	54 1	385 1	408 1	594 1	740 1	844 1	872 1	
6 1	55 1	386 1	409 1	595 1	741 1	845 1	873 1	
7 1	56 1	387 1	410 1	596 1	742 1	846 1	874 1	
9 1	58 1	389 1	412 1	598 1	744 1	848 1	876 1	
10 1	59 1	390 1	413 1	599 1	745 1	849 1	877 1	
11 1	60 1	391 1	414 1	600 1	746 1	850 1	878 1	
12 1	61 1	392 1	415 1	601 1	747 1	851 1	879 1	
13 1	62 1	393 1	416 1	602 1	748 1	852 1	880 1	
14 1	63 1	394 1	417 1	603 1	749 1	853 1	881 1	
15 1	64 1	395 1	418 1	604 1	750 1	854 1	882 1	
16 1	65 1	396 1	419 1	442 1	605 1	751 1	855 1	
17 1	66 1	397 1	420 1	443 1	606 1	752 1	856 1	
18 1	67 1	398 1	421 1	444 1	607 1	753 1	857 1	
19 1	68 1	399 1	422 1	445 1	608 1	754 1	858 1	
21 1	70 1	401 1	424 1	447 1	610 1	756 1	860 1	
22 1	71 1	402 1	425 1	448 1	611 1	757 1	861 1	
23 1	72 1	403 1	426 1	449 1	612 1	758 1	862 1	
24 1	73 1	404 1	427 1	450 1	613 1	759 1	863 1	
25 1	74 1	405 1	428 1	451 1	614 1	760 1	864 1	
26 1	75 1	406 1	429 1	452 1	615 1	761 1	865 1	
27 1	76 1	407 1	430 1	453 1	616 1	762 1	866 1	
28 1	77 1	408 1	431 1	454 1	617 1	763 1	867 1	
29 1	78 1	409 1	432 1	455 1	618 1	764 1	868 1	
30 1	79 1	410 1	433 1	456 1	619 1	765 1	869 1	
31 1	80 1	411 1	434 1	457 1	620 1	766 1	870 1	
32 1	81 1	412 1	435 1	458 1	621 1	767 1	871 1	
33 1	82 1	413 1	436 1	459 1	622 1	768 1	872 1	
34 1	83 1	414 1	437 1	460 1	623 1	769 1	873 1	
35 1	84 1	415 1	438 1	461 1	624 1	770 1	874 1	
36 1	85 1	416 1	439 1	462 1	625 1	771 1	875 1	
37 1	86 1	417 1	440 1	463 1	626 1	772 1	876 1	
38 1	87 1	418 1	441 1	464 1	627 1	773 1	877 1	
1 1	39 1	88 1	419 1	465 1	628 1	774 1	878 1	
2 1	40 1	89 1	420 1	466 1	629 1	775 1	879 1	
3 1	41 1	90 1	421 1	467 1	630 1	776 1	880 1	
4 1	42 1	91 1	422 1	468 1	631 1	777 1	881 1	
5 1	43 1	92 1	423 1	469 1	632 1	778 1	882 1	
6 1	44 1	93 1	424 1	442 1	470 1	633 1	779 1	
7 1	45 1	94 1	425 1	443 1	471 1	634 1	780 1	
8 1	46 1	95 1	426 1	444 1	472 1	635 1	781 1	
9 1	47 1	96 1	427 1	445 1	473 1	636 1	782 1	
10 1	48 1	97 1	428 1	446 1	474 1	637 1	783 1	
11 1	49 1	98 1	429 1	447 1	475 1	638 1	784 1	
12 1	50 1	99 1	430 1	448 1	476 1	639 1	785 1	
13 1	51 1	100 1	431 1	449 1	477 1	640 1	786 1	
14 1	52 1	101 1	432 1	450 1	478 1	641 1	787 1	
15 1	53 1	102 1	433 1	451 1	479 1	642 1	788 1	
16 1	54 1	103 1	434 1	452 1	480 1	643 1	789 1	
17 1	55 1	104 1	435 1	453 1	481 1	644 1	790 1	
18 1	56 1	105 1	436 1	454 1	482 1	645 1	791 1	
19 1	57 1	106 1	437 1	455 1	483 1	646 1	792 1	
20 1	58 1	107 1	438 1	456 1	484 1	647 1	793 1	
21 1	59 1	108 1	439 1	457 1	485 1	648 1	794 1	
22 1	60 1	109 1	440 1	458 1	486 1	649 1	795 1	
23 1	61 1	110 1	441 1	459 1	487 1	650 1	796 1	
1 1	24 1	62 1	111 1	460 1	488 1	651 1	797 1	
2 1	25 1	63 1	112 1	461 1	489 1	652 1	798 1	
3 1	26 1	64 1	113 1	462 1	490 1	653 1	799 1	
5 1	28 1	66 1	115 1	464 1	492 1	655 1	801 1	
6 1	29 1	67 1	116 1	465 1	493 1	656 1	802 1	
7 1	30 1	68 1	117 1	466 1	494 1	657 1	803 1	
8 1	31 1	69 1	118 1	467 1	495 1	658 1	804 1	
9 1	32 1	70 1	119 1	468 1	496 1	659 1	805 1	
10 1	33 1	71 1	120 1	469 1	497 1	660 1	806 1	
11 1	34 1	72 1	121 1	470 1	498 1	661 1	807 1	
12 1	35 1	73 1	122 1	471 1	499 1	662 1	808 1	
13 1	36 1	74 1	123 1	472 1	500 1	663 1	809 1	
14 1	37 1	75 1	124 1	473 1	501 1	664 1	810 1	
15 1	38 1	76 1	125 1	474 1	502 1	665 1	811 1	
16 1	39 1	77 1	126 1	475 1	503 1	666 1	812 1	
17 1	40 1	78 1	127 1	476 1	504 1	667 1	813 1	
18 1	41 1	79 1	128 1	477 1	505 1	668 1	814 1	
19 1	42 1	80 1	129 1	478 1	506 1	669 1	815 1	
20 1	43 1	81 1	130 1	479 1	507 1	670 1	816 1	
21 1	44 1	82 1	131 1	480 1	508 1	671 1	817 1	
22 1	45 1	83 1	132 1	481 1	509 1	672 1	818 1	
23 1	46 1	84 1	133 1	482 1	510 1	673 1	819 1	
24 1	47 1	85 1	134 1	483 1	511 1	674 1	820 1	
25 1	48 1	86 1	135 1	484 1	512 1	675 1	821 1	
26 1	49 1	87 1	136 1	485 1	513 1	676 1	822 1	
27 1	50 1	88 1	137 1	486 1	514 1	677 1	823 1	
28 1	51 1	89 1	138 1	487 1	515 1	678 1	824 1	
29 1	52 1	90 1	139 1	488 1	516 1	679 1	825 1	
30 1	53 1	91 1	140 1	489 1	517 1	680 1	826 1	
31 1	54 1	92 1	141 1	490 1	518 1	681 1	827 1	
32 1	55 1	93 1	142 1	491 1	519 1	682 1	828 1	
33 1	56 1	94 1	143 1	492 1	520 1	683 1	829 1	
34 1	57 1	95 1	144 1	493 1	521 1	684 1	830 1	
35 1	58 1	96 1	145 1	494 1	522 1	685 1	831 1	
36 1	59 1	97 1	146 1	495 1	523 1	686 1	832 1	
37 1	60 1	98 1	147 1	496 1	524 1	687 1	833 1	
38 1	61 1	99 1	148 1	497 1	525 1	688 1	834 1	
39 1	62 1	100 1	149 1	498 1	526 1	689 1	835 1	
40 1	63 1	101 1	150 1	499 1	527 1	690 1	836 1	
41 1	64 1	102 1	151 1	500 1	528 1	691 1	837 1	
42 1	65 1	103 1	152 1	501 1	529 1	692 1	838 1	
43 1	66 1	104 1	153 1	502 1	530 1	693 1	839 1	
44 1	67 1	105 1	154 1	503 1	531 1	694 1	840 1	
45 1	68 1	106 1	155 1	504 1	532 1	695 1	841 1	
46 1	69 1	107 1	156 1	505 1	533 1	696 1	842 1	
47 1	70 1	108 1	157 1	506 1	534 1	697 1	843 1	
48 1	71 1	109 1	158 1	507 1	535 1	698 1	844 1	
49 1	72 1	110 1	159 1	508 1	536 1	699 1	845 1	
50 1	73 1	111 1	160 1	509 1	537 1	700 1	846 1	
51 1	74 1	112 1	161 1	510 1	538 1	701 1	847 1	
52 1	75 1	113 1	162 1	511 1	539 1	702 1	848 1	
53 1	76 1	114 1	163 1	512 1	540 1	703 1	849 1	
54 1	77 1	115 1	164 1	513 1	541 1	704 1	850 1	
55 1	78 1	116 1	165 1	514 1	542 1	705 1	851 1	
56 1	79 1	117 1	166 1	515 1	543 1	706 1	852 1	
57 1	80 1	118 1	167 1	516 1	544 1	707 1	853 1	
58 1	81 1	119 1	168 1	517 1	545 1	708 1	854 1	
59 1	82 1	120 1	169 1	518 1	546 1	709 1	855 1	
60 1	83 1	121 1	170 1	519 1	547 1	710 1	856 1	
61 1	84 1	122 1	171 1	520 1	548 1	711 1	857 1	
62 1	85 1	123 1	172 1	521 1	549 1	712 1	858 1	
63 1	86 1	124 1	173 1	522 1	550 1	713 1	859 1	
64 1	87 1	125 1	174 1	523 1	551 1	714 1	860 1	
65 1	88 1	126 1	175 1	524 1	552 1	715 1	861 1	
66 1	89 1	127 1	176 1	525 1	553 1	716 1	862 1	
67 1	90 1	128 1	177 1	526 1	554 1	717 1	863 1	
68 1	91 1	129 1	178 1	527 1	555 1	718 1	864 1	
69 1	92 1	130 1	179 1	528 1	556 1	719 1	865 1	
70 1	93 1	131 1	180 1	529 1	557 1	720 1	866 1	
71 1	94 1	132 1	181 1	530 1	558 1	721 1	867 1	
72 1	95 1	133 1	182 1	531 1	559 1	722 1	868 1	
73 1	96 1	134 1	183 1	532 1	560 1	723 1	869 1	
74 1	97 1	135 1	184 1	533 1	561 1	724 1	870 1	
75 1	98 1	136 1	185 1	534 1	562 1	725 1	871 1	
76 1	99 1	137 1	186 1	535 1	563 1	726 1	872 1	
77 1	100 1	138 1	187 1	536 1	564 1	727 1	873 1	
78 1	101 1	139 1	188 1	537 1	565 1	728 1	874 1	
79 1	102 1	140 1	189 1	538 1	566 1	729 1	875 1	
80 1	103 1	141 1	190 1	539 1	567 1	730 1	876 1	
81 1	104 1	142 1	191 1	540 1	568 1	731 1	877 1	
82 1	105 1	143 1	192 1	541 1	569 1	732 1	878 1	
83 1	106 1	144 1	193 1	542 1	570 1	733 1	879 1	
84 1	107 1	145 1	194 1	543 1	571 1	734 1	880 1	
85 1	108 1	146 1	195 1	544 1	572 1	735 1	881 1	
86 1	109 1	147 1	196 1	545 1	573 1	736 1	882 1	
87 1	110 1	148 1	197 1	442 1	546 1	574 1	737 1	
88 1	111 1	149 1	198 1	443 1	547 1	575 1	738 1	
89 1	112 1	150 1	199 1	444 1	548 1	576 1	739 1	
90 1	113 1	151 1	200 1	445 1	549 1	577 1	740 1	
91 1	114 1	152 1	201 1	446 1	550 1	578 1	741 1	
92 1	115 1	153 1	202 1	447 1	551 1	579 1	742 1	
93 1	116 1	154 1	203 1	448 1	552 1	580 1	743 1	
94 1	117 1	155 1	204 1	449 1	553 1	581 1	744 1	
95 1	118 1	156 1	205 1	450 1	554 1	582 1	745 1	
96 1	119 1	157 1	206 1	451 1	555 1	583 1	746 1	
97 1	120 1	158 1	207 1	452 1	556 1	584 1	747 1	
98 1	121 1	159 1	208 1	453 1	557 1	585 1	748 1	
99 1	122 1	160 1	209 1	454 1	558 1	586 1	749 1	
100 1	123 1	161 1	210 1	455 1	559 1	587 1	750 1	
101 1	124 1	162 1	211 1	456 1	560 1	588 1	751 1	
102 1	125 1	163 1	212 1	457 1	561 1	589 1	752 1	
103 1	126 1	164 1	213 1	458 1	562 1	590 1	753 1	
104 1	127 1	165 1	214 1	459 1	563 1	591 1	754 1	
105 1	128 1	166 1	215 1	460 1	564 1	592 1	755 1	
106 1	129 1	167 1	216 1	461 1	565 1	593 1	756 1	
107 1	130 1	168 1	217 1	462 1	566 1	594 1	757 1	
108 1	131 1	169 1	218 1	463 1	567 1	595 1	758 1	
109 1	132 1	170 1	219 1	464 1	568 1	596 1	759 1	
110 1	133 1	171 1	220 1	465 1	569 1	597 1	760 1	
111 1	134 1	172 1	221 1	466 1	570 1	598 1	761 1	
112 1	135 1	173 1	222 1	467 1	571 1	599 1	762 1	
113 1	136 1	174 1	223 1	468 1	572 1	600 1	763 1	
114 1	137 1	175 1	224 1	469 1	573 1	601 1	764 1	
115 1	138 1	176 1	225 1	470 1	574 1	602 1	765 1	
116 1	139 1	177 1	226 1	471 1	575 1	603 1	766 1	
117 1	140 1	178 1	227 1	472 1	576 1	604 1	767 1	
118 1	141 1	179 1	228 1	473 1	577 1	605 1	768 1	
119 1	142 1	180 1	229 1	474 1	578 1	606 1	769 1	
120 1	143 1	181 1	230 1	475 1	579 1	607 1	770 1	
121 1	144 1	182 1	231 1	476 1	580 1	608 1	771 1	
122 1	145 1	183 1	232 1	477 1	581 1	609 1	772 1	
123 1	146 1	184 1	233 1	478 1	582 1	610 1	773 1	
124 1	147 1	185 1	234 1	479 1	583 1	611 1	774 1	
125 1	148 1	186 1	235 1	480 1	584 1	612 1	775 1	
126 1	149 1	187 1	236 1	481 1	585 1	613 1	776 1	
127 1	150 1	188 1	237 1	482 1	586 1	614 1	777 1	
128 1	151 1	189 1	238 1	483 1	587 1	615 1	778 1	
129 1	152 1	190 1	239 1	484 1	588 1	616 1	779 1	
130 1	153 1	191 1	240 1	485 1	589 1	617 1	780 1	
131 1	154 1	192 1	241 1	486 1	590 1	618 1	781 1	
132 1	155 1	193 1	242 1	487 1	591 1	619 1	782 1	
133 1	156 1	194 1	243 1	488 1	592 1	620 1	783 1	
134 1	157 1	195 1	244 1	489 1	593 1	621 1	784 1	
135 1	158 1	196 1	245 1	490 1	594 1	622 1	785 1	
136 1	159 1	197 1	246 1	491 1	595 1	623 1	786 1	
137 1	160 1	198 1	247 1	492 1	596 1	624 1	787 1	
138 1	161 1	199 1	248 1	493 1	597 1	625 1	788 1	
139 1	162 1	200 1	249 1	494 1	598 1	626 1	789 1	
140 1	163 1	201 1	250 1	495 1	599 1	627 1	790 1	
141 1	164 1	202 1	251 1	496 1	600 1	628 1	791 1	
142 1	165 1	203 1	252 1	497 1	601 1	629 1	792 1	
143 1	166 1	204 1	253 1	498 1	602 1	630 1	793 1	
144 1	167 1	205 1	254 1	499 1	603 1	631 1	794 1	
145 1	168 1	206 1	255 1	500 1	604 1	632 1	795 1	
146 1	169 1	207 1	256 1	501 1	605 1	633 1	796 1	
147 1	170 1	208 1	257 1	502 1	606 1	634 1	797 1	
148 1	171 1	209 1	258 1	503 1	607 1	635 1	798 1	
149 1	172 1	210 1	259 1	504 1	608 1	636 1	799 1	
150 1	173 1	211 1	260 1	505 1	609 1	637 1	800 1	
151 1	174 1	212 1	261 1	506 1	610 1	638 1	801 1	
152 1	175 1	213 1	262 1	507 1	611 1	639 1	802 1	
153 1	176 1	214 1	263 1	508 1	612 1	640 1	803 1	
154 1	177 1	215 1	264 1	509 1	613 1	641 1	804 1	
155 1	178 1	216 1	265 1	510 1	614 1	642 1	805 1	
156 1	179 1	217 1	266 1	511 1	615 1	643 1	806 1	
157 1	180 1	218 1	267 1	512 1	616 1	644 1	807 1	
158 1	181 1	219 1	268 1	513 1	617 1	645 1	808 1	
159 1	182 1	220 1	269 1	514 1	618 1	646 1	809 1	
160 1	183 1	221 1	270 1	515 1	619 1	647 1	810 1	
161 1	184 1	222 1	271 1	516 1	620 1	648 1	811 1	
162 1	185 1	223 1	272 1	517 1	621 1	649 1	812 1	
163 1	186 1	224 1	273 1	518 1	622 1	650 1	813 1	
164 1	187 1	225 1	274 1	519 1	623 1	651 1	814 1	
165 1	188 1	226 1	275 1	520 1	624 1	652 1	815 1	
166 1	189 1	227 1	276 1	521 1	625 1	653 1	816 1	
167 1	190 1	228 1	277 1	522 1	626 1	654 1	817 1	
168 1	191 1	229 1	278 1	523 1	627 1	655 1	818 1	
169 1	192 1	230 1	279 1	524 1	628 1	656 1	819 1	
170 1	193 1	231 1	280 1	525 1	629 1	657 1	820 1	
171 1	194 1	232 1	281 1	526 1	630 1	658 1	821 1	
172 1	195 1	233 1	282 1	527 1	631 1	659 1	822 1	
173 1	196 1	234 1	283 1	528 1	632 1	660 1	823 1	
174 1	197 1	235 1	284 1	529 1	633 1	661 1	824 1	
175 1	198 1	236 1	285 1	530 1	634 1	662 1	825 1	
176 1	199 1	237 1	286 1	531 1	635 1	663 1	826 1	
177 1	200 1	238 1	287 1	532 1	636 1	664 1	827 1	
178 1	201 1	239 1	288 1	533 1	637 1	665 1	828 1	
179 1	202 1	240 1	289 1	534 1	638 1	666 1	829 1	
180 1	203 1	241 1	290 1	535 1	639 1	667 1	830 1	
181 1	204 1	242 1	291 1	536 1	640 1	668 1	831 1	
182 1	205 1	243 1	292 1	537 1	641 1	669 1	832 1	
183 1	206 1	244 1	293 1	538 1	642 1	670 1	833 1	
184 1	207 1	245 1	294 1	539 1	643 1	671 1	834 1	
185 1	208 1	246 1	295 1	540 1	644 1	672 1	835 1	
186 1	209 1	247 1	296 1	541 1	645 1	673 1	836 1	
187 1	210 1	248 1	297 1	542 1	646 1	674 1	837 1	
188 1	211 1	249 1	298 1	543 1	647 1	675 1	838 1	
189 1	212 1	250 1	299 1	544 1	648 1	676 1	839 1	
190 1	213 1	251 1	300 1	545 1	649 1	677 1	840 1	
191 1	214 1	252 1	301 1	546 1	650 1	678 1	841 1	
192 1	215 1	253 1	302 1	547 1	651 1	679 1	842 1	
193 1	216 1	254 1	303 1	548 1	652 1	680 1	843 1	
194 1	217 1	255 1	304 1	549 1	653 1	681 1	844 1	
195 1	218 1	256 1	305 1	550 1	654 1	682 1	845 1	
196 1	219 1	257 1	306 1	551 1	655 1	683 1	846 1	
197 1	220 1	258 1	307 1	552 1	656 1	684 1	847 1	
198 1	221 1	259 1	308 1	553 1	657 1	685 1	848 1	
199 1	222 1	260 1	309 1	554 1	658 1	686 1	849 1	
200 1	223 1	261 1	310 1	555 1	659 1	687 1	850 1	
201 1	224 1	262 1	311 1	556 1	660 1	688 1	851 1	
202 1	225 1	263 1	312 1	557 1	661 1	689 1	852 1	
203 1	226 1	264 1	313 1	558 1	662 1	690 1	853 1	
204 1	227 1	265 1	314 1	559 1	663 1	691 1	854 1	
205 1	228 1	266 1	315 1	560 1	664 1	692 1	855 1	
206 1	229 1	267 1	316 1	561 1	665 1	693 1	856 1	
207 1	230 1	268 1	317 1	562 1	666 1	694 1	857 1	
208 1	231 1	269 1	318 1	563 1	667 1	695 1	858 1	
209 1	232 1	270 1	319 1	564 1	668 1	696 1	859 1	
210 1	233 1	271 1	320 1	565 1	669 1	697 1	860 1	
211 1	234 1	272 1	321 1	566 1	670 1	698 1	861 1	
212 1	235 1	273 1	322 1	567 1	671 1	699 1	862 1	
213 1	236 1	274 1	323 1	568 1	672 1	700 1	863 1	
214 1	237 1	275 1	324 1	569 1	673 1	701 1	864 1	
215 1	238 1	276 1	325 1	570 1	674 1	702 1	865 1	
216 1	239 1	277 1	326 1	571 1	675 1	703 1	866 1	
217 1	240 1	278 1	327 1	572 1	676 1	704 1	867 1	
219 1	242 1	280 1	329 1	574 1	678 1	706 1	869 1	
220 1	243 1	281 1	330 1	575 1	679 1	707 1	870 1	
221 1	244 1	282 1	331 1	576 1	680 1	708 1	871 1	
222 1	245 1	283 1	332 1	577 1	681 1	709 1	872 1	
223 1	246 1	284 1	333 1	578 1	682 1	710 1	873 1	
224 1	247 1	285 1	334 1	579 1	683 1	711 1	874 1	
225 1	248 1	286 1	335 1	580 1	684 1	712 1	875 1	
226 1	249 1	287 1	336 1	581 1	685 1	713 1	876 1	
227 1	250 1	288 1	337 1	582 1	686 1	714 1	877 1	
228 1	251 1	289 1	338 1	583 1	687 1	715 1	878 1	
229 1	252 1	290 1	339 1	584 1	688 1	716 1	879 1	
230 1	253 1	291 1	340 1	585 1	689 1	717 1	880 1	
231 1	254 1	292 1	341 1	586 1	690 1	718 1	881 1	
232 1	255 1	293 1	342 1	587 1	691 1	719 1	882 1	
233 1	256 1	294 1	343 1	442 1	588 1	692 1	720 1	
1 2	164 2	192 2	296 2	541 2	590 2	628 2	651 2	
3 2	166 2	194 2	298 2	543 2	592 2	630 2	653 2	
4 2	167 2	195 2	299 2	544 2	593 2	631 2	654 2	
7 2	170 2	198 2	302 2	547 2	596 2	634 2	657 2	
8 2	171 2	199 2	303 2	548 2	597 2	635 2	658 2	
12 2	175 2	203 2	307 2	552 2	601 2	639 2	662 2	
13 2	176 2	204 2	308 2	553 2	602 2	640 2	663 2	
15 2	178 2	206 2	310 2	555 2	604 2	642 2	665 2	
18 2	181 2	209 2	313 2	558 2	607 2	645 2	668 2	
21 2	184 2	212 2	316 2	561 2	610 2	648 2	671 2	
22 2	185 2	213 2	317 2	562 2	611 2	649 2	672 2	
23 2	186 2	214 2	318 2	563 2	612 2	650 2	673 2	
24 2	187 2	215 2	319 2	564 2	613 2	651 2	674 2	
25 2	188 2	216 2	320 2	565 2	614 2	652 2	675 2	
26 2	189 2	217 2	321 2	566 2	615 2	653 2	676 2	
27 2	190 2	218 2	322 2	567 2	616 2	654 2	677 2	
28 2	191 2	219 2	323 2	568 2	617 2	655 2	678 2	
29 2	192 2	220 2	324 2	569 2	618 2	656 2	679 2	
30 2	193 2	221 2	325 2	570 2	619 2	657 2	680 2	
32 2	195 2	223 2	327 2	572 2	621 2	659 2	682 2	
33 2	196 2	224 2	328 2	573 2	622 2	660 2	683 2	
34 2	197 2	225 2	329 2	574 2	623 2	661 2	684 2	
35 2	198 2	226 2	330 2	575 2	624 2	662 2	685 2	
36 2	199 2	227 2	331 2	576 2	625 2	663 2	686 2	
37 2	200 2	228 2	332 2	577 2	626 2	664 2	687 2	
38 2	201 2	229 2	333 2	578 2	627 2	665 2	688 2	
39 2	202 2	230 2	334 2	579 2	628 2	666 2	689 2	
40 2	203 2	231 2	335 2	580 2	629 2	667 2	690 2	
41 2	204 2	232 2	336 2	581 2	630 2	668 2	691 2	
42 2	205 2	233 2	337 2	582 2	631 2	669 2	692 2	
43 2	206 2	234 2	338 2	583 2	632 2	670 2	693 2	
44 2	207 2	235 2	339 2	584 2	633 2	671 2	694 2	
45 2	208 2	236 2	340 2	585 2	634 2	672 2	695 2	
46 2	209 2	237 2	341 2	586 2	635 2	673 2	696 2	
47 2	210 2	238 2	342 2	587 2	636 2	674 2	697 2	
48 2	211 2	239 2	343 2	588 2	637 2	675 2	698 2	
49 2	212 2	240 2	344 2	589 2	638 2	676 2	699 2	
50 2	213 2	241 2	345 2	590 2	639 2	677 2	700 2	
51 2	214 2	242 2	346 2	591 2	640 2	678 2	701 2	
52 2	215 2	243 2	347 2	592 2	641 2	679 2	702 2	
53 2	216 2	244 2	348 2	593 2	642 2	680 2	703 2	
54 2	217 2	245 2	349 2	594 2	643 2	681 2	704 2	
55 2	218 2	246 2	350 2	595 2	644 2	682 2	705 2	
56 2	219 2	247 2	351 2	596 2	645 2	683 2	706 2	
57 2	220 2	248 2	352 2	597 2	646 2	684 2	707 2	
58 2	221 2	249 2	353 2	598 2	647 2	685 2	708 2	
59 2	222 2	250 2	354 2	599 2	648 2	686 2	709 2	
60 2	223 2	251 2	355 2	600 2	649 2	687 2	710 2	
61 2	224 2	252 2	356 2	601 2	650 2	688 2	711 2	
62 2	225 2	253 2	357 2	602 2	651 2	689 2	712 2	
63 2	226 2	254 2	358 2	603 2	652 2	690 2	713 2	
64 2	227 2	255 2	359 2	604 2	653 2	691 2	714 2	
65 2	228 2	256 2	360 2	605 2	654 2	692 2	715 2	
66 2	229 2	257 2	361 2	606 2	655 2	693 2	716 2	
67 2	230 2	258 2	362 2	607 2	656 2	694 2	717 2	
68 2	231 2	259 2	363 2	608 2	657 2	695 2	718 2	
69 2	232 2	260 2	364 2	609 2	658 2	696 2	719 2	
70 2	233 2	261 2	365 2	610 2	659 2	697 2	720 2	
71 2	234 2	262 2	366 2	611 2	660 2	698 2	721 2	
72 2	235 2	263 2	367 2	612 2	661 2	699 2	722 2	
73 2	236 2	264 2	368 2	613 2	662 2	700 2	723 2	
74 2	237 2	265 2	369 2	614 2	663 2	701 2	724 2	
75 2	238 2	266 2	370 2	615 2	664 2	702 2	725 2	
76 2	239 2	267 2	371 2	616 2	665 2	703 2	726 2	
77 2	240 2	268 2	372 2	617 2	666 2	704 2	727 2	
78 2	241 2	269 2	373 2	618 2	667 2	705 2	728 2	
79 2	242 2	270 2	374 2	619 2	668 2	706 2	729 2	
80 2	243 2	271 2	375 2	620 2	669 2	707 2	730 2	
81 2	244 2	272 2	376 2	621 2	670 2	708 2	731 2	
82 2	245 2	273 2	377 2	622 2	671 2	709 2	732 2	
83 2	246 2	274 2	378 2	623 2	672 2	710 2	733 2	
84 2	247 2	275 2	379 2	624 2	673 2	711 2	734 2	
85 2	248 2	276 2	380 2	625 2	674 2	712 2	735 2	
86 2	249 2	277 2	381 2	626 2	675 2	713 2	736 2	
87 2	250 2	278 2	382 2	627 2	676 2	714 2	737 2	
88 2	251 2	279 2	383 2	628 2	677 2	715 2	738 2	
89 2	252 2	280 2	384 2	629 2	678 2	716 2	739 2	
91 2	254 2	282 2	386 2	631 2	680 2	718 2	741 2	
92 2	255 2	283 2	387 2	632 2	681 2	719 2	742 2	
93 2	256 2	284 2	388 2	633 2	682 2	720 2	743 2	
94 2	257 2	285 2	389 2	634 2	683 2	721 2	744 2	
95 2	258 2	286 2	390 2	635 2	684 2	722 2	745 2	
96 2	259 2	287 2	391 2	636 2	685 2	723 2	746 2	
97 2	260 2	288 2	392 2	637 2	686 2	724 2	747 2	
98 2	261 2	289 2	393 2	638 2	687 2	725 2	748 2	
99 2	262 2	290 2	394 2	639 2	688 2	726 2	749 2	
100 2	263 2	291 2	395 2	640 2	689 2	727 2	750 2	
101 2	264 2	292 2	396 2	641 2	690 2	728 2	751 2	
102 2	265 2	293 2	397 2	642 2	691 2	729 2	752 2	
103 2	266 2	294 2	398 2	643 2	692 2	730 2	753 2	
104 2	267 2	295 2	399 2	644 2	693 2	731 2	754 2	
105 2	268 2	296 2	400 2	645 2	694 2	732 2	755 2	
106 2	269 2	297 2	401 2	646 2	695 2	733 2	756 2	
107 2	270 2	298 2	402 2	647 2	696 2	734 2	757 2	
108 2	271 2	299 2	403 2	648 2	697 2	735 2	758 2	
109 2	272 2	300 2	404 2	649 2	698 2	736 2	759 2	
110 2	273 2	301 2	405 2	650 2	699 2	737 2	760 2	
111 2	274 2	302 2	406 2	651 2	700 2	738 2	761 2	
112 2	275 2	303 2	407 2	652 2	701 2	739 2	762 2	
113 2	276 2	304 2	408 2	653 2	702 2	740 2	763 2	
114 2	277 2	305 2	409 2	654 2	703 2	741 2	764 2	
115 2	278 2	306 2	410 2	655 2	704 2	742 2	765 2	
116 2	279 2	307 2	411 2	656 2	705 2	743 2	766 2	
117 2	280 2	308 2	412 2	657 2	706 2	744 2	767 2	
118 2	281 2	309 2	413 2	658 2	707 2	745 2	768 2	
119 2	282 2	310 2	414 2	659 2	708 2	746 2	769 2	
120 2	283 2	311 2	415 2	660 2	709 2	747 2	770 2	
121 2	284 2	312 2	416 2	661 2	710 2	748 2	771 2	
122 2	285 2	313 2	417 2	662 2	711 2	749 2	772 2	
123 2	286 2	314 2	418 2	663 2	712 2	750 2	773 2	
124 2	287 2	315 2	419 2	664 2	713 2	751 2	774 2	
126 2	289 2	317 2	421 2	666 2	715 2	753 2	776 2	
127 2	290 2	318 2	422 2	667 2	716 2	754 2	777 2	
128 2	291 2	319 2	423 2	668 2	717 2	755 2	778 2	
129 2	292 2	320 2	424 2	669 2	718 2	756 2	779 2	
130 2	293 2	321 2	425 2	670 2	719 2	757 2	780 2	
131 2	294 2	322 2	426 2	671 2	720 2	758 2	781 2	
132 2	295 2	323 2	427 2	672 2	721 2	759 2	782 2	
133 2	296 2	324 2	428 2	673 2	722 2	760 2	783 2	
134 2	297 2	325 2	429 2	674 2	723 2	761 2	784 2	
135 2	298 2	326 2	430 2	675 2	724 2	762 2	785 2	
136 2	299 2	327 2	431 2	676 2	725 2	763 2	786 2	
137 2	300 2	328 2	432 2	677 2	726 2	764 2	787 2	
138 2	301 2	329 2	433 2	678 2	727 2	765 2	788 2	
139 2	302 2	330 2	434 2	679 2	728 2	766 2	789 2	
140 2	303 2	331 2	435 2	680 2	729 2	767 2	790 2	
141 2	304 2	332 2	436 2	681 2	730 2	768 2	791 2	
142 2	305 2	333 2	437 2	682 2	731 2	769 2	792 2	
143 2	306 2	334 2	438 2	683 2	732 2	770 2	793 2	
144 2	307 2	335 2	439 2	684 2	733 2	771 2	794 2	
145 2	308 2	336 2	440 2	685 2	734 2	772 2	795 2	
146 2	309 2	337 2	441 2	686 2	735 2	773 2	796 2	
1 2	147 2	310 2	338 2	687 2	736 2	774 2	797 2	
2 2	148 2	311 2	339 2	688 2	737 2	775 2	798 2	
3 2	149 2	312 2	340 2	689 2	738 2	776 2	799 2	
4 2	150 2	313 2	341 2	690 2	739 2	777 2	800 2	
5 2	151 2	314 2	342 2	691 2	740 2	778 2	801 2	
6 2	152 2	315 2	343 2	692 2	741 2	779 2	802 2	
7 2	153 2	316 2	344 2	693 2	742 2	780 2	803 2	
8 2	154 2	317 2	345 2	694 2	743 2	781 2	804 2	
9 2	155 2	318 2	346 2	695 2	744 2	782 2	805 2	
10 2	156 2	319 2	347 2	696 2	745 2	783 2	806 2	
11 2	157 2	320 2	348 2	697 2	746 2	784 2	807 2	
12 2	158 2	321 2	349 2	698 2	747 2	785 2	808 2	
13 2	159 2	322 2	350 2	699 2	748 2	786 2	809 2	
14 2	160 2	323 2	351 2	700 2	749 2	787 2	810 2	
15 2	161 2	324 2	352 2	701 2	750 2	788 2	811 2	
16 2	162 2	325 2	353 2	702 2	751 2	789 2	812 2	
17 2	163 2	326 2	354 2	703 2	752 2	790 2	813 2	
18 2	164 2	327 2	355 2	704 2	753 2	791 2	814 2	
19 2	165 2	328 2	356 2	705 2	754 2	792 2	815 2	
20 2	166 2	329 2	357 2	706 2	755 2	793 2	816 2	
21 2	167 2	330 2	358 2	707 2	756 2	794 2	817 2	
22 2	168 2	331 2	359 2	708 2	757 2	795 2	818 2	
23 2	169 2	332 2	360 2	709 2	758 2	796 2	819 2	
24 2	170 2	333 2	361 2	710 2	759 2	797 2	820 2	
25 2	171 2	334 2	362 2	711 2	760 2	798 2	821 2	
26 2	172 2	335 2	363 2	712 2	761 2	799 2	822 2	
27 2	173 2	336 2	364 2	713 2	762 2	800 2	823 2	
28 2	174 2	337 2	365 2	714 2	763 2	801 2	824 2	
29 2	175 2	338 2	366 2	715 2	764 2	802 2	825 2	
30 2	176 2	339 2	367 2	716 2	765 2	803 2	826 2	
31 2	177 2	340 2	368 2	717 2	766 2	804 2	827 2	
32 2	178 2	341 2	369 2	718 2	767 2	805 2	828 2	
33 2	179 2	342 2	370 2	719 2	768 2	806 2	829 2	
34 2	180 2	343 2	371 2	720 2	769 2	807 2	830 2	
35 2	181 2	344 2	372 2	721 2	770 2	808 2	831 2	
36 2	182 2	345 2	373 2	722 2	771 2	809 2	832 2	
37 2	183 2	346 2	374 2	723 2	772 2	810 2	833 2	
38 2	184 2	347 2	375 2	724 2	773 2	811 2	834 2	
39 2	185 2	348 2	376 2	725 2	774 2	812 2	835 2	
40 2	186 2	349 2	377 2	726 2	775 2	813 2	836 2	
41 2	187 2	350 2	378 2	727 2	776 2	814 2	837 2	
43 2	189 2	352 2	380 2	729 2	778 2	816 2	839 2	
44 2	190 2	353 2	381 2	730 2	779 2	817 2	840 2	
45 2	191 2	354 2	382 2	731 2	780 2	818 2	841 2	
46 2	192 2	355 2	383 2	732 2	781 2	819 2	842 2	
47 2	193 2	356 2	384 2	733 2	782 2	820 2	843 2	
48 2	194 2	357 2	385 2	734 2	783 2	821 2	844 2	
49 2	195 2	358 2	386 2	735 2	784 2	822 2	845 2	
50 2	196 2	359 2	387 2	736 2	785 2	823 2	846 2	
51 2	197 2	360 2	388 2	737 2	786 2	824 2	847 2	
52 2	198 2	361 2	389 2	738 2	787 2	825 2	848 2	
53 2	199 2	362 2	390 2	739 2	788 2	826 2	849 2	
54 2	200 2	363 2	391 2	740 2	789 2	827 2	850 2	
55 2	201 2	364 2	392 2	741 2	790 2	828 2	851 2	
56 2	202 2	365 2	393 2	742 2	791 2	829 2	852 2	
57 2	203 2	366 2	394 2	743 2	792 2	830 2	853 2	
58 2	204 2	367 2	395 2	744 2	793 2	831 2	854 2	
59 2	205 2	368 2	396 2	745 2	794 2	832 2	855 2	
60 2	206 2	369 2	397 2	746 2	795 2	833 2	856 2	
61 2	207 2	370 2	398 2	747 2	796 2	834 2	857 2	
62 2	208 2	371 2	399 2	748 2	797 2	835 2	858 2	
63 2	209 2	372 2	400 2	749 2	798 2	836 2	859 2	
64 2	210 2	373 2	401 2	750 2	799 2	837 2	860 2	
65 2	211 2	374 2	402 2	751 2	800 2	838 2	861 2	
66 2	212 2	375 2	403 2	752 2	801 2	839 2	862 2	
67 2	213 2	376 2	404 2	753 2	802 2	840 2	863 2	
68 2	214 2	377 2	405 2	754 2	803 2	841 2	864 2	
69 2	215 2	378 2	406 2	755 2	804 2	842 2	865 2	
70 2	216 2	379 2	407 2	756 2	805 2	843 2	866 2	
71 2	217 2	380 2	408 2	757 2	806 2	844 2	867 2	
72 2	218 2	381 2	409 2	758 2	807 2	845 2	868 2	
73 2	219 2	382 2	410 2	759 2	808 2	846 2	869 2	
74 2	220 2	383 2	411 2	760 2	809 2	847 2	870 2	
75 2	221 2	384 2	412 2	761 2	810 2	848 2	871 2	
76 2	222 2	385 2	413 2	762 2	811 2	849 2	872 2	
77 2	223 2	386 2	414 2	763 2	812 2	850 2	873 2	
78 2	224 2	387 2	415 2	764 2	813 2	851 2	874 2	
79 2	225 2	388 2	416 2	765 2	814 2	852 2	875 2	
80 2	226 2	389 2	417 2	766 2	815 2	853 2	876 2	
81 2	227 2	390 2	418 2	767 2	816 2	854 2	877 2	
82 2	228 2	391 2	419 2	768 2	817 2	855 2	878 2	
83 2	229 2	392 2	420 2	769 2	818 2	856 2	879 2	
84 2	230 2	393 2	421 2	770 2	819 2	857 2	880 2	
85 2	231 2	394 2	422 2	771 2	820 2	858 2	881 2	
86 2	232 2	395 2	423 2	772 2	821 2	859 2	882 2	
87 2	233 2	396 2	424 2	442 2	773 2	822 2	860 2	
88 2	234 2	397 2	425 2	443 2	774 2	823 2	861 2	
89 2	235 2	398 2	426 2	444 2	775 2	824 2	862 2	
90 2	236 2	399 2	427 2	445 2	776 2	825 2	863 2	
91 2	237 2	400 2	428 2	446 2	777 2	826 2	864 2	
92 2	238 2	401 2	429 2	447 2	778 2	827 2	865 2	
93 2	239 2	402 2	430 2	448 2	779 2	828 2	866 2	
94 2	240 2	403 2	431 2	449 2	780 2	829 2	867 2	
95 2	241 2	404 2	432 2	450 2	781 2	830 2	868 2	
96 2	242 2	405 2	433 2	451 2	782 2	831 2	869 2	
97 2	243 2	406 2	434 2	452 2	783 2	832 2	870 2	
98 2	244 2	407 2	435 2	453 2	784 2	833 2	871 2	
100 2	246 2	409 2	437 2	455 2	786 2	835 2	873 2	
101 2	247 2	410 2	438 2	456 2	787 2	836 2	874 2	
102 2	248 2	411 2	439 2	457 2	788 2	837 2	875 2	
103 2	249 2	412 2	440 2	458 2	789 2	838 2	876 2	
104 2	250 2	413 2	441 2	459 2	790 2	839 2	877 2	
1 2	105 2	251 2	414 2	460 2	791 2	840 2	878 2	
2 2	106 2	252 2	415 2	461 2	792 2	841 2	879 2	
3 2	107 2	253 2	416 2	462 2	793 2	842 2	880 2	
4 2	108 2	254 2	417 2	463 2	794 2	843 2	881 2	
5 2	109 2	255 2	418 2	464 2	795 2	844 2	882 2	
6 2	110 2	256 2	419 2	442 2	465 2	796 2	845 2	
7 2	111 2	257 2	420 2	443 2	466 2	797 2	846 2	
8 2	112 2	258 2	421 2	444 2	467 2	798 2	847 2	
9 2	113 2	259 2	422 2	445 2	468 2	799 2	848 2	
10 2	114 2	260 2	423 2	446 2	469 2	800 2	849 2	
11 2	115 2	261 2	424 2	447 2	470 2	801 2	850 2	
13 2	117 2	263 2	426 2	449 2	472 2	803 2	852 2	
14 2	118 2	264 2	427 2	450 2	473 2	804 2	853 2	
15 2	119 2	265 2	428 2	451 2	474 2	805 2	854 2	
16 2	120 2	266 2	429 2	452 2	475 2	806 2	855 2	
17 2	121 2	267 2	430 2	453 2	476 2	807 2	856 2	
18 2	122 2	268 2	431 2	454 2	477 2	808 2	857 2	
19 2	123 2	269 2	432 2	455 2	478 2	809 2	858 2	
20 2	124 2	270 2	433 2	456 2	479 2	810 2	859 2	
21 2	125 2	271 2	434 2	457 2	480 2	811 2	860 2	
22 2	126 2	272 2	435 2	458 2	481 2	812 2	861 2	
23 2	127 2	273 2	436 2	459 2	482 2	813 2	862 2	
24 2	128 2	274 2	437 2	460 2	483 2	814 2	863 2	
25 2	129 2	275 2	438 2	461 2	484 2	815 2	864 2	
26 2	130 2	276 2	439 2	462 2	485 2	816 2	865 2	
27 2	131 2	277 2	440 2	463 2	486 2	817 2	866 2	
28 2	132 2	278 2	441 2	464 2	487 2	818 2	867 2	
1 2	29 2	133 2	279 2	465 2	488 2	819 2	868 2	
2 2	30 2	134 2	280 2	466 2	489 2	820 2	869 2	
3 2	31 2	135 2	281 2	467 2	490 2	821 2	870 2	
5 2	33 2	137 2	283 2	469 2	492 2	823 2	872 2	
6 2	34 2	138 2	284 2	470 2	493 2	824 2	873 2	
7 2	35 2	139 2	285 2	471 2	494 2	825 2	874 2	
9 2	37 2	141 2	287 2	473 2	496 2	827 2	876 2	
10 2	38 2	142 2	288 2	474 2	497 2	828 2	877 2	
11 2	39 2	143 2	289 2	475 2	498 2	829 2	878 2	
12 2	40 2	144 2	290 2	476 2	499 2	830 2	879 2	
13 2	41 2	145 2	291 2	477 2	500 2	831 2	880 2	
14 2	42 2	146 2	292 2	478 2	501 2	832 2	881 2	
15 2	43 2	147 2	293 2	479 2	502 2	833 2	882 2	
16 2	44 2	148 2	294 2	442 2	480 2	503 2	834 2	
17 2	45 2	149 2	295 2	443 2	481 2	504 2	835 2	
19 2	47 2	151 2	297 2	445 2	483 2	506 2	837 2	
20 2	48 2	152 2	298 2	446 2	484 2	507 2	838 2	
21 2	49 2	153 2	299 2	447 2	485 2	508 2	839 2	
22 2	50 2	154 2	300 2	448 2	486 2	509 2	840 2	
23 2	51 2	155 2	301 2	449 2	487 2	510 2	841 2	
24 2	52 2	156 2	302 2	450 2	488 2	511 2	842 2	
25 2	53 2	157 2	303 2	451 2	489 2	512 2	843 2	
26 2	54 2	158 2	304 2	452 2	490 2	513 2	844 2	
27 2	55 2	159 2	305 2	453 2	491 2	514 2	845 2	
28 2	56 2	160 2	306 2	454 2	492 2	515 2	846 2	
29 2	57 2	161 2	307 2	455 2	493 2	516 2	847 2	
30 2	58 2	162 2	308 2	456 2	494 2	517 2	848 2	
31 2	59 2	163 2	309 2	457 2	495 2	518 2	849 2	
32 2	60 2	164 2	310 2	458 2	496 2	519 2	850 2	
33 2	61 2	165 2	311 2	459 2	497 2	520 2	851 2	
34 2	62 2	166 2	312 2	460 2	498 2	521 2	852 2	
35 2	63 2	167 2	313 2	461 2	499 2	522 2	853 2	
36 2	64 2	168 2	314 2	462 2	500 2	523 2	854 2	
37 2	65 2	169 2	315 2	463 2	501 2	524 2	855 2	
38 2	66 2	170 2	316 2	464 2	502 2	525 2	856 2	
39 2	67 2	171 2	317 2	465 2	503 2	526 2	857 2	
40 2	68 2	172 2	318 2	466 2	504 2	527 2	858 2	
41 2	69 2	173 2	319 2	467 2	505 2	528 2	859 2	
42 2	70 2	174 2	320 2	468 2	506 2	529 2	860 2	
43 2	71 2	175 2	321 2	469 2	507 2	530 2	861 2	
44 2	72 2	176 2	322 2	470 2	508 2	531 2	862 2	
45 2	73 2	177 2	323 2	471 2	509 2	532 2	863 2	
46 2	74 2	178 2	324 2	472 2	510 2	533 2	864 2	
47 2	75 2	179 2	325 2	473 2	511 2	534 2	865 2	
48 2	76 2	180 2	326 2	474 2	512 2	535 2	866 2	
49 2	77 2	181 2	327 2	475 2	513 2	536 2	867 2	
50 2	78 2	182 2	328 2	476 2	514 2	537 2	868 2	
51 2	79 2	183 2	329 2	477 2	515 2	538 2	869 2	
52 2	80 2	184 2	330 2	478 2	516 2	539 2	870 2	
53 2	81 2	185 2	331 2	479 2	517 2	540 2	871 2	
54 2	82 2	186 2	332 2	480 2	518 2	541 2	872 2	
55 2	83 2	187 2	333 2	481 2	519 2	542 2	873 2	
56 2	84 2	188 2	334 2	482 2	520 2	543 2	874 2	
57 2	85 2	189 2	335 2	483 2	521 2	544 2	875 2	
58 2	86 2	190 2	336 2	484 2	522 2	545 2	876 2	
59 2	87 2	191 2	337 2	485 2	523 2	546 2	877 2	
60 2	88 2	192 2	338 2	486 2	524 2	547 2	878 2	
61 2	89 2	193 2	339 2	487 2	525 2	548 2	879 2	
62 2	90 2	194 2	340 2	488 2	526 2	549 2	880 2	
63 2	91 2	195 2	341 2	489 2	527 2	550 2	881 2	
64 2	92 2	196 2	342 2	490 2	528 2	551 2	882 2	
65 2	93 2	197 2	343 2	442 2	491 2	529 2	552 2	
67 2	95 2	199 2	345 2	444 2	493 2	531 2	554 2	
68 2	96 2	200 2	346 2	445 2	494 2	532 2	555 2	
69 2	97 2	201 2	347 2	446 2	495 2	533 2	556 2	
70 2	98 2	202 2	348 2	447 2	496 2	534 2	557 2	
71 2	99 2	203 2	349 2	448 2	497 2	535 2	558 2	
72 2	100 2	204 2	350 2	449 2	498 2	536 2	559 2	
73 2	101 2	205 2	351 2	450 2	499 2	537 2	560 2	
74 2	102 2	206 2	352 2	451 2	500 2	538 2	561 2	
75 2	103 2	207 2	353 2	452 2	501 2	539 2	562 2	
76 2	104 2	208 2	354 2	453 2	502 2	540 2	563 2	
77 2	105 2	209 2	355 2	454 2	503 2	541 2	564 2	
78 2	106 2	210 2	356 2	455 2	504 2	542 2	565 2	
79 2	107 2	211 2	357 2	456 2	505 2	543 2	566 2	
80 2	108 2	212 2	358 2	457 2	506 2	544 2	567 2	
81 2	109 2	213 2	359 2	458 2	507 2	545 2	568 2	
82 2	110 2	214 2	360 2	459 2	508 2	546 2	569 2	
83 2	111 2	215 2	361 2	460 2	509 2	547 2	570 2	
84 2	112 2	216 2	362 2	461 2	510 2	548 2	571 2	
85 2	113 2	217 2	363 2	462 2	511 2	549 2	572 2	
86 2	114 2	218 2	364 2	463 2	512 2	550 2	573 2	
87 2	115 2	219 2	365 2	464 2	513 2	551 2	574 2	
88 2	116 2	220 2	366 2	465 2	514 2	552 2	575 2	
89 2	117 2	221 2	367 2	466 2	515 2	553 2	576 2	
90 2	118 2	222 2	368 2	467 2	516 2	554 2	577 2	
91 2	119 2	223 2	369 2	468 2	517 2	555 2	578 2	
92 2	120 2	224 2	370 2	469 2	518 2	556 2	579 2	
93 2	121 2	225 2	371 2	470 2	519 2	557 2	580 2	
94 2	122 2	226 2	372 2	471 2	520 2	558 2	581 2	
95 2	123 2	227 2	373 2	472 2	521 2	559 2	582 2	
96 2	124 2	228 2	374 2	473 2	522 2	560 2	583 2	
97 2	125 2	229 2	375 2	474 2	523 2	561 2	584 2	
98 2	126 2	230 2	376 2	475 2	524 2	562 2	585 2	
99 2	127 2	231 2	377 2	476 2	525 2	563 2	586 2	
100 2	128 2	232 2	378 2	477 2	526 2	564 2	587 2	
101 2	129 2	233 2	379 2	478 2	527 2	565 2	588 2	
102 2	130 2	234 2	380 2	479 2	528 2	566 2	589 2	
103 2	131 2	235 2	381 2	480 2	529 2	567 2	590 2	
104 2	132 2	236 2	382 2	481 2	530 2	568 2	591 2	
105 2	133 2	237 2	383 2	482 2	531 2	569 2	592 2	
106 2	134 2	238 2	384 2	483 2	532 2	570 2	593 2	
107 2	135 2	239 2	385 2	484 2	533 2	571 2	594 2	
108 2	136 2	240 2	386 2	485 2	534 2	572 2	595 2	
109 2	137 2	241 2	387 2	486 2	535 2	573 2	596 2	
110 2	138 2	242 2	388 2	487 2	536 2	574 2	597 2	
111 2	139 2	243 2	389 2	488 2	537 2	575 2	598 2	
112 2	140 2	244 2	390 2	489 2	538 2	576 2	599 2	
113 2	141 2	245 2	391 2	490 2	539 2	577 2	600 2	
114 2	142 2	246 2	392 2	491 2	540 2	578 2	601 2	
115 2	143 2	247 2	393 2	492 2	541 2	579 2	602 2	
116 2	144 2	248 2	394 2	493 2	542 2	580 2	603 2	
117 2	145 2	249 2	395 2	494 2	543 2	581 2	604 2	
118 2	146 2	250 2	396 2	495 2	544 2	582 2	605 2	
119 2	147 2	251 2	397 2	496 2	545 2	583 2	606 2	
120 2	148 2	252 2	398 2	497 2	546 2	584 2	607 2	
121 2	149 2	253 2	399 2	498 2	547 2	585 2	608 2	
122 2	150 2	254 2	400 2	499 2	548 2	586 2	609 2	
123 2	151 2	255 2	401 2	500 2	549 2	587 2	610 2	
124 2	152 2	256 2	402 2	501 2	550 2	588 2	611 2	
125 2	153 2	257 2	403 2	502 2	551 2	589 2	612 2	
126 2	154 2	258 2	404 2	503 2	552 2	590 2	613 2	
127 2	155 2	259 2	405 2	504 2	553 2	591 2	614 2	
128 2	156 2	260 2	406 2	505 2	554 2	592 2	615 2	
129 2	157 2	261 2	407 2	506 2	555 2	593 2	616 2	
130 2	158 2	262 2	408 2	507 2	556 2	594 2	617 2	
131 2	159 2	263 2	409 2	508 2	557 2	595 2	618 2	
132 2	160 2	264 2	410 2	509 2	558 2	596 2	619 2	
133 2	161 2	265 2	411 2	510 2	559 2	597 2	620 2	
134 2	162 2	266 2	412 2	511 2	560 2	598 2	621 2	
135 2	163 2	267 2	413 2	512 2	561 2	599 2	622 2	
136 2	164 2	268 2	414 2	513 2	562 2	600 2	623 2	
137 2	165 2	269 2	415 2	514 2	563 2	601 2	624 2	
138 2	166 2	270 2	416 2	515 2	564 2	602 2	625 2	
139 2	167 2	271 2	417 2	516 2	565 2	603 2	626 2	
140 2	168 2	272 2	418 2	517 2	566 2	604 2	627 2	
141 2	169 2	273 2	419 2	518 2	567 2	605 2	628 2	
142 2	170 2	274 2	420 2	519 2	568 2	606 2	629 2	
143 2	171 2	275 2	421 2	520 2	569 2	607 2	630 2	
144 2	172 2	276 2	422 2	521 2	570 2	608 2	631 2	
145 2	173 2	277 2	423 2	522 2	571 2	609 2	632 2	
146 2	174 2	278 2	424 2	523 2	572 2	610 2	633 2	
147 2	175 2	279 2	425 2	524 2	573 2	611 2	634 2	
148 2	176 2	280 2	426 2	525 2	574 2	612 2	635 2	
149 2	177 2	281 2	427 2	526 2	575 2	613 2	636 2	
150 2	178 2	282 2	428 2	527 2	576 2	614 2	637 2	
151 2	179 2	283 2	429 2	528 2	577 2	615 2	638 2	
152 2	180 2	284 2	430 2	529 2	578 2	616 2	639 2	
153 2	181 2	285 2	431 2	530 2	579 2	617 2	640 2	
154 2	182 2	286 2	432 2	531 2	580 2	618 2	641 2	
155 2	183 2	287 2	433 2	532 2	581 2	619 2	642 2	
156 2	184 2	288 2	434 2	533 2	582 2	620 2	643 2	
157 2	185 2	289 2	435 2	534 2	583 2	621 2	644 2	
158 2	186 2	290 2	436 2	535 2	584 2	622 2	645 2	
159 2	187 2	291 2	437 2	536 2	585 2	623 2	646 2	
160 2	188 2	292 2	438 2	537 2	586 2	624 2	647 2	
