625 650
11 10
6 6 6 6 6 6 6 6 6 6 6 6 6 6 6 11 11 11 11 11 6 6 6 6 6 6 6 6 6 6 6 6 6 6 6 9 9 9 9 9 6 6 6 6 6 6 6 6 6 6 6 6 6 6 6 9 9 9 9 9 6 6 6 6 6 6 6 6 6 6 6 6 6 6 6 9 9 9 9 9 6 6 6 6 6 6 6 6 6 6 6 6 6 6 6 7 7 7 7 7 6 6 6 6 6 6 6 6 6 6 6 6 6 6 6 9 9 9 9 9 6 6 6 6 6 6 6 6 6 6 6 6 6 6 6 9 9 9 9 9 6 6 6 6 6 6 6 6 6 6 6 6 6 6 6 9 9 9 9 9 6 6 6 6 6 6 6 6 6 6 6 6 6 6 6 9 9 9 9 9 6 6 6 6 6 6 6 6 6 6 6 6 6 6 6 9 9 9 9 9 6 6 6 6 6 6 6 6 6 6 6 6 6 6 6 9 9 9 9 9 6 6 6 6 6 6 6 6 6 6 6 6 6 6 6 9 9 9 9 9 6 6 6 6 6 6 6 6 6 6 6 6 6 6 6 9 9 9 9 9 6 6 6 6 6 6 6 6 6 6 6 6 6 6 6 7 7 7 7 7 6 6 6 6 6 6 6 6 6 6 6 6 6 6 6 11 11 11 11 11 11 9 9 9 7 9 9 9 9 9 9 9 9 7 11 8 8 8 8 8 11 9 9 9 7 9 9 9 9 9 9 9 9 7 11 8 8 8 8 8 11 9 9 9 7 9 9 9 9 9 9 9 9 7 11 8 8 8 8 8 11 9 9 9 7 9 9 9 9 9 9 9 9 7 11 8 8 8 8 8 11 9 9 9 7 9 9 9 9 9 9 9 9 7 11 8 8 8 8 8 8 8 8 8 8 8 8 8 8 8 8 8 8 8 8 8 8 8 8 8 8 8 8 8 8 8 8 8 8 8 8 8 8 8 8 8 8 8 8 8 8 8 8 8 8 8 8 8 8 8 8 8 8 8 8 8 8 8 8 8 8 8 8 8 8 8 8 8 8 8 8 8 8 8 8 8 8 8 8 8 8 8 8 8 8 8 8 8 8 8 8 8 8 8 8 8 8 8 8 8 8 8 8 8 8 8 8 8 8 8 8 8 8 8 8 8 8 8 8 8 8 8 8 8 8 8 8 8 8 8 8 8 8 8 8 8 8 8 8 8 8 8 8 8 8 8 8 8 8 8 8 8 8 8 8 8 8 8 8 8 8 8 8 8 8 8 8 8 8 8 8 8 8 8 8 8 8 8 8 8 8 8 8 8 8 8 8 8 8 8 8 8 8 8 8 8 8 8 8 8 8 8 8 8 8 8 8 8 8 8 8 8 8 8 8 8 8 8 8 8 8 8 8 8 8 
7 7 7 7 7 7 7 7 7 7 7 7 7 7 7 7 7 7 7 7 7 7 7 7 7 7 7 7 7 7 7 7 7 7 7 7 7 7 7 7 7 7 7 7 7 7 7 7 7 7 7 7 7 7 7 7 7 7 7 7 7 7 7 7 7 7 7 7 7 7 7 7 7 7 7 7 7 7 7 7 7 7 7 7 7 7 7 7 7 7 7 7 7 7 7 7 7 7 7 7 7 7 7 7 7 7 7 7 7 7 7 7 7 7 7 7 7 7 7 7 7 7 7 7 7 7 7 7 7 7 7 7 7 7 7 7 7 7 7 7 7 7 7 7 7 7 7 7 7 7 7 7 7 7 7 7 7 7 7 7 7 7 7 7 7 7 7 7 7 7 7 7 7 7 7 7 7 7 7 7 7 7 7 7 7 7 7 7 7 7 7 7 7 7 7 7 7 7 7 7 7 7 7 7 7 7 7 7 7 7 7 7 7 7 7 7 7 7 7 7 7 7 7 7 7 7 7 7 7 7 7 7 7 7 7 7 7 7 7 7 7 7 7 7 7 7 7 7 7 7 7 7 7 7 7 7 7 7 7 7 7 7 7 7 7 7 7 7 7 7 7 7 7 7 7 7 7 7 7 7 7 7 7 7 7 7 7 7 7 7 7 7 7 7 7 7 7 7 7 7 7 7 7 7 7 7 7 7 7 7 7 7 7 7 7 7 7 7 7 7 7 7 7 7 7 7 7 7 7 7 7 7 7 7 7 7 7 7 7 7 7 7 7 7 7 7 7 7 7 7 7 7 7 7 7 7 7 7 7 7 7 7 7 7 7 7 7 7 7 7 7 7 7 7 7 7 7 7 7 7 7 7 7 7 7 7 7 7 7 7 7 7 7 7 7 7 7 7 7 7 7 7 7 7 7 7 7 7 7 7 7 7 7 7 7 7 7 7 7 7 7 7 7 7 7 7 7 7 7 7 7 7 7 7 7 7 7 7 7 7 7 7 7 7 7 7 7 7 7 7 7 7 7 7 7 7 7 7 7 7 7 7 7 7 7 7 7 7 7 7 7 7 7 7 7 7 7 7 7 7 7 7 7 7 7 7 7 7 7 7 7 7 7 7 7 7 7 7 7 7 7 7 7 7 7 7 7 7 7 7 7 7 7 7 7 7 7 7 7 7 7 7 7 7 7 7 7 7 7 7 7 7 7 7 7 7 7 7 7 7 7 7 7 7 7 7 7 7 7 7 7 7 7 7 7 7 7 7 7 7 7 7 7 7 7 7 7 7 7 7 7 7 7 7 7 7 7 7 7 7 7 7 7 7 7 7 7 7 7 7 7 7 7 7 7 7 7 7 7 7 10 10 10 10 10 10 10 10 10 10 10 10 10 10 10 10 10 10 10 10 10 10 10 10 10 10 10 10 10 10 10 10 10 10 10 10 10 10 10 10 10 10 10 10 10 10 10 10 10 10 
221 1 	241 1 	261 1 	312 2 	313 2 	314 2 	0 0 	0 0 	0 0 	0 0 	0 0 	
222 1 	242 1 	262 1 	302 2 	308 2 	315 2 	0 0 	0 0 	0 0 	0 0 	0 0 	
223 1 	243 1 	263 1 	304 2 	308 2 	314 2 	0 0 	0 0 	0 0 	0 0 	0 0 	
224 1 	244 1 	264 1 	301 2 	308 2 	311 2 	0 0 	0 0 	0 0 	0 0 	0 0 	
225 1 	245 1 	265 1 	301 2 	306 2 	313 2 	0 0 	0 0 	0 0 	0 0 	0 0 	
226 1 	246 1 	266 1 	303 2 	309 2 	311 2 	0 0 	0 0 	0 0 	0 0 	0 0 	
227 1 	247 1 	267 1 	302 2 	304 2 	313 2 	0 0 	0 0 	0 0 	0 0 	0 0 	
228 1 	248 1 	268 1 	307 2 	310 2 	311 2 	0 0 	0 0 	0 0 	0 0 	0 0 	
229 1 	249 1 	269 1 	305 2 	309 2 	314 2 	0 0 	0 0 	0 0 	0 0 	0 0 	
230 1 	250 1 	270 1 	303 2 	305 2 	307 2 	0 0 	0 0 	0 0 	0 0 	0 0 	
231 1 	251 1 	271 1 	306 2 	310 2 	315 2 	0 0 	0 0 	0 0 	0 0 	0 0 	
232 1 	252 1 	272 1 	305 2 	310 2 	312 2 	0 0 	0 0 	0 0 	0 0 	0 0 	
233 1 	253 1 	273 1 	307 2 	308 2 	309 2 	0 0 	0 0 	0 0 	0 0 	0 0 	
234 1 	254 1 	274 1 	304 2 	312 2 	315 2 	0 0 	0 0 	0 0 	0 0 	0 0 	
235 1 	255 1 	275 1 	302 2 	306 2 	309 2 	0 0 	0 0 	0 0 	0 0 	0 0 	
236 1 	256 1 	276 1 	303 2 	306 2 	314 2 	601 2 	606 2 	611 2 	616 2 	621 2 	
237 1 	257 1 	277 1 	303 2 	304 2 	310 2 	602 2 	607 2 	612 2 	617 2 	622 2 	
238 1 	258 1 	278 1 	301 2 	307 2 	315 2 	603 2 	608 2 	613 2 	618 2 	623 2 	
239 1 	259 1 	279 1 	305 2 	311 2 	313 2 	604 2 	609 2 	614 2 	619 2 	624 2 	
240 1 	260 1 	280 1 	301 2 	302 2 	312 2 	605 2 	610 2 	615 2 	620 2 	625 2 	
21 1 	141 1 	281 1 	327 2 	328 2 	329 2 	0 0 	0 0 	0 0 	0 0 	0 0 	
22 1 	142 1 	282 1 	317 2 	323 2 	330 2 	0 0 	0 0 	0 0 	0 0 	0 0 	
23 1 	143 1 	283 1 	319 2 	323 2 	329 2 	0 0 	0 0 	0 0 	0 0 	0 0 	
24 1 	144 1 	284 1 	316 2 	323 2 	326 2 	0 0 	0 0 	0 0 	0 0 	0 0 	
25 1 	145 1 	285 1 	316 2 	321 2 	328 2 	0 0 	0 0 	0 0 	0 0 	0 0 	
26 1 	146 1 	286 1 	318 2 	324 2 	326 2 	0 0 	0 0 	0 0 	0 0 	0 0 	
27 1 	147 1 	287 1 	317 2 	319 2 	328 2 	0 0 	0 0 	0 0 	0 0 	0 0 	
28 1 	148 1 	288 1 	322 2 	325 2 	326 2 	0 0 	0 0 	0 0 	0 0 	0 0 	
29 1 	149 1 	289 1 	320 2 	324 2 	329 2 	0 0 	0 0 	0 0 	0 0 	0 0 	
30 1 	150 1 	290 1 	318 2 	320 2 	322 2 	0 0 	0 0 	0 0 	0 0 	0 0 	
31 1 	151 1 	291 1 	321 2 	325 2 	330 2 	0 0 	0 0 	0 0 	0 0 	0 0 	
32 1 	152 1 	292 1 	320 2 	325 2 	327 2 	0 0 	0 0 	0 0 	0 0 	0 0 	
33 1 	153 1 	293 1 	322 2 	323 2 	324 2 	0 0 	0 0 	0 0 	0 0 	0 0 	
34 1 	154 1 	294 1 	319 2 	327 2 	330 2 	0 0 	0 0 	0 0 	0 0 	0 0 	
35 1 	155 1 	295 1 	317 2 	321 2 	324 2 	0 0 	0 0 	0 0 	0 0 	0 0 	
36 1 	156 1 	296 1 	318 2 	321 2 	329 2 	606 2 	616 2 	621 2 	0 0 	0 0 	
37 1 	157 1 	297 1 	318 2 	319 2 	325 2 	607 2 	617 2 	622 2 	0 0 	0 0 	
38 1 	158 1 	298 1 	316 2 	322 2 	330 2 	608 2 	618 2 	623 2 	0 0 	0 0 	
39 1 	159 1 	299 1 	320 2 	326 2 	328 2 	609 2 	619 2 	624 2 	0 0 	0 0 	
40 1 	160 1 	300 1 	316 2 	317 2 	327 2 	610 2 	620 2 	625 2 	0 0 	0 0 	
61 1 	141 1 	261 1 	342 2 	343 2 	344 2 	0 0 	0 0 	0 0 	0 0 	0 0 	
62 1 	142 1 	262 1 	332 2 	338 2 	345 2 	0 0 	0 0 	0 0 	0 0 	0 0 	
63 1 	143 1 	263 1 	334 2 	338 2 	344 2 	0 0 	0 0 	0 0 	0 0 	0 0 	
64 1 	144 1 	264 1 	331 2 	338 2 	341 2 	0 0 	0 0 	0 0 	0 0 	0 0 	
65 1 	145 1 	265 1 	331 2 	336 2 	343 2 	0 0 	0 0 	0 0 	0 0 	0 0 	
66 1 	146 1 	266 1 	333 2 	339 2 	341 2 	0 0 	0 0 	0 0 	0 0 	0 0 	
67 1 	147 1 	267 1 	332 2 	334 2 	343 2 	0 0 	0 0 	0 0 	0 0 	0 0 	
68 1 	148 1 	268 1 	337 2 	340 2 	341 2 	0 0 	0 0 	0 0 	0 0 	0 0 	
69 1 	149 1 	269 1 	335 2 	339 2 	344 2 	0 0 	0 0 	0 0 	0 0 	0 0 	
70 1 	150 1 	270 1 	333 2 	335 2 	337 2 	0 0 	0 0 	0 0 	0 0 	0 0 	
71 1 	151 1 	271 1 	336 2 	340 2 	345 2 	0 0 	0 0 	0 0 	0 0 	0 0 	
72 1 	152 1 	272 1 	335 2 	340 2 	342 2 	0 0 	0 0 	0 0 	0 0 	0 0 	
73 1 	153 1 	273 1 	337 2 	338 2 	339 2 	0 0 	0 0 	0 0 	0 0 	0 0 	
74 1 	154 1 	274 1 	334 2 	342 2 	345 2 	0 0 	0 0 	0 0 	0 0 	0 0 	
75 1 	155 1 	275 1 	332 2 	336 2 	339 2 	0 0 	0 0 	0 0 	0 0 	0 0 	
76 1 	156 1 	276 1 	333 2 	336 2 	344 2 	601 2 	611 2 	621 2 	0 0 	0 0 	
77 1 	157 1 	277 1 	333 2 	334 2 	340 2 	602 2 	612 2 	622 2 	0 0 	0 0 	
78 1 	158 1 	278 1 	331 2 	337 2 	345 2 	603 2 	613 2 	623 2 	0 0 	0 0 	
79 1 	159 1 	279 1 	335 2 	341 2 	343 2 	604 2 	614 2 	624 2 	0 0 	0 0 	
80 1 	160 1 	280 1 	331 2 	332 2 	342 2 	605 2 	615 2 	625 2 	0 0 	0 0 	
1 1 	141 1 	201 1 	357 2 	358 2 	359 2 	0 0 	0 0 	0 0 	0 0 	0 0 	
2 1 	142 1 	202 1 	347 2 	353 2 	360 2 	0 0 	0 0 	0 0 	0 0 	0 0 	
3 1 	143 1 	203 1 	349 2 	353 2 	359 2 	0 0 	0 0 	0 0 	0 0 	0 0 	
4 1 	144 1 	204 1 	346 2 	353 2 	356 2 	0 0 	0 0 	0 0 	0 0 	0 0 	
5 1 	145 1 	205 1 	346 2 	351 2 	358 2 	0 0 	0 0 	0 0 	0 0 	0 0 	
6 1 	146 1 	206 1 	348 2 	354 2 	356 2 	0 0 	0 0 	0 0 	0 0 	0 0 	
7 1 	147 1 	207 1 	347 2 	349 2 	358 2 	0 0 	0 0 	0 0 	0 0 	0 0 	
8 1 	148 1 	208 1 	352 2 	355 2 	356 2 	0 0 	0 0 	0 0 	0 0 	0 0 	
9 1 	149 1 	209 1 	350 2 	354 2 	359 2 	0 0 	0 0 	0 0 	0 0 	0 0 	
10 1 	150 1 	210 1 	348 2 	350 2 	352 2 	0 0 	0 0 	0 0 	0 0 	0 0 	
11 1 	151 1 	211 1 	351 2 	355 2 	360 2 	0 0 	0 0 	0 0 	0 0 	0 0 	
12 1 	152 1 	212 1 	350 2 	355 2 	357 2 	0 0 	0 0 	0 0 	0 0 	0 0 	
13 1 	153 1 	213 1 	352 2 	353 2 	354 2 	0 0 	0 0 	0 0 	0 0 	0 0 	
14 1 	154 1 	214 1 	349 2 	357 2 	360 2 	0 0 	0 0 	0 0 	0 0 	0 0 	
15 1 	155 1 	215 1 	347 2 	351 2 	354 2 	0 0 	0 0 	0 0 	0 0 	0 0 	
16 1 	156 1 	216 1 	348 2 	351 2 	359 2 	606 2 	611 2 	621 2 	0 0 	0 0 	
17 1 	157 1 	217 1 	348 2 	349 2 	355 2 	607 2 	612 2 	622 2 	0 0 	0 0 	
18 1 	158 1 	218 1 	346 2 	352 2 	360 2 	608 2 	613 2 	623 2 	0 0 	0 0 	
19 1 	159 1 	219 1 	350 2 	356 2 	358 2 	609 2 	614 2 	624 2 	0 0 	0 0 	
20 1 	160 1 	220 1 	346 2 	347 2 	357 2 	610 2 	615 2 	625 2 	0 0 	0 0 	
1 1 	101 1 	241 1 	372 2 	373 2 	374 2 	0 0 	0 0 	0 0 	0 0 	0 0 	
2 1 	102 1 	242 1 	362 2 	368 2 	375 2 	0 0 	0 0 	0 0 	0 0 	0 0 	
3 1 	103 1 	243 1 	364 2 	368 2 	374 2 	0 0 	0 0 	0 0 	0 0 	0 0 	
4 1 	104 1 	244 1 	361 2 	368 2 	371 2 	0 0 	0 0 	0 0 	0 0 	0 0 	
5 1 	105 1 	245 1 	361 2 	366 2 	373 2 	0 0 	0 0 	0 0 	0 0 	0 0 	
6 1 	106 1 	246 1 	363 2 	369 2 	371 2 	0 0 	0 0 	0 0 	0 0 	0 0 	
7 1 	107 1 	247 1 	362 2 	364 2 	373 2 	0 0 	0 0 	0 0 	0 0 	0 0 	
8 1 	108 1 	248 1 	367 2 	370 2 	371 2 	0 0 	0 0 	0 0 	0 0 	0 0 	
9 1 	109 1 	249 1 	365 2 	369 2 	374 2 	0 0 	0 0 	0 0 	0 0 	0 0 	
10 1 	110 1 	250 1 	363 2 	365 2 	367 2 	0 0 	0 0 	0 0 	0 0 	0 0 	
11 1 	111 1 	251 1 	366 2 	370 2 	375 2 	0 0 	0 0 	0 0 	0 0 	0 0 	
12 1 	112 1 	252 1 	365 2 	370 2 	372 2 	0 0 	0 0 	0 0 	0 0 	0 0 	
13 1 	113 1 	253 1 	367 2 	368 2 	369 2 	0 0 	0 0 	0 0 	0 0 	0 0 	
14 1 	114 1 	254 1 	364 2 	372 2 	375 2 	0 0 	0 0 	0 0 	0 0 	0 0 	
15 1 	115 1 	255 1 	362 2 	366 2 	369 2 	0 0 	0 0 	0 0 	0 0 	0 0 	
16 1 	116 1 	256 1 	363 2 	366 2 	374 2 	606 2 	0 0 	0 0 	0 0 	0 0 	
17 1 	117 1 	257 1 	363 2 	364 2 	370 2 	607 2 	0 0 	0 0 	0 0 	0 0 	
18 1 	118 1 	258 1 	361 2 	367 2 	375 2 	608 2 	0 0 	0 0 	0 0 	0 0 	
19 1 	119 1 	259 1 	365 2 	371 2 	373 2 	609 2 	0 0 	0 0 	0 0 	0 0 	
20 1 	120 1 	260 1 	361 2 	362 2 	372 2 	610 2 	0 0 	0 0 	0 0 	0 0 	
41 1 	161 1 	201 1 	387 2 	388 2 	389 2 	0 0 	0 0 	0 0 	0 0 	0 0 	
42 1 	162 1 	202 1 	377 2 	383 2 	390 2 	0 0 	0 0 	0 0 	0 0 	0 0 	
43 1 	163 1 	203 1 	379 2 	383 2 	389 2 	0 0 	0 0 	0 0 	0 0 	0 0 	
44 1 	164 1 	204 1 	376 2 	383 2 	386 2 	0 0 	0 0 	0 0 	0 0 	0 0 	
45 1 	165 1 	205 1 	376 2 	381 2 	388 2 	0 0 	0 0 	0 0 	0 0 	0 0 	
46 1 	166 1 	206 1 	378 2 	384 2 	386 2 	0 0 	0 0 	0 0 	0 0 	0 0 	
47 1 	167 1 	207 1 	377 2 	379 2 	388 2 	0 0 	0 0 	0 0 	0 0 	0 0 	
48 1 	168 1 	208 1 	382 2 	385 2 	386 2 	0 0 	0 0 	0 0 	0 0 	0 0 	
49 1 	169 1 	209 1 	380 2 	384 2 	389 2 	0 0 	0 0 	0 0 	0 0 	0 0 	
50 1 	170 1 	210 1 	378 2 	380 2 	382 2 	0 0 	0 0 	0 0 	0 0 	0 0 	
51 1 	171 1 	211 1 	381 2 	385 2 	390 2 	0 0 	0 0 	0 0 	0 0 	0 0 	
52 1 	172 1 	212 1 	380 2 	385 2 	387 2 	0 0 	0 0 	0 0 	0 0 	0 0 	
53 1 	173 1 	213 1 	382 2 	383 2 	384 2 	0 0 	0 0 	0 0 	0 0 	0 0 	
54 1 	174 1 	214 1 	379 2 	387 2 	390 2 	0 0 	0 0 	0 0 	0 0 	0 0 	
55 1 	175 1 	215 1 	377 2 	381 2 	384 2 	0 0 	0 0 	0 0 	0 0 	0 0 	
56 1 	176 1 	216 1 	378 2 	381 2 	389 2 	601 2 	611 2 	616 2 	0 0 	0 0 	
57 1 	177 1 	217 1 	378 2 	379 2 	385 2 	602 2 	612 2 	617 2 	0 0 	0 0 	
58 1 	178 1 	218 1 	376 2 	382 2 	390 2 	603 2 	613 2 	618 2 	0 0 	0 0 	
59 1 	179 1 	219 1 	380 2 	386 2 	388 2 	604 2 	614 2 	619 2 	0 0 	0 0 	
60 1 	180 1 	220 1 	376 2 	377 2 	387 2 	605 2 	615 2 	620 2 	0 0 	0 0 	
21 1 	61 1 	241 1 	402 2 	403 2 	404 2 	0 0 	0 0 	0 0 	0 0 	0 0 	
22 1 	62 1 	242 1 	392 2 	398 2 	405 2 	0 0 	0 0 	0 0 	0 0 	0 0 	
23 1 	63 1 	243 1 	394 2 	398 2 	404 2 	0 0 	0 0 	0 0 	0 0 	0 0 	
24 1 	64 1 	244 1 	391 2 	398 2 	401 2 	0 0 	0 0 	0 0 	0 0 	0 0 	
25 1 	65 1 	245 1 	391 2 	396 2 	403 2 	0 0 	0 0 	0 0 	0 0 	0 0 	
26 1 	66 1 	246 1 	393 2 	399 2 	401 2 	0 0 	0 0 	0 0 	0 0 	0 0 	
27 1 	67 1 	247 1 	392 2 	394 2 	403 2 	0 0 	0 0 	0 0 	0 0 	0 0 	
28 1 	68 1 	248 1 	397 2 	400 2 	401 2 	0 0 	0 0 	0 0 	0 0 	0 0 	
29 1 	69 1 	249 1 	395 2 	399 2 	404 2 	0 0 	0 0 	0 0 	0 0 	0 0 	
30 1 	70 1 	250 1 	393 2 	395 2 	397 2 	0 0 	0 0 	0 0 	0 0 	0 0 	
31 1 	71 1 	251 1 	396 2 	400 2 	405 2 	0 0 	0 0 	0 0 	0 0 	0 0 	
32 1 	72 1 	252 1 	395 2 	400 2 	402 2 	0 0 	0 0 	0 0 	0 0 	0 0 	
33 1 	73 1 	253 1 	397 2 	398 2 	399 2 	0 0 	0 0 	0 0 	0 0 	0 0 	
34 1 	74 1 	254 1 	394 2 	402 2 	405 2 	0 0 	0 0 	0 0 	0 0 	0 0 	
35 1 	75 1 	255 1 	392 2 	396 2 	399 2 	0 0 	0 0 	0 0 	0 0 	0 0 	
36 1 	76 1 	256 1 	393 2 	396 2 	404 2 	601 2 	611 2 	621 2 	0 0 	0 0 	
37 1 	77 1 	257 1 	393 2 	394 2 	400 2 	602 2 	612 2 	622 2 	0 0 	0 0 	
38 1 	78 1 	258 1 	391 2 	397 2 	405 2 	603 2 	613 2 	623 2 	0 0 	0 0 	
39 1 	79 1 	259 1 	395 2 	401 2 	403 2 	604 2 	614 2 	624 2 	0 0 	0 0 	
40 1 	80 1 	260 1 	391 2 	392 2 	402 2 	605 2 	615 2 	625 2 	0 0 	0 0 	
121 1 	181 1 	201 1 	417 2 	418 2 	419 2 	0 0 	0 0 	0 0 	0 0 	0 0 	
122 1 	182 1 	202 1 	407 2 	413 2 	420 2 	0 0 	0 0 	0 0 	0 0 	0 0 	
123 1 	183 1 	203 1 	409 2 	413 2 	419 2 	0 0 	0 0 	0 0 	0 0 	0 0 	
124 1 	184 1 	204 1 	406 2 	413 2 	416 2 	0 0 	0 0 	0 0 	0 0 	0 0 	
125 1 	185 1 	205 1 	406 2 	411 2 	418 2 	0 0 	0 0 	0 0 	0 0 	0 0 	
126 1 	186 1 	206 1 	408 2 	414 2 	416 2 	0 0 	0 0 	0 0 	0 0 	0 0 	
127 1 	187 1 	207 1 	407 2 	409 2 	418 2 	0 0 	0 0 	0 0 	0 0 	0 0 	
128 1 	188 1 	208 1 	412 2 	415 2 	416 2 	0 0 	0 0 	0 0 	0 0 	0 0 	
129 1 	189 1 	209 1 	410 2 	414 2 	419 2 	0 0 	0 0 	0 0 	0 0 	0 0 	
130 1 	190 1 	210 1 	408 2 	410 2 	412 2 	0 0 	0 0 	0 0 	0 0 	0 0 	
131 1 	191 1 	211 1 	411 2 	415 2 	420 2 	0 0 	0 0 	0 0 	0 0 	0 0 	
132 1 	192 1 	212 1 	410 2 	415 2 	417 2 	0 0 	0 0 	0 0 	0 0 	0 0 	
133 1 	193 1 	213 1 	412 2 	413 2 	414 2 	0 0 	0 0 	0 0 	0 0 	0 0 	
134 1 	194 1 	214 1 	409 2 	417 2 	420 2 	0 0 	0 0 	0 0 	0 0 	0 0 	
135 1 	195 1 	215 1 	407 2 	411 2 	414 2 	0 0 	0 0 	0 0 	0 0 	0 0 	
136 1 	196 1 	216 1 	408 2 	411 2 	419 2 	601 2 	606 2 	621 2 	0 0 	0 0 	
137 1 	197 1 	217 1 	408 2 	409 2 	415 2 	602 2 	607 2 	622 2 	0 0 	0 0 	
138 1 	198 1 	218 1 	406 2 	412 2 	420 2 	603 2 	608 2 	623 2 	0 0 	0 0 	
139 1 	199 1 	219 1 	410 2 	416 2 	418 2 	604 2 	609 2 	624 2 	0 0 	0 0 	
140 1 	200 1 	220 1 	406 2 	407 2 	417 2 	605 2 	610 2 	625 2 	0 0 	0 0 	
81 1 	161 1 	261 1 	432 2 	433 2 	434 2 	0 0 	0 0 	0 0 	0 0 	0 0 	
82 1 	162 1 	262 1 	422 2 	428 2 	435 2 	0 0 	0 0 	0 0 	0 0 	0 0 	
83 1 	163 1 	263 1 	424 2 	428 2 	434 2 	0 0 	0 0 	0 0 	0 0 	0 0 	
84 1 	164 1 	264 1 	421 2 	428 2 	431 2 	0 0 	0 0 	0 0 	0 0 	0 0 	
85 1 	165 1 	265 1 	421 2 	426 2 	433 2 	0 0 	0 0 	0 0 	0 0 	0 0 	
86 1 	166 1 	266 1 	423 2 	429 2 	431 2 	0 0 	0 0 	0 0 	0 0 	0 0 	
87 1 	167 1 	267 1 	422 2 	424 2 	433 2 	0 0 	0 0 	0 0 	0 0 	0 0 	
88 1 	168 1 	268 1 	427 2 	430 2 	431 2 	0 0 	0 0 	0 0 	0 0 	0 0 	
89 1 	169 1 	269 1 	425 2 	429 2 	434 2 	0 0 	0 0 	0 0 	0 0 	0 0 	
90 1 	170 1 	270 1 	423 2 	425 2 	427 2 	0 0 	0 0 	0 0 	0 0 	0 0 	
91 1 	171 1 	271 1 	426 2 	430 2 	435 2 	0 0 	0 0 	0 0 	0 0 	0 0 	
92 1 	172 1 	272 1 	425 2 	430 2 	432 2 	0 0 	0 0 	0 0 	0 0 	0 0 	
93 1 	173 1 	273 1 	427 2 	428 2 	429 2 	0 0 	0 0 	0 0 	0 0 	0 0 	
94 1 	174 1 	274 1 	424 2 	432 2 	435 2 	0 0 	0 0 	0 0 	0 0 	0 0 	
95 1 	175 1 	275 1 	422 2 	426 2 	429 2 	0 0 	0 0 	0 0 	0 0 	0 0 	
96 1 	176 1 	276 1 	423 2 	426 2 	434 2 	601 2 	606 2 	616 2 	0 0 	0 0 	
97 1 	177 1 	277 1 	423 2 	424 2 	430 2 	602 2 	607 2 	617 2 	0 0 	0 0 	
98 1 	178 1 	278 1 	421 2 	427 2 	435 2 	603 2 	608 2 	618 2 	0 0 	0 0 	
99 1 	179 1 	279 1 	425 2 	431 2 	433 2 	604 2 	609 2 	619 2 	0 0 	0 0 	
100 1 	180 1 	280 1 	421 2 	422 2 	432 2 	605 2 	610 2 	620 2 	0 0 	0 0 	
41 1 	81 1 	121 1 	447 2 	448 2 	449 2 	0 0 	0 0 	0 0 	0 0 	0 0 	
42 1 	82 1 	122 1 	437 2 	443 2 	450 2 	0 0 	0 0 	0 0 	0 0 	0 0 	
43 1 	83 1 	123 1 	439 2 	443 2 	449 2 	0 0 	0 0 	0 0 	0 0 	0 0 	
44 1 	84 1 	124 1 	436 2 	443 2 	446 2 	0 0 	0 0 	0 0 	0 0 	0 0 	
45 1 	85 1 	125 1 	436 2 	441 2 	448 2 	0 0 	0 0 	0 0 	0 0 	0 0 	
46 1 	86 1 	126 1 	438 2 	444 2 	446 2 	0 0 	0 0 	0 0 	0 0 	0 0 	
47 1 	87 1 	127 1 	437 2 	439 2 	448 2 	0 0 	0 0 	0 0 	0 0 	0 0 	
48 1 	88 1 	128 1 	442 2 	445 2 	446 2 	0 0 	0 0 	0 0 	0 0 	0 0 	
49 1 	89 1 	129 1 	440 2 	444 2 	449 2 	0 0 	0 0 	0 0 	0 0 	0 0 	
50 1 	90 1 	130 1 	438 2 	440 2 	442 2 	0 0 	0 0 	0 0 	0 0 	0 0 	
51 1 	91 1 	131 1 	441 2 	445 2 	450 2 	0 0 	0 0 	0 0 	0 0 	0 0 	
52 1 	92 1 	132 1 	440 2 	445 2 	447 2 	0 0 	0 0 	0 0 	0 0 	0 0 	
53 1 	93 1 	133 1 	442 2 	443 2 	444 2 	0 0 	0 0 	0 0 	0 0 	0 0 	
54 1 	94 1 	134 1 	439 2 	447 2 	450 2 	0 0 	0 0 	0 0 	0 0 	0 0 	
55 1 	95 1 	135 1 	437 2 	441 2 	444 2 	0 0 	0 0 	0 0 	0 0 	0 0 	
56 1 	96 1 	136 1 	438 2 	441 2 	449 2 	606 2 	611 2 	616 2 	0 0 	0 0 	
57 1 	97 1 	137 1 	438 2 	439 2 	445 2 	607 2 	612 2 	617 2 	0 0 	0 0 	
58 1 	98 1 	138 1 	436 2 	442 2 	450 2 	608 2 	613 2 	618 2 	0 0 	0 0 	
59 1 	99 1 	139 1 	440 2 	446 2 	448 2 	609 2 	614 2 	619 2 	0 0 	0 0 	
60 1 	100 1 	140 1 	436 2 	437 2 	447 2 	610 2 	615 2 	620 2 	0 0 	0 0 	
101 1 	181 1 	281 1 	462 2 	463 2 	464 2 	0 0 	0 0 	0 0 	0 0 	0 0 	
102 1 	182 1 	282 1 	452 2 	458 2 	465 2 	0 0 	0 0 	0 0 	0 0 	0 0 	
103 1 	183 1 	283 1 	454 2 	458 2 	464 2 	0 0 	0 0 	0 0 	0 0 	0 0 	
104 1 	184 1 	284 1 	451 2 	458 2 	461 2 	0 0 	0 0 	0 0 	0 0 	0 0 	
105 1 	185 1 	285 1 	451 2 	456 2 	463 2 	0 0 	0 0 	0 0 	0 0 	0 0 	
106 1 	186 1 	286 1 	453 2 	459 2 	461 2 	0 0 	0 0 	0 0 	0 0 	0 0 	
107 1 	187 1 	287 1 	452 2 	454 2 	463 2 	0 0 	0 0 	0 0 	0 0 	0 0 	
108 1 	188 1 	288 1 	457 2 	460 2 	461 2 	0 0 	0 0 	0 0 	0 0 	0 0 	
109 1 	189 1 	289 1 	455 2 	459 2 	464 2 	0 0 	0 0 	0 0 	0 0 	0 0 	
110 1 	190 1 	290 1 	453 2 	455 2 	457 2 	0 0 	0 0 	0 0 	0 0 	0 0 	
111 1 	191 1 	291 1 	456 2 	460 2 	465 2 	0 0 	0 0 	0 0 	0 0 	0 0 	
112 1 	192 1 	292 1 	455 2 	460 2 	462 2 	0 0 	0 0 	0 0 	0 0 	0 0 	
113 1 	193 1 	293 1 	457 2 	458 2 	459 2 	0 0 	0 0 	0 0 	0 0 	0 0 	
114 1 	194 1 	294 1 	454 2 	462 2 	465 2 	0 0 	0 0 	0 0 	0 0 	0 0 	
115 1 	195 1 	295 1 	452 2 	456 2 	459 2 	0 0 	0 0 	0 0 	0 0 	0 0 	
116 1 	196 1 	296 1 	453 2 	456 2 	464 2 	611 2 	616 2 	621 2 	0 0 	0 0 	
117 1 	197 1 	297 1 	453 2 	454 2 	460 2 	612 2 	617 2 	622 2 	0 0 	0 0 	
118 1 	198 1 	298 1 	451 2 	457 2 	465 2 	613 2 	618 2 	623 2 	0 0 	0 0 	
119 1 	199 1 	299 1 	455 2 	461 2 	463 2 	614 2 	619 2 	624 2 	0 0 	0 0 	
120 1 	200 1 	300 1 	451 2 	452 2 	462 2 	615 2 	620 2 	625 2 	0 0 	0 0 	
81 1 	181 1 	221 1 	477 2 	478 2 	479 2 	0 0 	0 0 	0 0 	0 0 	0 0 	
82 1 	182 1 	222 1 	467 2 	473 2 	480 2 	0 0 	0 0 	0 0 	0 0 	0 0 	
83 1 	183 1 	223 1 	469 2 	473 2 	479 2 	0 0 	0 0 	0 0 	0 0 	0 0 	
84 1 	184 1 	224 1 	466 2 	473 2 	476 2 	0 0 	0 0 	0 0 	0 0 	0 0 	
85 1 	185 1 	225 1 	466 2 	471 2 	478 2 	0 0 	0 0 	0 0 	0 0 	0 0 	
86 1 	186 1 	226 1 	468 2 	474 2 	476 2 	0 0 	0 0 	0 0 	0 0 	0 0 	
87 1 	187 1 	227 1 	467 2 	469 2 	478 2 	0 0 	0 0 	0 0 	0 0 	0 0 	
88 1 	188 1 	228 1 	472 2 	475 2 	476 2 	0 0 	0 0 	0 0 	0 0 	0 0 	
89 1 	189 1 	229 1 	470 2 	474 2 	479 2 	0 0 	0 0 	0 0 	0 0 	0 0 	
90 1 	190 1 	230 1 	468 2 	470 2 	472 2 	0 0 	0 0 	0 0 	0 0 	0 0 	
91 1 	191 1 	231 1 	471 2 	475 2 	480 2 	0 0 	0 0 	0 0 	0 0 	0 0 	
92 1 	192 1 	232 1 	470 2 	475 2 	477 2 	0 0 	0 0 	0 0 	0 0 	0 0 	
93 1 	193 1 	233 1 	472 2 	473 2 	474 2 	0 0 	0 0 	0 0 	0 0 	0 0 	
94 1 	194 1 	234 1 	469 2 	477 2 	480 2 	0 0 	0 0 	0 0 	0 0 	0 0 	
95 1 	195 1 	235 1 	467 2 	471 2 	474 2 	0 0 	0 0 	0 0 	0 0 	0 0 	
96 1 	196 1 	236 1 	468 2 	471 2 	479 2 	601 2 	611 2 	616 2 	0 0 	0 0 	
97 1 	197 1 	237 1 	468 2 	469 2 	475 2 	602 2 	612 2 	617 2 	0 0 	0 0 	
98 1 	198 1 	238 1 	466 2 	472 2 	480 2 	603 2 	613 2 	618 2 	0 0 	0 0 	
99 1 	199 1 	239 1 	470 2 	476 2 	478 2 	604 2 	614 2 	619 2 	0 0 	0 0 	
100 1 	200 1 	240 1 	466 2 	467 2 	477 2 	605 2 	615 2 	620 2 	0 0 	0 0 	
121 1 	141 1 	161 1 	492 2 	493 2 	494 2 	0 0 	0 0 	0 0 	0 0 	0 0 	
122 1 	142 1 	162 1 	482 2 	488 2 	495 2 	0 0 	0 0 	0 0 	0 0 	0 0 	
123 1 	143 1 	163 1 	484 2 	488 2 	494 2 	0 0 	0 0 	0 0 	0 0 	0 0 	
124 1 	144 1 	164 1 	481 2 	488 2 	491 2 	0 0 	0 0 	0 0 	0 0 	0 0 	
125 1 	145 1 	165 1 	481 2 	486 2 	493 2 	0 0 	0 0 	0 0 	0 0 	0 0 	
126 1 	146 1 	166 1 	483 2 	489 2 	491 2 	0 0 	0 0 	0 0 	0 0 	0 0 	
127 1 	147 1 	167 1 	482 2 	484 2 	493 2 	0 0 	0 0 	0 0 	0 0 	0 0 	
128 1 	148 1 	168 1 	487 2 	490 2 	491 2 	0 0 	0 0 	0 0 	0 0 	0 0 	
129 1 	149 1 	169 1 	485 2 	489 2 	494 2 	0 0 	0 0 	0 0 	0 0 	0 0 	
130 1 	150 1 	170 1 	483 2 	485 2 	487 2 	0 0 	0 0 	0 0 	0 0 	0 0 	
131 1 	151 1 	171 1 	486 2 	490 2 	495 2 	0 0 	0 0 	0 0 	0 0 	0 0 	
132 1 	152 1 	172 1 	485 2 	490 2 	492 2 	0 0 	0 0 	0 0 	0 0 	0 0 	
133 1 	153 1 	173 1 	487 2 	488 2 	489 2 	0 0 	0 0 	0 0 	0 0 	0 0 	
134 1 	154 1 	174 1 	484 2 	492 2 	495 2 	0 0 	0 0 	0 0 	0 0 	0 0 	
135 1 	155 1 	175 1 	482 2 	486 2 	489 2 	0 0 	0 0 	0 0 	0 0 	0 0 	
136 1 	156 1 	176 1 	483 2 	486 2 	494 2 	601 2 	616 2 	621 2 	0 0 	0 0 	
137 1 	157 1 	177 1 	483 2 	484 2 	490 2 	602 2 	617 2 	622 2 	0 0 	0 0 	
138 1 	158 1 	178 1 	481 2 	487 2 	495 2 	603 2 	618 2 	623 2 	0 0 	0 0 	
139 1 	159 1 	179 1 	485 2 	491 2 	493 2 	604 2 	619 2 	624 2 	0 0 	0 0 	
140 1 	160 1 	180 1 	481 2 	482 2 	492 2 	605 2 	620 2 	625 2 	0 0 	0 0 	
61 1 	221 1 	281 1 	507 2 	508 2 	509 2 	0 0 	0 0 	0 0 	0 0 	0 0 	
62 1 	222 1 	282 1 	497 2 	503 2 	510 2 	0 0 	0 0 	0 0 	0 0 	0 0 	
63 1 	223 1 	283 1 	499 2 	503 2 	509 2 	0 0 	0 0 	0 0 	0 0 	0 0 	
64 1 	224 1 	284 1 	496 2 	503 2 	506 2 	0 0 	0 0 	0 0 	0 0 	0 0 	
65 1 	225 1 	285 1 	496 2 	501 2 	508 2 	0 0 	0 0 	0 0 	0 0 	0 0 	
66 1 	226 1 	286 1 	498 2 	504 2 	506 2 	0 0 	0 0 	0 0 	0 0 	0 0 	
67 1 	227 1 	287 1 	497 2 	499 2 	508 2 	0 0 	0 0 	0 0 	0 0 	0 0 	
68 1 	228 1 	288 1 	502 2 	505 2 	506 2 	0 0 	0 0 	0 0 	0 0 	0 0 	
69 1 	229 1 	289 1 	500 2 	504 2 	509 2 	0 0 	0 0 	0 0 	0 0 	0 0 	
70 1 	230 1 	290 1 	498 2 	500 2 	502 2 	0 0 	0 0 	0 0 	0 0 	0 0 	
71 1 	231 1 	291 1 	501 2 	505 2 	510 2 	0 0 	0 0 	0 0 	0 0 	0 0 	
72 1 	232 1 	292 1 	500 2 	505 2 	507 2 	0 0 	0 0 	0 0 	0 0 	0 0 	
73 1 	233 1 	293 1 	502 2 	503 2 	504 2 	0 0 	0 0 	0 0 	0 0 	0 0 	
74 1 	234 1 	294 1 	499 2 	507 2 	510 2 	0 0 	0 0 	0 0 	0 0 	0 0 	
75 1 	235 1 	295 1 	497 2 	501 2 	504 2 	0 0 	0 0 	0 0 	0 0 	0 0 	
76 1 	236 1 	296 1 	498 2 	501 2 	509 2 	606 2 	0 0 	0 0 	0 0 	0 0 	
77 1 	237 1 	297 1 	498 2 	499 2 	505 2 	607 2 	0 0 	0 0 	0 0 	0 0 	
78 1 	238 1 	298 1 	496 2 	502 2 	510 2 	608 2 	0 0 	0 0 	0 0 	0 0 	
79 1 	239 1 	299 1 	500 2 	506 2 	508 2 	609 2 	0 0 	0 0 	0 0 	0 0 	
80 1 	240 1 	300 1 	496 2 	497 2 	507 2 	610 2 	0 0 	0 0 	0 0 	0 0 	
21 1 	101 1 	161 1 	522 2 	523 2 	524 2 	0 0 	0 0 	0 0 	0 0 	0 0 	
22 1 	102 1 	162 1 	512 2 	518 2 	525 2 	0 0 	0 0 	0 0 	0 0 	0 0 	
23 1 	103 1 	163 1 	514 2 	518 2 	524 2 	0 0 	0 0 	0 0 	0 0 	0 0 	
24 1 	104 1 	164 1 	511 2 	518 2 	521 2 	0 0 	0 0 	0 0 	0 0 	0 0 	
25 1 	105 1 	165 1 	511 2 	516 2 	523 2 	0 0 	0 0 	0 0 	0 0 	0 0 	
26 1 	106 1 	166 1 	513 2 	519 2 	521 2 	0 0 	0 0 	0 0 	0 0 	0 0 	
27 1 	107 1 	167 1 	512 2 	514 2 	523 2 	0 0 	0 0 	0 0 	0 0 	0 0 	
28 1 	108 1 	168 1 	517 2 	520 2 	521 2 	0 0 	0 0 	0 0 	0 0 	0 0 	
29 1 	109 1 	169 1 	515 2 	519 2 	524 2 	0 0 	0 0 	0 0 	0 0 	0 0 	
30 1 	110 1 	170 1 	513 2 	515 2 	517 2 	0 0 	0 0 	0 0 	0 0 	0 0 	
31 1 	111 1 	171 1 	516 2 	520 2 	525 2 	0 0 	0 0 	0 0 	0 0 	0 0 	
32 1 	112 1 	172 1 	515 2 	520 2 	522 2 	0 0 	0 0 	0 0 	0 0 	0 0 	
33 1 	113 1 	173 1 	517 2 	518 2 	519 2 	0 0 	0 0 	0 0 	0 0 	0 0 	
34 1 	114 1 	174 1 	514 2 	522 2 	525 2 	0 0 	0 0 	0 0 	0 0 	0 0 	
35 1 	115 1 	175 1 	512 2 	516 2 	519 2 	0 0 	0 0 	0 0 	0 0 	0 0 	
36 1 	116 1 	176 1 	513 2 	516 2 	524 2 	601 2 	606 2 	611 2 	616 2 	621 2 	
37 1 	117 1 	177 1 	513 2 	514 2 	520 2 	602 2 	607 2 	612 2 	617 2 	622 2 	
38 1 	118 1 	178 1 	511 2 	517 2 	525 2 	603 2 	608 2 	613 2 	618 2 	623 2 	
39 1 	119 1 	179 1 	515 2 	521 2 	523 2 	604 2 	609 2 	614 2 	619 2 	624 2 	
40 1 	120 1 	180 1 	511 2 	512 2 	522 2 	605 2 	610 2 	615 2 	620 2 	625 2 	
41 1 	101 1 	261 1 	537 2 	538 2 	539 2 	626 1 	627 1 	628 1 	629 1 	630 1 	
42 1 	102 1 	262 1 	527 2 	533 2 	540 2 	627 1 	629 1 	630 1 	0 0 	0 0 	
43 1 	103 1 	263 1 	529 2 	533 2 	539 2 	626 1 	628 1 	630 1 	0 0 	0 0 	
44 1 	104 1 	264 1 	526 2 	533 2 	536 2 	627 1 	628 1 	630 1 	0 0 	0 0 	
45 1 	105 1 	265 1 	526 2 	531 2 	538 2 	627 1 	0 0 	0 0 	0 0 	0 0 	
46 1 	106 1 	266 1 	528 2 	534 2 	536 2 	626 1 	628 1 	629 1 	0 0 	0 0 	
47 1 	107 1 	267 1 	527 2 	529 2 	538 2 	626 1 	628 1 	630 1 	0 0 	0 0 	
48 1 	108 1 	268 1 	532 2 	535 2 	536 2 	626 1 	627 1 	630 1 	0 0 	0 0 	
49 1 	109 1 	269 1 	530 2 	534 2 	539 2 	626 1 	627 1 	629 1 	0 0 	0 0 	
50 1 	110 1 	270 1 	528 2 	530 2 	532 2 	627 1 	628 1 	629 1 	0 0 	0 0 	
51 1 	111 1 	271 1 	531 2 	535 2 	540 2 	628 1 	629 1 	630 1 	0 0 	0 0 	
52 1 	112 1 	272 1 	530 2 	535 2 	537 2 	626 1 	628 1 	629 1 	0 0 	0 0 	
53 1 	113 1 	273 1 	532 2 	533 2 	534 2 	626 1 	629 1 	630 1 	0 0 	0 0 	
54 1 	114 1 	274 1 	529 2 	537 2 	540 2 	627 1 	0 0 	0 0 	0 0 	0 0 	
55 1 	115 1 	275 1 	527 2 	531 2 	534 2 	626 1 	627 1 	628 1 	629 1 	630 1 	
56 1 	116 1 	276 1 	528 2 	531 2 	539 2 	601 2 	626 1 	0 0 	0 0 	0 0 	
57 1 	117 1 	277 1 	528 2 	529 2 	535 2 	602 2 	627 1 	0 0 	0 0 	0 0 	
58 1 	118 1 	278 1 	526 2 	532 2 	540 2 	603 2 	628 1 	0 0 	0 0 	0 0 	
59 1 	119 1 	279 1 	530 2 	536 2 	538 2 	604 2 	629 1 	0 0 	0 0 	0 0 	
60 1 	120 1 	280 1 	526 2 	527 2 	537 2 	605 2 	630 1 	0 0 	0 0 	0 0 	
41 1 	61 1 	181 1 	552 2 	553 2 	554 2 	631 1 	632 1 	633 1 	634 1 	635 1 	
42 1 	62 1 	182 1 	542 2 	548 2 	555 2 	632 1 	634 1 	635 1 	0 0 	0 0 	
43 1 	63 1 	183 1 	544 2 	548 2 	554 2 	631 1 	633 1 	635 1 	0 0 	0 0 	
44 1 	64 1 	184 1 	541 2 	548 2 	551 2 	632 1 	633 1 	635 1 	0 0 	0 0 	
45 1 	65 1 	185 1 	541 2 	546 2 	553 2 	632 1 	0 0 	0 0 	0 0 	0 0 	
46 1 	66 1 	186 1 	543 2 	549 2 	551 2 	631 1 	633 1 	634 1 	0 0 	0 0 	
47 1 	67 1 	187 1 	542 2 	544 2 	553 2 	631 1 	633 1 	635 1 	0 0 	0 0 	
48 1 	68 1 	188 1 	547 2 	550 2 	551 2 	631 1 	632 1 	635 1 	0 0 	0 0 	
49 1 	69 1 	189 1 	545 2 	549 2 	554 2 	631 1 	632 1 	634 1 	0 0 	0 0 	
50 1 	70 1 	190 1 	543 2 	545 2 	547 2 	632 1 	633 1 	634 1 	0 0 	0 0 	
51 1 	71 1 	191 1 	546 2 	550 2 	555 2 	633 1 	634 1 	635 1 	0 0 	0 0 	
52 1 	72 1 	192 1 	545 2 	550 2 	552 2 	631 1 	633 1 	634 1 	0 0 	0 0 	
53 1 	73 1 	193 1 	547 2 	548 2 	549 2 	631 1 	634 1 	635 1 	0 0 	0 0 	
54 1 	74 1 	194 1 	544 2 	552 2 	555 2 	632 1 	0 0 	0 0 	0 0 	0 0 	
55 1 	75 1 	195 1 	542 2 	546 2 	549 2 	631 1 	632 1 	633 1 	634 1 	635 1 	
56 1 	76 1 	196 1 	543 2 	546 2 	554 2 	606 2 	631 1 	0 0 	0 0 	0 0 	
57 1 	77 1 	197 1 	543 2 	544 2 	550 2 	607 2 	632 1 	0 0 	0 0 	0 0 	
58 1 	78 1 	198 1 	541 2 	547 2 	555 2 	608 2 	633 1 	0 0 	0 0 	0 0 	
59 1 	79 1 	199 1 	545 2 	551 2 	553 2 	609 2 	634 1 	0 0 	0 0 	0 0 	
60 1 	80 1 	200 1 	541 2 	542 2 	552 2 	610 2 	635 1 	0 0 	0 0 	0 0 	
1 1 	121 1 	281 1 	567 2 	568 2 	569 2 	636 1 	637 1 	638 1 	639 1 	640 1 	
2 1 	122 1 	282 1 	557 2 	563 2 	570 2 	637 1 	639 1 	640 1 	0 0 	0 0 	
3 1 	123 1 	283 1 	559 2 	563 2 	569 2 	636 1 	638 1 	640 1 	0 0 	0 0 	
4 1 	124 1 	284 1 	556 2 	563 2 	566 2 	637 1 	638 1 	640 1 	0 0 	0 0 	
5 1 	125 1 	285 1 	556 2 	561 2 	568 2 	637 1 	0 0 	0 0 	0 0 	0 0 	
6 1 	126 1 	286 1 	558 2 	564 2 	566 2 	636 1 	638 1 	639 1 	0 0 	0 0 	
7 1 	127 1 	287 1 	557 2 	559 2 	568 2 	636 1 	638 1 	640 1 	0 0 	0 0 	
8 1 	128 1 	288 1 	562 2 	565 2 	566 2 	636 1 	637 1 	640 1 	0 0 	0 0 	
9 1 	129 1 	289 1 	560 2 	564 2 	569 2 	636 1 	637 1 	639 1 	0 0 	0 0 	
10 1 	130 1 	290 1 	558 2 	560 2 	562 2 	637 1 	638 1 	639 1 	0 0 	0 0 	
11 1 	131 1 	291 1 	561 2 	565 2 	570 2 	638 1 	639 1 	640 1 	0 0 	0 0 	
12 1 	132 1 	292 1 	560 2 	565 2 	567 2 	636 1 	638 1 	639 1 	0 0 	0 0 	
13 1 	133 1 	293 1 	562 2 	563 2 	564 2 	636 1 	639 1 	640 1 	0 0 	0 0 	
14 1 	134 1 	294 1 	559 2 	567 2 	570 2 	637 1 	0 0 	0 0 	0 0 	0 0 	
15 1 	135 1 	295 1 	557 2 	561 2 	564 2 	636 1 	637 1 	638 1 	639 1 	640 1 	
16 1 	136 1 	296 1 	558 2 	561 2 	569 2 	611 2 	636 1 	0 0 	0 0 	0 0 	
17 1 	137 1 	297 1 	558 2 	559 2 	565 2 	612 2 	637 1 	0 0 	0 0 	0 0 	
18 1 	138 1 	298 1 	556 2 	562 2 	570 2 	613 2 	638 1 	0 0 	0 0 	0 0 	
19 1 	139 1 	299 1 	560 2 	566 2 	568 2 	614 2 	639 1 	0 0 	0 0 	0 0 	
20 1 	140 1 	300 1 	556 2 	557 2 	567 2 	615 2 	640 1 	0 0 	0 0 	0 0 	
81 1 	201 1 	241 1 	582 2 	583 2 	584 2 	641 1 	642 1 	643 1 	644 1 	645 1 	
82 1 	202 1 	242 1 	572 2 	578 2 	585 2 	642 1 	644 1 	645 1 	0 0 	0 0 	
83 1 	203 1 	243 1 	574 2 	578 2 	584 2 	641 1 	643 1 	645 1 	0 0 	0 0 	
84 1 	204 1 	244 1 	571 2 	578 2 	581 2 	642 1 	643 1 	645 1 	0 0 	0 0 	
85 1 	205 1 	245 1 	571 2 	576 2 	583 2 	642 1 	0 0 	0 0 	0 0 	0 0 	
86 1 	206 1 	246 1 	573 2 	579 2 	581 2 	641 1 	643 1 	644 1 	0 0 	0 0 	
87 1 	207 1 	247 1 	572 2 	574 2 	583 2 	641 1 	643 1 	645 1 	0 0 	0 0 	
88 1 	208 1 	248 1 	577 2 	580 2 	581 2 	641 1 	642 1 	645 1 	0 0 	0 0 	
89 1 	209 1 	249 1 	575 2 	579 2 	584 2 	641 1 	642 1 	644 1 	0 0 	0 0 	
90 1 	210 1 	250 1 	573 2 	575 2 	577 2 	642 1 	643 1 	644 1 	0 0 	0 0 	
91 1 	211 1 	251 1 	576 2 	580 2 	585 2 	643 1 	644 1 	645 1 	0 0 	0 0 	
92 1 	212 1 	252 1 	575 2 	580 2 	582 2 	641 1 	643 1 	644 1 	0 0 	0 0 	
93 1 	213 1 	253 1 	577 2 	578 2 	579 2 	641 1 	644 1 	645 1 	0 0 	0 0 	
94 1 	214 1 	254 1 	574 2 	582 2 	585 2 	642 1 	0 0 	0 0 	0 0 	0 0 	
95 1 	215 1 	255 1 	572 2 	576 2 	579 2 	641 1 	642 1 	643 1 	644 1 	645 1 	
96 1 	216 1 	256 1 	573 2 	576 2 	584 2 	616 2 	641 1 	0 0 	0 0 	0 0 	
97 1 	217 1 	257 1 	573 2 	574 2 	580 2 	617 2 	642 1 	0 0 	0 0 	0 0 	
98 1 	218 1 	258 1 	571 2 	577 2 	585 2 	618 2 	643 1 	0 0 	0 0 	0 0 	
99 1 	219 1 	259 1 	575 2 	581 2 	583 2 	619 2 	644 1 	0 0 	0 0 	0 0 	
100 1 	220 1 	260 1 	571 2 	572 2 	582 2 	620 2 	645 1 	0 0 	0 0 	0 0 	
1 1 	21 1 	221 1 	597 2 	598 2 	599 2 	646 1 	647 1 	648 1 	649 1 	650 1 	
2 1 	22 1 	222 1 	587 2 	593 2 	600 2 	647 1 	649 1 	650 1 	0 0 	0 0 	
3 1 	23 1 	223 1 	589 2 	593 2 	599 2 	646 1 	648 1 	650 1 	0 0 	0 0 	
4 1 	24 1 	224 1 	586 2 	593 2 	596 2 	647 1 	648 1 	650 1 	0 0 	0 0 	
5 1 	25 1 	225 1 	586 2 	591 2 	598 2 	647 1 	0 0 	0 0 	0 0 	0 0 	
6 1 	26 1 	226 1 	588 2 	594 2 	596 2 	646 1 	648 1 	649 1 	0 0 	0 0 	
7 1 	27 1 	227 1 	587 2 	589 2 	598 2 	646 1 	648 1 	650 1 	0 0 	0 0 	
8 1 	28 1 	228 1 	592 2 	595 2 	596 2 	646 1 	647 1 	650 1 	0 0 	0 0 	
9 1 	29 1 	229 1 	590 2 	594 2 	599 2 	646 1 	647 1 	649 1 	0 0 	0 0 	
10 1 	30 1 	230 1 	588 2 	590 2 	592 2 	647 1 	648 1 	649 1 	0 0 	0 0 	
11 1 	31 1 	231 1 	591 2 	595 2 	600 2 	648 1 	649 1 	650 1 	0 0 	0 0 	
12 1 	32 1 	232 1 	590 2 	595 2 	597 2 	646 1 	648 1 	649 1 	0 0 	0 0 	
13 1 	33 1 	233 1 	592 2 	593 2 	594 2 	646 1 	649 1 	650 1 	0 0 	0 0 	
14 1 	34 1 	234 1 	589 2 	597 2 	600 2 	647 1 	0 0 	0 0 	0 0 	0 0 	
15 1 	35 1 	235 1 	587 2 	591 2 	594 2 	646 1 	647 1 	648 1 	649 1 	650 1 	
16 1 	36 1 	236 1 	588 2 	591 2 	599 2 	621 2 	646 1 	0 0 	0 0 	0 0 	
17 1 	37 1 	237 1 	588 2 	589 2 	595 2 	622 2 	647 1 	0 0 	0 0 	0 0 	
18 1 	38 1 	238 1 	586 2 	592 2 	600 2 	623 2 	648 1 	0 0 	0 0 	0 0 	
19 1 	39 1 	239 1 	590 2 	596 2 	598 2 	624 2 	649 1 	0 0 	0 0 	0 0 	
20 1 	40 1 	240 1 	586 2 	587 2 	597 2 	625 2 	650 1 	0 0 	0 0 	0 0 	
4 1 	5 1 	18 1 	20 1 	346 2 	361 2 	556 2 	586 2 	0 0 	0 0 	0 0 	
2 1 	7 1 	15 1 	20 1 	347 2 	362 2 	557 2 	587 2 	0 0 	0 0 	0 0 	
6 1 	10 1 	16 1 	17 1 	348 2 	363 2 	558 2 	588 2 	0 0 	0 0 	0 0 	
3 1 	7 1 	14 1 	17 1 	349 2 	364 2 	559 2 	589 2 	0 0 	0 0 	0 0 	
9 1 	10 1 	12 1 	19 1 	350 2 	365 2 	560 2 	590 2 	0 0 	0 0 	0 0 	
5 1 	11 1 	15 1 	16 1 	351 2 	366 2 	561 2 	591 2 	0 0 	0 0 	0 0 	
8 1 	10 1 	13 1 	18 1 	352 2 	367 2 	562 2 	592 2 	0 0 	0 0 	0 0 	
2 1 	3 1 	4 1 	13 1 	353 2 	368 2 	563 2 	593 2 	0 0 	0 0 	0 0 	
6 1 	9 1 	13 1 	15 1 	354 2 	369 2 	564 2 	594 2 	0 0 	0 0 	0 0 	
8 1 	11 1 	12 1 	17 1 	355 2 	370 2 	565 2 	595 2 	0 0 	0 0 	0 0 	
4 1 	6 1 	8 1 	19 1 	356 2 	371 2 	566 2 	596 2 	0 0 	0 0 	0 0 	
1 1 	12 1 	14 1 	20 1 	357 2 	372 2 	567 2 	597 2 	0 0 	0 0 	0 0 	
1 1 	5 1 	7 1 	19 1 	358 2 	373 2 	568 2 	598 2 	0 0 	0 0 	0 0 	
1 1 	3 1 	9 1 	16 1 	359 2 	374 2 	569 2 	599 2 	0 0 	0 0 	0 0 	
2 1 	11 1 	14 1 	18 1 	360 2 	375 2 	570 2 	600 2 	0 0 	0 0 	0 0 	
24 1 	25 1 	38 1 	40 1 	316 2 	391 2 	511 2 	586 2 	0 0 	0 0 	0 0 	
22 1 	27 1 	35 1 	40 1 	317 2 	392 2 	512 2 	587 2 	0 0 	0 0 	0 0 	
26 1 	30 1 	36 1 	37 1 	318 2 	393 2 	513 2 	588 2 	0 0 	0 0 	0 0 	
23 1 	27 1 	34 1 	37 1 	319 2 	394 2 	514 2 	589 2 	0 0 	0 0 	0 0 	
29 1 	30 1 	32 1 	39 1 	320 2 	395 2 	515 2 	590 2 	0 0 	0 0 	0 0 	
25 1 	31 1 	35 1 	36 1 	321 2 	396 2 	516 2 	591 2 	0 0 	0 0 	0 0 	
28 1 	30 1 	33 1 	38 1 	322 2 	397 2 	517 2 	592 2 	0 0 	0 0 	0 0 	
22 1 	23 1 	24 1 	33 1 	323 2 	398 2 	518 2 	593 2 	0 0 	0 0 	0 0 	
26 1 	29 1 	33 1 	35 1 	324 2 	399 2 	519 2 	594 2 	0 0 	0 0 	0 0 	
28 1 	31 1 	32 1 	37 1 	325 2 	400 2 	520 2 	595 2 	0 0 	0 0 	0 0 	
24 1 	26 1 	28 1 	39 1 	326 2 	401 2 	521 2 	596 2 	0 0 	0 0 	0 0 	
21 1 	32 1 	34 1 	40 1 	327 2 	402 2 	522 2 	597 2 	0 0 	0 0 	0 0 	
21 1 	25 1 	27 1 	39 1 	328 2 	403 2 	523 2 	598 2 	0 0 	0 0 	0 0 	
21 1 	23 1 	29 1 	36 1 	329 2 	404 2 	524 2 	599 2 	0 0 	0 0 	0 0 	
22 1 	31 1 	34 1 	38 1 	330 2 	405 2 	525 2 	600 2 	0 0 	0 0 	0 0 	
44 1 	45 1 	58 1 	60 1 	376 2 	436 2 	526 2 	541 2 	0 0 	0 0 	0 0 	
42 1 	47 1 	55 1 	60 1 	377 2 	437 2 	527 2 	542 2 	0 0 	0 0 	0 0 	
46 1 	50 1 	56 1 	57 1 	378 2 	438 2 	528 2 	543 2 	0 0 	0 0 	0 0 	
43 1 	47 1 	54 1 	57 1 	379 2 	439 2 	529 2 	544 2 	0 0 	0 0 	0 0 	
49 1 	50 1 	52 1 	59 1 	380 2 	440 2 	530 2 	545 2 	0 0 	0 0 	0 0 	
45 1 	51 1 	55 1 	56 1 	381 2 	441 2 	531 2 	546 2 	0 0 	0 0 	0 0 	
48 1 	50 1 	53 1 	58 1 	382 2 	442 2 	532 2 	547 2 	0 0 	0 0 	0 0 	
42 1 	43 1 	44 1 	53 1 	383 2 	443 2 	533 2 	548 2 	0 0 	0 0 	0 0 	
46 1 	49 1 	53 1 	55 1 	384 2 	444 2 	534 2 	549 2 	0 0 	0 0 	0 0 	
48 1 	51 1 	52 1 	57 1 	385 2 	445 2 	535 2 	550 2 	0 0 	0 0 	0 0 	
44 1 	46 1 	48 1 	59 1 	386 2 	446 2 	536 2 	551 2 	0 0 	0 0 	0 0 	
41 1 	52 1 	54 1 	60 1 	387 2 	447 2 	537 2 	552 2 	0 0 	0 0 	0 0 	
41 1 	45 1 	47 1 	59 1 	388 2 	448 2 	538 2 	553 2 	0 0 	0 0 	0 0 	
41 1 	43 1 	49 1 	56 1 	389 2 	449 2 	539 2 	554 2 	0 0 	0 0 	0 0 	
42 1 	51 1 	54 1 	58 1 	390 2 	450 2 	540 2 	555 2 	0 0 	0 0 	0 0 	
64 1 	65 1 	78 1 	80 1 	331 2 	391 2 	496 2 	541 2 	0 0 	0 0 	0 0 	
62 1 	67 1 	75 1 	80 1 	332 2 	392 2 	497 2 	542 2 	0 0 	0 0 	0 0 	
66 1 	70 1 	76 1 	77 1 	333 2 	393 2 	498 2 	543 2 	0 0 	0 0 	0 0 	
63 1 	67 1 	74 1 	77 1 	334 2 	394 2 	499 2 	544 2 	0 0 	0 0 	0 0 	
69 1 	70 1 	72 1 	79 1 	335 2 	395 2 	500 2 	545 2 	0 0 	0 0 	0 0 	
65 1 	71 1 	75 1 	76 1 	336 2 	396 2 	501 2 	546 2 	0 0 	0 0 	0 0 	
68 1 	70 1 	73 1 	78 1 	337 2 	397 2 	502 2 	547 2 	0 0 	0 0 	0 0 	
62 1 	63 1 	64 1 	73 1 	338 2 	398 2 	503 2 	548 2 	0 0 	0 0 	0 0 	
66 1 	69 1 	73 1 	75 1 	339 2 	399 2 	504 2 	549 2 	0 0 	0 0 	0 0 	
68 1 	71 1 	72 1 	77 1 	340 2 	400 2 	505 2 	550 2 	0 0 	0 0 	0 0 	
64 1 	66 1 	68 1 	79 1 	341 2 	401 2 	506 2 	551 2 	0 0 	0 0 	0 0 	
61 1 	72 1 	74 1 	80 1 	342 2 	402 2 	507 2 	552 2 	0 0 	0 0 	0 0 	
61 1 	65 1 	67 1 	79 1 	343 2 	403 2 	508 2 	553 2 	0 0 	0 0 	0 0 	
61 1 	63 1 	69 1 	76 1 	344 2 	404 2 	509 2 	554 2 	0 0 	0 0 	0 0 	
62 1 	71 1 	74 1 	78 1 	345 2 	405 2 	510 2 	555 2 	0 0 	0 0 	0 0 	
84 1 	85 1 	98 1 	100 1 	421 2 	436 2 	466 2 	571 2 	0 0 	0 0 	0 0 	
82 1 	87 1 	95 1 	100 1 	422 2 	437 2 	467 2 	572 2 	0 0 	0 0 	0 0 	
86 1 	90 1 	96 1 	97 1 	423 2 	438 2 	468 2 	573 2 	0 0 	0 0 	0 0 	
83 1 	87 1 	94 1 	97 1 	424 2 	439 2 	469 2 	574 2 	0 0 	0 0 	0 0 	
89 1 	90 1 	92 1 	99 1 	425 2 	440 2 	470 2 	575 2 	0 0 	0 0 	0 0 	
85 1 	91 1 	95 1 	96 1 	426 2 	441 2 	471 2 	576 2 	0 0 	0 0 	0 0 	
88 1 	90 1 	93 1 	98 1 	427 2 	442 2 	472 2 	577 2 	0 0 	0 0 	0 0 	
82 1 	83 1 	84 1 	93 1 	428 2 	443 2 	473 2 	578 2 	0 0 	0 0 	0 0 	
86 1 	89 1 	93 1 	95 1 	429 2 	444 2 	474 2 	579 2 	0 0 	0 0 	0 0 	
88 1 	91 1 	92 1 	97 1 	430 2 	445 2 	475 2 	580 2 	0 0 	0 0 	0 0 	
84 1 	86 1 	88 1 	99 1 	431 2 	446 2 	476 2 	581 2 	0 0 	0 0 	0 0 	
81 1 	92 1 	94 1 	100 1 	432 2 	447 2 	477 2 	582 2 	0 0 	0 0 	0 0 	
81 1 	85 1 	87 1 	99 1 	433 2 	448 2 	478 2 	583 2 	0 0 	0 0 	0 0 	
81 1 	83 1 	89 1 	96 1 	434 2 	449 2 	479 2 	584 2 	0 0 	0 0 	0 0 	
82 1 	91 1 	94 1 	98 1 	435 2 	450 2 	480 2 	585 2 	0 0 	0 0 	0 0 	
104 1 	105 1 	118 1 	120 1 	361 2 	451 2 	511 2 	526 2 	0 0 	0 0 	0 0 	
102 1 	107 1 	115 1 	120 1 	362 2 	452 2 	512 2 	527 2 	0 0 	0 0 	0 0 	
106 1 	110 1 	116 1 	117 1 	363 2 	453 2 	513 2 	528 2 	0 0 	0 0 	0 0 	
103 1 	107 1 	114 1 	117 1 	364 2 	454 2 	514 2 	529 2 	0 0 	0 0 	0 0 	
109 1 	110 1 	112 1 	119 1 	365 2 	455 2 	515 2 	530 2 	0 0 	0 0 	0 0 	
105 1 	111 1 	115 1 	116 1 	366 2 	456 2 	516 2 	531 2 	0 0 	0 0 	0 0 	
108 1 	110 1 	113 1 	118 1 	367 2 	457 2 	517 2 	532 2 	0 0 	0 0 	0 0 	
102 1 	103 1 	104 1 	113 1 	368 2 	458 2 	518 2 	533 2 	0 0 	0 0 	0 0 	
106 1 	109 1 	113 1 	115 1 	369 2 	459 2 	519 2 	534 2 	0 0 	0 0 	0 0 	
108 1 	111 1 	112 1 	117 1 	370 2 	460 2 	520 2 	535 2 	0 0 	0 0 	0 0 	
104 1 	106 1 	108 1 	119 1 	371 2 	461 2 	521 2 	536 2 	0 0 	0 0 	0 0 	
101 1 	112 1 	114 1 	120 1 	372 2 	462 2 	522 2 	537 2 	0 0 	0 0 	0 0 	
101 1 	105 1 	107 1 	119 1 	373 2 	463 2 	523 2 	538 2 	0 0 	0 0 	0 0 	
101 1 	103 1 	109 1 	116 1 	374 2 	464 2 	524 2 	539 2 	0 0 	0 0 	0 0 	
102 1 	111 1 	114 1 	118 1 	375 2 	465 2 	525 2 	540 2 	0 0 	0 0 	0 0 	
124 1 	125 1 	138 1 	140 1 	406 2 	436 2 	481 2 	556 2 	0 0 	0 0 	0 0 	
122 1 	127 1 	135 1 	140 1 	407 2 	437 2 	482 2 	557 2 	0 0 	0 0 	0 0 	
126 1 	130 1 	136 1 	137 1 	408 2 	438 2 	483 2 	558 2 	0 0 	0 0 	0 0 	
123 1 	127 1 	134 1 	137 1 	409 2 	439 2 	484 2 	559 2 	0 0 	0 0 	0 0 	
129 1 	130 1 	132 1 	139 1 	410 2 	440 2 	485 2 	560 2 	0 0 	0 0 	0 0 	
125 1 	131 1 	135 1 	136 1 	411 2 	441 2 	486 2 	561 2 	0 0 	0 0 	0 0 	
128 1 	130 1 	133 1 	138 1 	412 2 	442 2 	487 2 	562 2 	0 0 	0 0 	0 0 	
122 1 	123 1 	124 1 	133 1 	413 2 	443 2 	488 2 	563 2 	0 0 	0 0 	0 0 	
126 1 	129 1 	133 1 	135 1 	414 2 	444 2 	489 2 	564 2 	0 0 	0 0 	0 0 	
128 1 	131 1 	132 1 	137 1 	415 2 	445 2 	490 2 	565 2 	0 0 	0 0 	0 0 	
124 1 	126 1 	128 1 	139 1 	416 2 	446 2 	491 2 	566 2 	0 0 	0 0 	0 0 	
121 1 	132 1 	134 1 	140 1 	417 2 	447 2 	492 2 	567 2 	0 0 	0 0 	0 0 	
121 1 	125 1 	127 1 	139 1 	418 2 	448 2 	493 2 	568 2 	0 0 	0 0 	0 0 	
121 1 	123 1 	129 1 	136 1 	419 2 	449 2 	494 2 	569 2 	0 0 	0 0 	0 0 	
122 1 	131 1 	134 1 	138 1 	420 2 	450 2 	495 2 	570 2 	0 0 	0 0 	0 0 	
144 1 	145 1 	158 1 	160 1 	316 2 	331 2 	346 2 	481 2 	0 0 	0 0 	0 0 	
142 1 	147 1 	155 1 	160 1 	317 2 	332 2 	347 2 	482 2 	0 0 	0 0 	0 0 	
146 1 	150 1 	156 1 	157 1 	318 2 	333 2 	348 2 	483 2 	0 0 	0 0 	0 0 	
143 1 	147 1 	154 1 	157 1 	319 2 	334 2 	349 2 	484 2 	0 0 	0 0 	0 0 	
149 1 	150 1 	152 1 	159 1 	320 2 	335 2 	350 2 	485 2 	0 0 	0 0 	0 0 	
145 1 	151 1 	155 1 	156 1 	321 2 	336 2 	351 2 	486 2 	0 0 	0 0 	0 0 	
148 1 	150 1 	153 1 	158 1 	322 2 	337 2 	352 2 	487 2 	0 0 	0 0 	0 0 	
142 1 	143 1 	144 1 	153 1 	323 2 	338 2 	353 2 	488 2 	0 0 	0 0 	0 0 	
146 1 	149 1 	153 1 	155 1 	324 2 	339 2 	354 2 	489 2 	0 0 	0 0 	0 0 	
148 1 	151 1 	152 1 	157 1 	325 2 	340 2 	355 2 	490 2 	0 0 	0 0 	0 0 	
144 1 	146 1 	148 1 	159 1 	326 2 	341 2 	356 2 	491 2 	0 0 	0 0 	0 0 	
141 1 	152 1 	154 1 	160 1 	327 2 	342 2 	357 2 	492 2 	0 0 	0 0 	0 0 	
141 1 	145 1 	147 1 	159 1 	328 2 	343 2 	358 2 	493 2 	0 0 	0 0 	0 0 	
141 1 	143 1 	149 1 	156 1 	329 2 	344 2 	359 2 	494 2 	0 0 	0 0 	0 0 	
142 1 	151 1 	154 1 	158 1 	330 2 	345 2 	360 2 	495 2 	0 0 	0 0 	0 0 	
164 1 	165 1 	178 1 	180 1 	376 2 	421 2 	481 2 	511 2 	0 0 	0 0 	0 0 	
162 1 	167 1 	175 1 	180 1 	377 2 	422 2 	482 2 	512 2 	0 0 	0 0 	0 0 	
166 1 	170 1 	176 1 	177 1 	378 2 	423 2 	483 2 	513 2 	0 0 	0 0 	0 0 	
163 1 	167 1 	174 1 	177 1 	379 2 	424 2 	484 2 	514 2 	0 0 	0 0 	0 0 	
169 1 	170 1 	172 1 	179 1 	380 2 	425 2 	485 2 	515 2 	0 0 	0 0 	0 0 	
165 1 	171 1 	175 1 	176 1 	381 2 	426 2 	486 2 	516 2 	0 0 	0 0 	0 0 	
168 1 	170 1 	173 1 	178 1 	382 2 	427 2 	487 2 	517 2 	0 0 	0 0 	0 0 	
162 1 	163 1 	164 1 	173 1 	383 2 	428 2 	488 2 	518 2 	0 0 	0 0 	0 0 	
166 1 	169 1 	173 1 	175 1 	384 2 	429 2 	489 2 	519 2 	0 0 	0 0 	0 0 	
168 1 	171 1 	172 1 	177 1 	385 2 	430 2 	490 2 	520 2 	0 0 	0 0 	0 0 	
164 1 	166 1 	168 1 	179 1 	386 2 	431 2 	491 2 	521 2 	0 0 	0 0 	0 0 	
161 1 	172 1 	174 1 	180 1 	387 2 	432 2 	492 2 	522 2 	0 0 	0 0 	0 0 	
161 1 	165 1 	167 1 	179 1 	388 2 	433 2 	493 2 	523 2 	0 0 	0 0 	0 0 	
161 1 	163 1 	169 1 	176 1 	389 2 	434 2 	494 2 	524 2 	0 0 	0 0 	0 0 	
162 1 	171 1 	174 1 	178 1 	390 2 	435 2 	495 2 	525 2 	0 0 	0 0 	0 0 	
184 1 	185 1 	198 1 	200 1 	406 2 	451 2 	466 2 	541 2 	0 0 	0 0 	0 0 	
182 1 	187 1 	195 1 	200 1 	407 2 	452 2 	467 2 	542 2 	0 0 	0 0 	0 0 	
186 1 	190 1 	196 1 	197 1 	408 2 	453 2 	468 2 	543 2 	0 0 	0 0 	0 0 	
183 1 	187 1 	194 1 	197 1 	409 2 	454 2 	469 2 	544 2 	0 0 	0 0 	0 0 	
189 1 	190 1 	192 1 	199 1 	410 2 	455 2 	470 2 	545 2 	0 0 	0 0 	0 0 	
185 1 	191 1 	195 1 	196 1 	411 2 	456 2 	471 2 	546 2 	0 0 	0 0 	0 0 	
188 1 	190 1 	193 1 	198 1 	412 2 	457 2 	472 2 	547 2 	0 0 	0 0 	0 0 	
182 1 	183 1 	184 1 	193 1 	413 2 	458 2 	473 2 	548 2 	0 0 	0 0 	0 0 	
186 1 	189 1 	193 1 	195 1 	414 2 	459 2 	474 2 	549 2 	0 0 	0 0 	0 0 	
188 1 	191 1 	192 1 	197 1 	415 2 	460 2 	475 2 	550 2 	0 0 	0 0 	0 0 	
184 1 	186 1 	188 1 	199 1 	416 2 	461 2 	476 2 	551 2 	0 0 	0 0 	0 0 	
181 1 	192 1 	194 1 	200 1 	417 2 	462 2 	477 2 	552 2 	0 0 	0 0 	0 0 	
181 1 	185 1 	187 1 	199 1 	418 2 	463 2 	478 2 	553 2 	0 0 	0 0 	0 0 	
181 1 	183 1 	189 1 	196 1 	419 2 	464 2 	479 2 	554 2 	0 0 	0 0 	0 0 	
182 1 	191 1 	194 1 	198 1 	420 2 	465 2 	480 2 	555 2 	0 0 	0 0 	0 0 	
204 1 	205 1 	218 1 	220 1 	346 2 	376 2 	406 2 	571 2 	0 0 	0 0 	0 0 	
202 1 	207 1 	215 1 	220 1 	347 2 	377 2 	407 2 	572 2 	0 0 	0 0 	0 0 	
206 1 	210 1 	216 1 	217 1 	348 2 	378 2 	408 2 	573 2 	0 0 	0 0 	0 0 	
203 1 	207 1 	214 1 	217 1 	349 2 	379 2 	409 2 	574 2 	0 0 	0 0 	0 0 	
209 1 	210 1 	212 1 	219 1 	350 2 	380 2 	410 2 	575 2 	0 0 	0 0 	0 0 	
205 1 	211 1 	215 1 	216 1 	351 2 	381 2 	411 2 	576 2 	0 0 	0 0 	0 0 	
208 1 	210 1 	213 1 	218 1 	352 2 	382 2 	412 2 	577 2 	0 0 	0 0 	0 0 	
202 1 	203 1 	204 1 	213 1 	353 2 	383 2 	413 2 	578 2 	0 0 	0 0 	0 0 	
206 1 	209 1 	213 1 	215 1 	354 2 	384 2 	414 2 	579 2 	0 0 	0 0 	0 0 	
208 1 	211 1 	212 1 	217 1 	355 2 	385 2 	415 2 	580 2 	0 0 	0 0 	0 0 	
204 1 	206 1 	208 1 	219 1 	356 2 	386 2 	416 2 	581 2 	0 0 	0 0 	0 0 	
201 1 	212 1 	214 1 	220 1 	357 2 	387 2 	417 2 	582 2 	0 0 	0 0 	0 0 	
201 1 	205 1 	207 1 	219 1 	358 2 	388 2 	418 2 	583 2 	0 0 	0 0 	0 0 	
201 1 	203 1 	209 1 	216 1 	359 2 	389 2 	419 2 	584 2 	0 0 	0 0 	0 0 	
202 1 	211 1 	214 1 	218 1 	360 2 	390 2 	420 2 	585 2 	0 0 	0 0 	0 0 	
224 1 	225 1 	238 1 	240 1 	301 2 	466 2 	496 2 	586 2 	0 0 	0 0 	0 0 	
222 1 	227 1 	235 1 	240 1 	302 2 	467 2 	497 2 	587 2 	0 0 	0 0 	0 0 	
226 1 	230 1 	236 1 	237 1 	303 2 	468 2 	498 2 	588 2 	0 0 	0 0 	0 0 	
223 1 	227 1 	234 1 	237 1 	304 2 	469 2 	499 2 	589 2 	0 0 	0 0 	0 0 	
229 1 	230 1 	232 1 	239 1 	305 2 	470 2 	500 2 	590 2 	0 0 	0 0 	0 0 	
225 1 	231 1 	235 1 	236 1 	306 2 	471 2 	501 2 	591 2 	0 0 	0 0 	0 0 	
228 1 	230 1 	233 1 	238 1 	307 2 	472 2 	502 2 	592 2 	0 0 	0 0 	0 0 	
222 1 	223 1 	224 1 	233 1 	308 2 	473 2 	503 2 	593 2 	0 0 	0 0 	0 0 	
226 1 	229 1 	233 1 	235 1 	309 2 	474 2 	504 2 	594 2 	0 0 	0 0 	0 0 	
228 1 	231 1 	232 1 	237 1 	310 2 	475 2 	505 2 	595 2 	0 0 	0 0 	0 0 	
224 1 	226 1 	228 1 	239 1 	311 2 	476 2 	506 2 	596 2 	0 0 	0 0 	0 0 	
221 1 	232 1 	234 1 	240 1 	312 2 	477 2 	507 2 	597 2 	0 0 	0 0 	0 0 	
221 1 	225 1 	227 1 	239 1 	313 2 	478 2 	508 2 	598 2 	0 0 	0 0 	0 0 	
221 1 	223 1 	229 1 	236 1 	314 2 	479 2 	509 2 	599 2 	0 0 	0 0 	0 0 	
222 1 	231 1 	234 1 	238 1 	315 2 	480 2 	510 2 	600 2 	0 0 	0 0 	0 0 	
244 1 	245 1 	258 1 	260 1 	301 2 	361 2 	391 2 	571 2 	0 0 	0 0 	0 0 	
242 1 	247 1 	255 1 	260 1 	302 2 	362 2 	392 2 	572 2 	0 0 	0 0 	0 0 	
246 1 	250 1 	256 1 	257 1 	303 2 	363 2 	393 2 	573 2 	0 0 	0 0 	0 0 	
243 1 	247 1 	254 1 	257 1 	304 2 	364 2 	394 2 	574 2 	0 0 	0 0 	0 0 	
249 1 	250 1 	252 1 	259 1 	305 2 	365 2 	395 2 	575 2 	0 0 	0 0 	0 0 	
245 1 	251 1 	255 1 	256 1 	306 2 	366 2 	396 2 	576 2 	0 0 	0 0 	0 0 	
248 1 	250 1 	253 1 	258 1 	307 2 	367 2 	397 2 	577 2 	0 0 	0 0 	0 0 	
242 1 	243 1 	244 1 	253 1 	308 2 	368 2 	398 2 	578 2 	0 0 	0 0 	0 0 	
246 1 	249 1 	253 1 	255 1 	309 2 	369 2 	399 2 	579 2 	0 0 	0 0 	0 0 	
248 1 	251 1 	252 1 	257 1 	310 2 	370 2 	400 2 	580 2 	0 0 	0 0 	0 0 	
244 1 	246 1 	248 1 	259 1 	311 2 	371 2 	401 2 	581 2 	0 0 	0 0 	0 0 	
241 1 	252 1 	254 1 	260 1 	312 2 	372 2 	402 2 	582 2 	0 0 	0 0 	0 0 	
241 1 	245 1 	247 1 	259 1 	313 2 	373 2 	403 2 	583 2 	0 0 	0 0 	0 0 	
241 1 	243 1 	249 1 	256 1 	314 2 	374 2 	404 2 	584 2 	0 0 	0 0 	0 0 	
242 1 	251 1 	254 1 	258 1 	315 2 	375 2 	405 2 	585 2 	0 0 	0 0 	0 0 	
264 1 	265 1 	278 1 	280 1 	301 2 	331 2 	421 2 	526 2 	0 0 	0 0 	0 0 	
262 1 	267 1 	275 1 	280 1 	302 2 	332 2 	422 2 	527 2 	0 0 	0 0 	0 0 	
266 1 	270 1 	276 1 	277 1 	303 2 	333 2 	423 2 	528 2 	0 0 	0 0 	0 0 	
263 1 	267 1 	274 1 	277 1 	304 2 	334 2 	424 2 	529 2 	0 0 	0 0 	0 0 	
269 1 	270 1 	272 1 	279 1 	305 2 	335 2 	425 2 	530 2 	0 0 	0 0 	0 0 	
265 1 	271 1 	275 1 	276 1 	306 2 	336 2 	426 2 	531 2 	0 0 	0 0 	0 0 	
268 1 	270 1 	273 1 	278 1 	307 2 	337 2 	427 2 	532 2 	0 0 	0 0 	0 0 	
262 1 	263 1 	264 1 	273 1 	308 2 	338 2 	428 2 	533 2 	0 0 	0 0 	0 0 	
266 1 	269 1 	273 1 	275 1 	309 2 	339 2 	429 2 	534 2 	0 0 	0 0 	0 0 	
268 1 	271 1 	272 1 	277 1 	310 2 	340 2 	430 2 	535 2 	0 0 	0 0 	0 0 	
264 1 	266 1 	268 1 	279 1 	311 2 	341 2 	431 2 	536 2 	0 0 	0 0 	0 0 	
261 1 	272 1 	274 1 	280 1 	312 2 	342 2 	432 2 	537 2 	0 0 	0 0 	0 0 	
261 1 	265 1 	267 1 	279 1 	313 2 	343 2 	433 2 	538 2 	0 0 	0 0 	0 0 	
261 1 	263 1 	269 1 	276 1 	314 2 	344 2 	434 2 	539 2 	0 0 	0 0 	0 0 	
262 1 	271 1 	274 1 	278 1 	315 2 	345 2 	435 2 	540 2 	0 0 	0 0 	0 0 	
284 1 	285 1 	298 1 	300 1 	316 2 	451 2 	496 2 	556 2 	0 0 	0 0 	0 0 	
282 1 	287 1 	295 1 	300 1 	317 2 	452 2 	497 2 	557 2 	0 0 	0 0 	0 0 	
286 1 	290 1 	296 1 	297 1 	318 2 	453 2 	498 2 	558 2 	0 0 	0 0 	0 0 	
283 1 	287 1 	294 1 	297 1 	319 2 	454 2 	499 2 	559 2 	0 0 	0 0 	0 0 	
289 1 	290 1 	292 1 	299 1 	320 2 	455 2 	500 2 	560 2 	0 0 	0 0 	0 0 	
285 1 	291 1 	295 1 	296 1 	321 2 	456 2 	501 2 	561 2 	0 0 	0 0 	0 0 	
288 1 	290 1 	293 1 	298 1 	322 2 	457 2 	502 2 	562 2 	0 0 	0 0 	0 0 	
282 1 	283 1 	284 1 	293 1 	323 2 	458 2 	503 2 	563 2 	0 0 	0 0 	0 0 	
286 1 	289 1 	293 1 	295 1 	324 2 	459 2 	504 2 	564 2 	0 0 	0 0 	0 0 	
288 1 	291 1 	292 1 	297 1 	325 2 	460 2 	505 2 	565 2 	0 0 	0 0 	0 0 	
284 1 	286 1 	288 1 	299 1 	326 2 	461 2 	506 2 	566 2 	0 0 	0 0 	0 0 	
281 1 	292 1 	294 1 	300 1 	327 2 	462 2 	507 2 	567 2 	0 0 	0 0 	0 0 	
281 1 	285 1 	287 1 	299 1 	328 2 	463 2 	508 2 	568 2 	0 0 	0 0 	0 0 	
281 1 	283 1 	289 1 	296 1 	329 2 	464 2 	509 2 	569 2 	0 0 	0 0 	0 0 	
282 1 	291 1 	294 1 	298 1 	330 2 	465 2 	510 2 	570 2 	0 0 	0 0 	0 0 	
61 1 	81 1 	341 1 	381 1 	412 1 	413 1 	414 1 	0 0 	0 0 	0 0 	
62 1 	82 1 	342 1 	382 1 	402 1 	408 1 	415 1 	0 0 	0 0 	0 0 	
63 1 	83 1 	343 1 	383 1 	404 1 	408 1 	414 1 	0 0 	0 0 	0 0 	
64 1 	84 1 	344 1 	384 1 	401 1 	408 1 	411 1 	0 0 	0 0 	0 0 	
65 1 	85 1 	345 1 	385 1 	401 1 	406 1 	413 1 	0 0 	0 0 	0 0 	
66 1 	86 1 	346 1 	386 1 	403 1 	409 1 	411 1 	0 0 	0 0 	0 0 	
67 1 	87 1 	347 1 	387 1 	402 1 	404 1 	413 1 	0 0 	0 0 	0 0 	
68 1 	88 1 	348 1 	388 1 	407 1 	410 1 	411 1 	0 0 	0 0 	0 0 	
69 1 	89 1 	349 1 	389 1 	405 1 	409 1 	414 1 	0 0 	0 0 	0 0 	
70 1 	90 1 	350 1 	390 1 	403 1 	405 1 	407 1 	0 0 	0 0 	0 0 	
71 1 	91 1 	351 1 	391 1 	406 1 	410 1 	415 1 	0 0 	0 0 	0 0 	
72 1 	92 1 	352 1 	392 1 	405 1 	410 1 	412 1 	0 0 	0 0 	0 0 	
73 1 	93 1 	353 1 	393 1 	407 1 	408 1 	409 1 	0 0 	0 0 	0 0 	
74 1 	94 1 	354 1 	394 1 	404 1 	412 1 	415 1 	0 0 	0 0 	0 0 	
75 1 	95 1 	355 1 	395 1 	402 1 	406 1 	409 1 	0 0 	0 0 	0 0 	
76 1 	96 1 	356 1 	396 1 	403 1 	406 1 	414 1 	0 0 	0 0 	0 0 	
77 1 	97 1 	357 1 	397 1 	403 1 	404 1 	410 1 	0 0 	0 0 	0 0 	
78 1 	98 1 	358 1 	398 1 	401 1 	407 1 	415 1 	0 0 	0 0 	0 0 	
79 1 	99 1 	359 1 	399 1 	405 1 	411 1 	413 1 	0 0 	0 0 	0 0 	
80 1 	100 1 	360 1 	400 1 	401 1 	402 1 	412 1 	0 0 	0 0 	0 0 	
21 1 	121 1 	281 1 	381 1 	427 1 	428 1 	429 1 	0 0 	0 0 	0 0 	
22 1 	122 1 	282 1 	382 1 	417 1 	423 1 	430 1 	0 0 	0 0 	0 0 	
23 1 	123 1 	283 1 	383 1 	419 1 	423 1 	429 1 	0 0 	0 0 	0 0 	
24 1 	124 1 	284 1 	384 1 	416 1 	423 1 	426 1 	0 0 	0 0 	0 0 	
25 1 	125 1 	285 1 	385 1 	416 1 	421 1 	428 1 	0 0 	0 0 	0 0 	
26 1 	126 1 	286 1 	386 1 	418 1 	424 1 	426 1 	0 0 	0 0 	0 0 	
27 1 	127 1 	287 1 	387 1 	417 1 	419 1 	428 1 	0 0 	0 0 	0 0 	
28 1 	128 1 	288 1 	388 1 	422 1 	425 1 	426 1 	0 0 	0 0 	0 0 	
29 1 	129 1 	289 1 	389 1 	420 1 	424 1 	429 1 	0 0 	0 0 	0 0 	
30 1 	130 1 	290 1 	390 1 	418 1 	420 1 	422 1 	0 0 	0 0 	0 0 	
31 1 	131 1 	291 1 	391 1 	421 1 	425 1 	430 1 	0 0 	0 0 	0 0 	
32 1 	132 1 	292 1 	392 1 	420 1 	425 1 	427 1 	0 0 	0 0 	0 0 	
33 1 	133 1 	293 1 	393 1 	422 1 	423 1 	424 1 	0 0 	0 0 	0 0 	
34 1 	134 1 	294 1 	394 1 	419 1 	427 1 	430 1 	0 0 	0 0 	0 0 	
35 1 	135 1 	295 1 	395 1 	417 1 	421 1 	424 1 	0 0 	0 0 	0 0 	
36 1 	136 1 	296 1 	396 1 	418 1 	421 1 	429 1 	0 0 	0 0 	0 0 	
37 1 	137 1 	297 1 	397 1 	418 1 	419 1 	425 1 	0 0 	0 0 	0 0 	
38 1 	138 1 	298 1 	398 1 	416 1 	422 1 	430 1 	0 0 	0 0 	0 0 	
39 1 	139 1 	299 1 	399 1 	420 1 	426 1 	428 1 	0 0 	0 0 	0 0 	
40 1 	140 1 	300 1 	400 1 	416 1 	417 1 	427 1 	0 0 	0 0 	0 0 	
101 1 	181 1 	301 1 	321 1 	442 1 	443 1 	444 1 	0 0 	0 0 	0 0 	
102 1 	182 1 	302 1 	322 1 	432 1 	438 1 	445 1 	0 0 	0 0 	0 0 	
103 1 	183 1 	303 1 	323 1 	434 1 	438 1 	444 1 	0 0 	0 0 	0 0 	
104 1 	184 1 	304 1 	324 1 	431 1 	438 1 	441 1 	0 0 	0 0 	0 0 	
105 1 	185 1 	305 1 	325 1 	431 1 	436 1 	443 1 	0 0 	0 0 	0 0 	
106 1 	186 1 	306 1 	326 1 	433 1 	439 1 	441 1 	0 0 	0 0 	0 0 	
107 1 	187 1 	307 1 	327 1 	432 1 	434 1 	443 1 	0 0 	0 0 	0 0 	
108 1 	188 1 	308 1 	328 1 	437 1 	440 1 	441 1 	0 0 	0 0 	0 0 	
109 1 	189 1 	309 1 	329 1 	435 1 	439 1 	444 1 	0 0 	0 0 	0 0 	
110 1 	190 1 	310 1 	330 1 	433 1 	435 1 	437 1 	0 0 	0 0 	0 0 	
111 1 	191 1 	311 1 	331 1 	436 1 	440 1 	445 1 	0 0 	0 0 	0 0 	
112 1 	192 1 	312 1 	332 1 	435 1 	440 1 	442 1 	0 0 	0 0 	0 0 	
113 1 	193 1 	313 1 	333 1 	437 1 	438 1 	439 1 	0 0 	0 0 	0 0 	
114 1 	194 1 	314 1 	334 1 	434 1 	442 1 	445 1 	0 0 	0 0 	0 0 	
115 1 	195 1 	315 1 	335 1 	432 1 	436 1 	439 1 	0 0 	0 0 	0 0 	
116 1 	196 1 	316 1 	336 1 	433 1 	436 1 	444 1 	0 0 	0 0 	0 0 	
117 1 	197 1 	317 1 	337 1 	433 1 	434 1 	440 1 	0 0 	0 0 	0 0 	
118 1 	198 1 	318 1 	338 1 	431 1 	437 1 	445 1 	0 0 	0 0 	0 0 	
119 1 	199 1 	319 1 	339 1 	435 1 	441 1 	443 1 	0 0 	0 0 	0 0 	
120 1 	200 1 	320 1 	340 1 	431 1 	432 1 	442 1 	0 0 	0 0 	0 0 	
41 1 	121 1 	261 1 	321 1 	457 1 	458 1 	459 1 	0 0 	0 0 	0 0 	
42 1 	122 1 	262 1 	322 1 	447 1 	453 1 	460 1 	0 0 	0 0 	0 0 	
43 1 	123 1 	263 1 	323 1 	449 1 	453 1 	459 1 	0 0 	0 0 	0 0 	
44 1 	124 1 	264 1 	324 1 	446 1 	453 1 	456 1 	0 0 	0 0 	0 0 	
45 1 	125 1 	265 1 	325 1 	446 1 	451 1 	458 1 	0 0 	0 0 	0 0 	
46 1 	126 1 	266 1 	326 1 	448 1 	454 1 	456 1 	0 0 	0 0 	0 0 	
47 1 	127 1 	267 1 	327 1 	447 1 	449 1 	458 1 	0 0 	0 0 	0 0 	
48 1 	128 1 	268 1 	328 1 	452 1 	455 1 	456 1 	0 0 	0 0 	0 0 	
49 1 	129 1 	269 1 	329 1 	450 1 	454 1 	459 1 	0 0 	0 0 	0 0 	
50 1 	130 1 	270 1 	330 1 	448 1 	450 1 	452 1 	0 0 	0 0 	0 0 	
51 1 	131 1 	271 1 	331 1 	451 1 	455 1 	460 1 	0 0 	0 0 	0 0 	
52 1 	132 1 	272 1 	332 1 	450 1 	455 1 	457 1 	0 0 	0 0 	0 0 	
53 1 	133 1 	273 1 	333 1 	452 1 	453 1 	454 1 	0 0 	0 0 	0 0 	
54 1 	134 1 	274 1 	334 1 	449 1 	457 1 	460 1 	0 0 	0 0 	0 0 	
55 1 	135 1 	275 1 	335 1 	447 1 	451 1 	454 1 	0 0 	0 0 	0 0 	
56 1 	136 1 	276 1 	336 1 	448 1 	451 1 	459 1 	0 0 	0 0 	0 0 	
57 1 	137 1 	277 1 	337 1 	448 1 	449 1 	455 1 	0 0 	0 0 	0 0 	
58 1 	138 1 	278 1 	338 1 	446 1 	452 1 	460 1 	0 0 	0 0 	0 0 	
59 1 	139 1 	279 1 	339 1 	450 1 	456 1 	458 1 	0 0 	0 0 	0 0 	
60 1 	140 1 	280 1 	340 1 	446 1 	447 1 	457 1 	0 0 	0 0 	0 0 	
161 1 	181 1 	221 1 	361 1 	472 1 	473 1 	474 1 	0 0 	0 0 	0 0 	
162 1 	182 1 	222 1 	362 1 	462 1 	468 1 	475 1 	0 0 	0 0 	0 0 	
163 1 	183 1 	223 1 	363 1 	464 1 	468 1 	474 1 	0 0 	0 0 	0 0 	
164 1 	184 1 	224 1 	364 1 	461 1 	468 1 	471 1 	0 0 	0 0 	0 0 	
165 1 	185 1 	225 1 	365 1 	461 1 	466 1 	473 1 	0 0 	0 0 	0 0 	
166 1 	186 1 	226 1 	366 1 	463 1 	469 1 	471 1 	0 0 	0 0 	0 0 	
167 1 	187 1 	227 1 	367 1 	462 1 	464 1 	473 1 	0 0 	0 0 	0 0 	
168 1 	188 1 	228 1 	368 1 	467 1 	470 1 	471 1 	0 0 	0 0 	0 0 	
169 1 	189 1 	229 1 	369 1 	465 1 	469 1 	474 1 	0 0 	0 0 	0 0 	
170 1 	190 1 	230 1 	370 1 	463 1 	465 1 	467 1 	0 0 	0 0 	0 0 	
171 1 	191 1 	231 1 	371 1 	466 1 	470 1 	475 1 	0 0 	0 0 	0 0 	
172 1 	192 1 	232 1 	372 1 	465 1 	470 1 	472 1 	0 0 	0 0 	0 0 	
173 1 	193 1 	233 1 	373 1 	467 1 	468 1 	469 1 	0 0 	0 0 	0 0 	
174 1 	194 1 	234 1 	374 1 	464 1 	472 1 	475 1 	0 0 	0 0 	0 0 	
175 1 	195 1 	235 1 	375 1 	462 1 	466 1 	469 1 	0 0 	0 0 	0 0 	
176 1 	196 1 	236 1 	376 1 	463 1 	466 1 	474 1 	0 0 	0 0 	0 0 	
177 1 	197 1 	237 1 	377 1 	463 1 	464 1 	470 1 	0 0 	0 0 	0 0 	
178 1 	198 1 	238 1 	378 1 	461 1 	467 1 	475 1 	0 0 	0 0 	0 0 	
179 1 	199 1 	239 1 	379 1 	465 1 	471 1 	473 1 	0 0 	0 0 	0 0 	
180 1 	200 1 	240 1 	380 1 	461 1 	462 1 	472 1 	0 0 	0 0 	0 0 	
81 1 	201 1 	281 1 	301 1 	487 1 	488 1 	489 1 	0 0 	0 0 	0 0 	
82 1 	202 1 	282 1 	302 1 	477 1 	483 1 	490 1 	0 0 	0 0 	0 0 	
83 1 	203 1 	283 1 	303 1 	479 1 	483 1 	489 1 	0 0 	0 0 	0 0 	
84 1 	204 1 	284 1 	304 1 	476 1 	483 1 	486 1 	0 0 	0 0 	0 0 	
85 1 	205 1 	285 1 	305 1 	476 1 	481 1 	488 1 	0 0 	0 0 	0 0 	
86 1 	206 1 	286 1 	306 1 	478 1 	484 1 	486 1 	0 0 	0 0 	0 0 	
87 1 	207 1 	287 1 	307 1 	477 1 	479 1 	488 1 	0 0 	0 0 	0 0 	
88 1 	208 1 	288 1 	308 1 	482 1 	485 1 	486 1 	0 0 	0 0 	0 0 	
89 1 	209 1 	289 1 	309 1 	480 1 	484 1 	489 1 	0 0 	0 0 	0 0 	
90 1 	210 1 	290 1 	310 1 	478 1 	480 1 	482 1 	0 0 	0 0 	0 0 	
91 1 	211 1 	291 1 	311 1 	481 1 	485 1 	490 1 	0 0 	0 0 	0 0 	
92 1 	212 1 	292 1 	312 1 	480 1 	485 1 	487 1 	0 0 	0 0 	0 0 	
93 1 	213 1 	293 1 	313 1 	482 1 	483 1 	484 1 	0 0 	0 0 	0 0 	
94 1 	214 1 	294 1 	314 1 	479 1 	487 1 	490 1 	0 0 	0 0 	0 0 	
95 1 	215 1 	295 1 	315 1 	477 1 	481 1 	484 1 	0 0 	0 0 	0 0 	
96 1 	216 1 	296 1 	316 1 	478 1 	481 1 	489 1 	0 0 	0 0 	0 0 	
97 1 	217 1 	297 1 	317 1 	478 1 	479 1 	485 1 	0 0 	0 0 	0 0 	
98 1 	218 1 	298 1 	318 1 	476 1 	482 1 	490 1 	0 0 	0 0 	0 0 	
99 1 	219 1 	299 1 	319 1 	480 1 	486 1 	488 1 	0 0 	0 0 	0 0 	
100 1 	220 1 	300 1 	320 1 	476 1 	477 1 	487 1 	0 0 	0 0 	0 0 	
141 1 	181 1 	241 1 	341 1 	502 1 	503 1 	504 1 	0 0 	0 0 	0 0 	
142 1 	182 1 	242 1 	342 1 	492 1 	498 1 	505 1 	0 0 	0 0 	0 0 	
143 1 	183 1 	243 1 	343 1 	494 1 	498 1 	504 1 	0 0 	0 0 	0 0 	
144 1 	184 1 	244 1 	344 1 	491 1 	498 1 	501 1 	0 0 	0 0 	0 0 	
145 1 	185 1 	245 1 	345 1 	491 1 	496 1 	503 1 	0 0 	0 0 	0 0 	
146 1 	186 1 	246 1 	346 1 	493 1 	499 1 	501 1 	0 0 	0 0 	0 0 	
147 1 	187 1 	247 1 	347 1 	492 1 	494 1 	503 1 	0 0 	0 0 	0 0 	
148 1 	188 1 	248 1 	348 1 	497 1 	500 1 	501 1 	0 0 	0 0 	0 0 	
149 1 	189 1 	249 1 	349 1 	495 1 	499 1 	504 1 	0 0 	0 0 	0 0 	
150 1 	190 1 	250 1 	350 1 	493 1 	495 1 	497 1 	0 0 	0 0 	0 0 	
151 1 	191 1 	251 1 	351 1 	496 1 	500 1 	505 1 	0 0 	0 0 	0 0 	
152 1 	192 1 	252 1 	352 1 	495 1 	500 1 	502 1 	0 0 	0 0 	0 0 	
153 1 	193 1 	253 1 	353 1 	497 1 	498 1 	499 1 	0 0 	0 0 	0 0 	
154 1 	194 1 	254 1 	354 1 	494 1 	502 1 	505 1 	0 0 	0 0 	0 0 	
155 1 	195 1 	255 1 	355 1 	492 1 	496 1 	499 1 	0 0 	0 0 	0 0 	
156 1 	196 1 	256 1 	356 1 	493 1 	496 1 	504 1 	0 0 	0 0 	0 0 	
157 1 	197 1 	257 1 	357 1 	493 1 	494 1 	500 1 	0 0 	0 0 	0 0 	
158 1 	198 1 	258 1 	358 1 	491 1 	497 1 	505 1 	0 0 	0 0 	0 0 	
159 1 	199 1 	259 1 	359 1 	495 1 	501 1 	503 1 	0 0 	0 0 	0 0 	
160 1 	200 1 	260 1 	360 1 	491 1 	492 1 	502 1 	0 0 	0 0 	0 0 	
21 1 	41 1 	61 1 	241 1 	517 1 	518 1 	519 1 	0 0 	0 0 	0 0 	
22 1 	42 1 	62 1 	242 1 	507 1 	513 1 	520 1 	0 0 	0 0 	0 0 	
23 1 	43 1 	63 1 	243 1 	509 1 	513 1 	519 1 	0 0 	0 0 	0 0 	
24 1 	44 1 	64 1 	244 1 	506 1 	513 1 	516 1 	0 0 	0 0 	0 0 	
25 1 	45 1 	65 1 	245 1 	506 1 	511 1 	518 1 	0 0 	0 0 	0 0 	
26 1 	46 1 	66 1 	246 1 	508 1 	514 1 	516 1 	0 0 	0 0 	0 0 	
27 1 	47 1 	67 1 	247 1 	507 1 	509 1 	518 1 	0 0 	0 0 	0 0 	
28 1 	48 1 	68 1 	248 1 	512 1 	515 1 	516 1 	0 0 	0 0 	0 0 	
29 1 	49 1 	69 1 	249 1 	510 1 	514 1 	519 1 	0 0 	0 0 	0 0 	
30 1 	50 1 	70 1 	250 1 	508 1 	510 1 	512 1 	0 0 	0 0 	0 0 	
31 1 	51 1 	71 1 	251 1 	511 1 	515 1 	520 1 	0 0 	0 0 	0 0 	
32 1 	52 1 	72 1 	252 1 	510 1 	515 1 	517 1 	0 0 	0 0 	0 0 	
33 1 	53 1 	73 1 	253 1 	512 1 	513 1 	514 1 	0 0 	0 0 	0 0 	
34 1 	54 1 	74 1 	254 1 	509 1 	517 1 	520 1 	0 0 	0 0 	0 0 	
35 1 	55 1 	75 1 	255 1 	507 1 	511 1 	514 1 	0 0 	0 0 	0 0 	
36 1 	56 1 	76 1 	256 1 	508 1 	511 1 	519 1 	0 0 	0 0 	0 0 	
37 1 	57 1 	77 1 	257 1 	508 1 	509 1 	515 1 	0 0 	0 0 	0 0 	
38 1 	58 1 	78 1 	258 1 	506 1 	512 1 	520 1 	0 0 	0 0 	0 0 	
39 1 	59 1 	79 1 	259 1 	510 1 	516 1 	518 1 	0 0 	0 0 	0 0 	
40 1 	60 1 	80 1 	260 1 	506 1 	507 1 	517 1 	0 0 	0 0 	0 0 	
101 1 	161 1 	241 1 	281 1 	532 1 	533 1 	534 1 	0 0 	0 0 	0 0 	
102 1 	162 1 	242 1 	282 1 	522 1 	528 1 	535 1 	0 0 	0 0 	0 0 	
103 1 	163 1 	243 1 	283 1 	524 1 	528 1 	534 1 	0 0 	0 0 	0 0 	
104 1 	164 1 	244 1 	284 1 	521 1 	528 1 	531 1 	0 0 	0 0 	0 0 	
105 1 	165 1 	245 1 	285 1 	521 1 	526 1 	533 1 	0 0 	0 0 	0 0 	
106 1 	166 1 	246 1 	286 1 	523 1 	529 1 	531 1 	0 0 	0 0 	0 0 	
107 1 	167 1 	247 1 	287 1 	522 1 	524 1 	533 1 	0 0 	0 0 	0 0 	
108 1 	168 1 	248 1 	288 1 	527 1 	530 1 	531 1 	0 0 	0 0 	0 0 	
109 1 	169 1 	249 1 	289 1 	525 1 	529 1 	534 1 	0 0 	0 0 	0 0 	
110 1 	170 1 	250 1 	290 1 	523 1 	525 1 	527 1 	0 0 	0 0 	0 0 	
111 1 	171 1 	251 1 	291 1 	526 1 	530 1 	535 1 	0 0 	0 0 	0 0 	
112 1 	172 1 	252 1 	292 1 	525 1 	530 1 	532 1 	0 0 	0 0 	0 0 	
113 1 	173 1 	253 1 	293 1 	527 1 	528 1 	529 1 	0 0 	0 0 	0 0 	
114 1 	174 1 	254 1 	294 1 	524 1 	532 1 	535 1 	0 0 	0 0 	0 0 	
115 1 	175 1 	255 1 	295 1 	522 1 	526 1 	529 1 	0 0 	0 0 	0 0 	
116 1 	176 1 	256 1 	296 1 	523 1 	526 1 	534 1 	0 0 	0 0 	0 0 	
117 1 	177 1 	257 1 	297 1 	523 1 	524 1 	530 1 	0 0 	0 0 	0 0 	
118 1 	178 1 	258 1 	298 1 	521 1 	527 1 	535 1 	0 0 	0 0 	0 0 	
119 1 	179 1 	259 1 	299 1 	525 1 	531 1 	533 1 	0 0 	0 0 	0 0 	
120 1 	180 1 	260 1 	300 1 	521 1 	522 1 	532 1 	0 0 	0 0 	0 0 	
141 1 	201 1 	221 1 	321 1 	547 1 	548 1 	549 1 	0 0 	0 0 	0 0 	
142 1 	202 1 	222 1 	322 1 	537 1 	543 1 	550 1 	0 0 	0 0 	0 0 	
143 1 	203 1 	223 1 	323 1 	539 1 	543 1 	549 1 	0 0 	0 0 	0 0 	
144 1 	204 1 	224 1 	324 1 	536 1 	543 1 	546 1 	0 0 	0 0 	0 0 	
145 1 	205 1 	225 1 	325 1 	536 1 	541 1 	548 1 	0 0 	0 0 	0 0 	
146 1 	206 1 	226 1 	326 1 	538 1 	544 1 	546 1 	0 0 	0 0 	0 0 	
147 1 	207 1 	227 1 	327 1 	537 1 	539 1 	548 1 	0 0 	0 0 	0 0 	
148 1 	208 1 	228 1 	328 1 	542 1 	545 1 	546 1 	0 0 	0 0 	0 0 	
149 1 	209 1 	229 1 	329 1 	540 1 	544 1 	549 1 	0 0 	0 0 	0 0 	
150 1 	210 1 	230 1 	330 1 	538 1 	540 1 	542 1 	0 0 	0 0 	0 0 	
151 1 	211 1 	231 1 	331 1 	541 1 	545 1 	550 1 	0 0 	0 0 	0 0 	
152 1 	212 1 	232 1 	332 1 	540 1 	545 1 	547 1 	0 0 	0 0 	0 0 	
153 1 	213 1 	233 1 	333 1 	542 1 	543 1 	544 1 	0 0 	0 0 	0 0 	
154 1 	214 1 	234 1 	334 1 	539 1 	547 1 	550 1 	0 0 	0 0 	0 0 	
155 1 	215 1 	235 1 	335 1 	537 1 	541 1 	544 1 	0 0 	0 0 	0 0 	
156 1 	216 1 	236 1 	336 1 	538 1 	541 1 	549 1 	0 0 	0 0 	0 0 	
157 1 	217 1 	237 1 	337 1 	538 1 	539 1 	545 1 	0 0 	0 0 	0 0 	
158 1 	218 1 	238 1 	338 1 	536 1 	542 1 	550 1 	0 0 	0 0 	0 0 	
159 1 	219 1 	239 1 	339 1 	540 1 	546 1 	548 1 	0 0 	0 0 	0 0 	
160 1 	220 1 	240 1 	340 1 	536 1 	537 1 	547 1 	0 0 	0 0 	0 0 	
61 1 	101 1 	141 1 	361 1 	562 1 	563 1 	564 1 	0 0 	0 0 	0 0 	
62 1 	102 1 	142 1 	362 1 	552 1 	558 1 	565 1 	0 0 	0 0 	0 0 	
63 1 	103 1 	143 1 	363 1 	554 1 	558 1 	564 1 	0 0 	0 0 	0 0 	
64 1 	104 1 	144 1 	364 1 	551 1 	558 1 	561 1 	0 0 	0 0 	0 0 	
65 1 	105 1 	145 1 	365 1 	551 1 	556 1 	563 1 	0 0 	0 0 	0 0 	
66 1 	106 1 	146 1 	366 1 	553 1 	559 1 	561 1 	0 0 	0 0 	0 0 	
67 1 	107 1 	147 1 	367 1 	552 1 	554 1 	563 1 	0 0 	0 0 	0 0 	
68 1 	108 1 	148 1 	368 1 	557 1 	560 1 	561 1 	0 0 	0 0 	0 0 	
69 1 	109 1 	149 1 	369 1 	555 1 	559 1 	564 1 	0 0 	0 0 	0 0 	
70 1 	110 1 	150 1 	370 1 	553 1 	555 1 	557 1 	0 0 	0 0 	0 0 	
71 1 	111 1 	151 1 	371 1 	556 1 	560 1 	565 1 	0 0 	0 0 	0 0 	
72 1 	112 1 	152 1 	372 1 	555 1 	560 1 	562 1 	0 0 	0 0 	0 0 	
73 1 	113 1 	153 1 	373 1 	557 1 	558 1 	559 1 	0 0 	0 0 	0 0 	
74 1 	114 1 	154 1 	374 1 	554 1 	562 1 	565 1 	0 0 	0 0 	0 0 	
75 1 	115 1 	155 1 	375 1 	552 1 	556 1 	559 1 	0 0 	0 0 	0 0 	
76 1 	116 1 	156 1 	376 1 	553 1 	556 1 	564 1 	0 0 	0 0 	0 0 	
77 1 	117 1 	157 1 	377 1 	553 1 	554 1 	560 1 	0 0 	0 0 	0 0 	
78 1 	118 1 	158 1 	378 1 	551 1 	557 1 	565 1 	0 0 	0 0 	0 0 	
79 1 	119 1 	159 1 	379 1 	555 1 	561 1 	563 1 	0 0 	0 0 	0 0 	
80 1 	120 1 	160 1 	380 1 	551 1 	552 1 	562 1 	0 0 	0 0 	0 0 	
1 1 	221 1 	261 1 	381 1 	577 1 	578 1 	579 1 	0 0 	0 0 	0 0 	
2 1 	222 1 	262 1 	382 1 	567 1 	573 1 	580 1 	0 0 	0 0 	0 0 	
3 1 	223 1 	263 1 	383 1 	569 1 	573 1 	579 1 	0 0 	0 0 	0 0 	
4 1 	224 1 	264 1 	384 1 	566 1 	573 1 	576 1 	0 0 	0 0 	0 0 	
5 1 	225 1 	265 1 	385 1 	566 1 	571 1 	578 1 	0 0 	0 0 	0 0 	
6 1 	226 1 	266 1 	386 1 	568 1 	574 1 	576 1 	0 0 	0 0 	0 0 	
7 1 	227 1 	267 1 	387 1 	567 1 	569 1 	578 1 	0 0 	0 0 	0 0 	
8 1 	228 1 	268 1 	388 1 	572 1 	575 1 	576 1 	0 0 	0 0 	0 0 	
9 1 	229 1 	269 1 	389 1 	570 1 	574 1 	579 1 	0 0 	0 0 	0 0 	
10 1 	230 1 	270 1 	390 1 	568 1 	570 1 	572 1 	0 0 	0 0 	0 0 	
11 1 	231 1 	271 1 	391 1 	571 1 	575 1 	580 1 	0 0 	0 0 	0 0 	
12 1 	232 1 	272 1 	392 1 	570 1 	575 1 	577 1 	0 0 	0 0 	0 0 	
13 1 	233 1 	273 1 	393 1 	572 1 	573 1 	574 1 	0 0 	0 0 	0 0 	
14 1 	234 1 	274 1 	394 1 	569 1 	577 1 	580 1 	0 0 	0 0 	0 0 	
15 1 	235 1 	275 1 	395 1 	567 1 	571 1 	574 1 	0 0 	0 0 	0 0 	
16 1 	236 1 	276 1 	396 1 	568 1 	571 1 	579 1 	0 0 	0 0 	0 0 	
17 1 	237 1 	277 1 	397 1 	568 1 	569 1 	575 1 	0 0 	0 0 	0 0 	
18 1 	238 1 	278 1 	398 1 	566 1 	572 1 	580 1 	0 0 	0 0 	0 0 	
19 1 	239 1 	279 1 	399 1 	570 1 	576 1 	578 1 	0 0 	0 0 	0 0 	
20 1 	240 1 	280 1 	400 1 	566 1 	567 1 	577 1 	0 0 	0 0 	0 0 	
1 1 	81 1 	121 1 	361 1 	592 1 	593 1 	594 1 	0 0 	0 0 	0 0 	
2 1 	82 1 	122 1 	362 1 	582 1 	588 1 	595 1 	0 0 	0 0 	0 0 	
3 1 	83 1 	123 1 	363 1 	584 1 	588 1 	594 1 	0 0 	0 0 	0 0 	
4 1 	84 1 	124 1 	364 1 	581 1 	588 1 	591 1 	0 0 	0 0 	0 0 	
5 1 	85 1 	125 1 	365 1 	581 1 	586 1 	593 1 	0 0 	0 0 	0 0 	
6 1 	86 1 	126 1 	366 1 	583 1 	589 1 	591 1 	0 0 	0 0 	0 0 	
7 1 	87 1 	127 1 	367 1 	582 1 	584 1 	593 1 	0 0 	0 0 	0 0 	
8 1 	88 1 	128 1 	368 1 	587 1 	590 1 	591 1 	0 0 	0 0 	0 0 	
9 1 	89 1 	129 1 	369 1 	585 1 	589 1 	594 1 	0 0 	0 0 	0 0 	
10 1 	90 1 	130 1 	370 1 	583 1 	585 1 	587 1 	0 0 	0 0 	0 0 	
11 1 	91 1 	131 1 	371 1 	586 1 	590 1 	595 1 	0 0 	0 0 	0 0 	
12 1 	92 1 	132 1 	372 1 	585 1 	590 1 	592 1 	0 0 	0 0 	0 0 	
13 1 	93 1 	133 1 	373 1 	587 1 	588 1 	589 1 	0 0 	0 0 	0 0 	
14 1 	94 1 	134 1 	374 1 	584 1 	592 1 	595 1 	0 0 	0 0 	0 0 	
15 1 	95 1 	135 1 	375 1 	582 1 	586 1 	589 1 	0 0 	0 0 	0 0 	
16 1 	96 1 	136 1 	376 1 	583 1 	586 1 	594 1 	0 0 	0 0 	0 0 	
17 1 	97 1 	137 1 	377 1 	583 1 	584 1 	590 1 	0 0 	0 0 	0 0 	
18 1 	98 1 	138 1 	378 1 	581 1 	587 1 	595 1 	0 0 	0 0 	0 0 	
19 1 	99 1 	139 1 	379 1 	585 1 	591 1 	593 1 	0 0 	0 0 	0 0 	
20 1 	100 1 	140 1 	380 1 	581 1 	582 1 	592 1 	0 0 	0 0 	0 0 	
1 1 	41 1 	161 1 	301 1 	607 1 	608 1 	609 1 	0 0 	0 0 	0 0 	
2 1 	42 1 	162 1 	302 1 	597 1 	603 1 	610 1 	0 0 	0 0 	0 0 	
3 1 	43 1 	163 1 	303 1 	599 1 	603 1 	609 1 	0 0 	0 0 	0 0 	
4 1 	44 1 	164 1 	304 1 	596 1 	603 1 	606 1 	0 0 	0 0 	0 0 	
5 1 	45 1 	165 1 	305 1 	596 1 	601 1 	608 1 	0 0 	0 0 	0 0 	
6 1 	46 1 	166 1 	306 1 	598 1 	604 1 	606 1 	0 0 	0 0 	0 0 	
7 1 	47 1 	167 1 	307 1 	597 1 	599 1 	608 1 	0 0 	0 0 	0 0 	
8 1 	48 1 	168 1 	308 1 	602 1 	605 1 	606 1 	0 0 	0 0 	0 0 	
9 1 	49 1 	169 1 	309 1 	600 1 	604 1 	609 1 	0 0 	0 0 	0 0 	
10 1 	50 1 	170 1 	310 1 	598 1 	600 1 	602 1 	0 0 	0 0 	0 0 	
11 1 	51 1 	171 1 	311 1 	601 1 	605 1 	610 1 	0 0 	0 0 	0 0 	
12 1 	52 1 	172 1 	312 1 	600 1 	605 1 	607 1 	0 0 	0 0 	0 0 	
13 1 	53 1 	173 1 	313 1 	602 1 	603 1 	604 1 	0 0 	0 0 	0 0 	
14 1 	54 1 	174 1 	314 1 	599 1 	607 1 	610 1 	0 0 	0 0 	0 0 	
15 1 	55 1 	175 1 	315 1 	597 1 	601 1 	604 1 	0 0 	0 0 	0 0 	
16 1 	56 1 	176 1 	316 1 	598 1 	601 1 	609 1 	0 0 	0 0 	0 0 	
17 1 	57 1 	177 1 	317 1 	598 1 	599 1 	605 1 	0 0 	0 0 	0 0 	
18 1 	58 1 	178 1 	318 1 	596 1 	602 1 	610 1 	0 0 	0 0 	0 0 	
19 1 	59 1 	179 1 	319 1 	600 1 	606 1 	608 1 	0 0 	0 0 	0 0 	
20 1 	60 1 	180 1 	320 1 	596 1 	597 1 	607 1 	0 0 	0 0 	0 0 	
21 1 	201 1 	261 1 	341 1 	622 1 	623 1 	624 1 	0 0 	0 0 	0 0 	
22 1 	202 1 	262 1 	342 1 	612 1 	618 1 	625 1 	0 0 	0 0 	0 0 	
23 1 	203 1 	263 1 	343 1 	614 1 	618 1 	624 1 	0 0 	0 0 	0 0 	
24 1 	204 1 	264 1 	344 1 	611 1 	618 1 	621 1 	0 0 	0 0 	0 0 	
25 1 	205 1 	265 1 	345 1 	611 1 	616 1 	623 1 	0 0 	0 0 	0 0 	
26 1 	206 1 	266 1 	346 1 	613 1 	619 1 	621 1 	0 0 	0 0 	0 0 	
27 1 	207 1 	267 1 	347 1 	612 1 	614 1 	623 1 	0 0 	0 0 	0 0 	
28 1 	208 1 	268 1 	348 1 	617 1 	620 1 	621 1 	0 0 	0 0 	0 0 	
29 1 	209 1 	269 1 	349 1 	615 1 	619 1 	624 1 	0 0 	0 0 	0 0 	
30 1 	210 1 	270 1 	350 1 	613 1 	615 1 	617 1 	0 0 	0 0 	0 0 	
31 1 	211 1 	271 1 	351 1 	616 1 	620 1 	625 1 	0 0 	0 0 	0 0 	
32 1 	212 1 	272 1 	352 1 	615 1 	620 1 	622 1 	0 0 	0 0 	0 0 	
33 1 	213 1 	273 1 	353 1 	617 1 	618 1 	619 1 	0 0 	0 0 	0 0 	
34 1 	214 1 	274 1 	354 1 	614 1 	622 1 	625 1 	0 0 	0 0 	0 0 	
35 1 	215 1 	275 1 	355 1 	612 1 	616 1 	619 1 	0 0 	0 0 	0 0 	
36 1 	216 1 	276 1 	356 1 	613 1 	616 1 	624 1 	0 0 	0 0 	0 0 	
37 1 	217 1 	277 1 	357 1 	613 1 	614 1 	620 1 	0 0 	0 0 	0 0 	
38 1 	218 1 	278 1 	358 1 	611 1 	617 1 	625 1 	0 0 	0 0 	0 0 	
39 1 	219 1 	279 1 	359 1 	615 1 	621 1 	623 1 	0 0 	0 0 	0 0 	
40 1 	220 1 	280 1 	360 1 	611 1 	612 1 	622 1 	0 0 	0 0 	0 0 	
4 2 	5 2 	18 2 	20 2 	566 2 	581 2 	596 2 	0 0 	0 0 	0 0 	
2 2 	7 2 	15 2 	20 2 	567 2 	582 2 	597 2 	0 0 	0 0 	0 0 	
6 2 	10 2 	16 2 	17 2 	568 2 	583 2 	598 2 	0 0 	0 0 	0 0 	
3 2 	7 2 	14 2 	17 2 	569 2 	584 2 	599 2 	0 0 	0 0 	0 0 	
9 2 	10 2 	12 2 	19 2 	570 2 	585 2 	600 2 	0 0 	0 0 	0 0 	
5 2 	11 2 	15 2 	16 2 	571 2 	586 2 	601 2 	0 0 	0 0 	0 0 	
8 2 	10 2 	13 2 	18 2 	572 2 	587 2 	602 2 	0 0 	0 0 	0 0 	
2 2 	3 2 	4 2 	13 2 	573 2 	588 2 	603 2 	0 0 	0 0 	0 0 	
6 2 	9 2 	13 2 	15 2 	574 2 	589 2 	604 2 	0 0 	0 0 	0 0 	
8 2 	11 2 	12 2 	17 2 	575 2 	590 2 	605 2 	0 0 	0 0 	0 0 	
4 2 	6 2 	8 2 	19 2 	576 2 	591 2 	606 2 	0 0 	0 0 	0 0 	
1 2 	12 2 	14 2 	20 2 	577 2 	592 2 	607 2 	0 0 	0 0 	0 0 	
1 2 	5 2 	7 2 	19 2 	578 2 	593 2 	608 2 	0 0 	0 0 	0 0 	
1 2 	3 2 	9 2 	16 2 	579 2 	594 2 	609 2 	0 0 	0 0 	0 0 	
2 2 	11 2 	14 2 	18 2 	580 2 	595 2 	610 2 	0 0 	0 0 	0 0 	
24 2 	25 2 	38 2 	40 2 	416 2 	506 2 	611 2 	0 0 	0 0 	0 0 	
22 2 	27 2 	35 2 	40 2 	417 2 	507 2 	612 2 	0 0 	0 0 	0 0 	
26 2 	30 2 	36 2 	37 2 	418 2 	508 2 	613 2 	0 0 	0 0 	0 0 	
23 2 	27 2 	34 2 	37 2 	419 2 	509 2 	614 2 	0 0 	0 0 	0 0 	
29 2 	30 2 	32 2 	39 2 	420 2 	510 2 	615 2 	0 0 	0 0 	0 0 	
25 2 	31 2 	35 2 	36 2 	421 2 	511 2 	616 2 	0 0 	0 0 	0 0 	
28 2 	30 2 	33 2 	38 2 	422 2 	512 2 	617 2 	0 0 	0 0 	0 0 	
22 2 	23 2 	24 2 	33 2 	423 2 	513 2 	618 2 	0 0 	0 0 	0 0 	
26 2 	29 2 	33 2 	35 2 	424 2 	514 2 	619 2 	0 0 	0 0 	0 0 	
28 2 	31 2 	32 2 	37 2 	425 2 	515 2 	620 2 	0 0 	0 0 	0 0 	
24 2 	26 2 	28 2 	39 2 	426 2 	516 2 	621 2 	0 0 	0 0 	0 0 	
21 2 	32 2 	34 2 	40 2 	427 2 	517 2 	622 2 	0 0 	0 0 	0 0 	
21 2 	25 2 	27 2 	39 2 	428 2 	518 2 	623 2 	0 0 	0 0 	0 0 	
21 2 	23 2 	29 2 	36 2 	429 2 	519 2 	624 2 	0 0 	0 0 	0 0 	
22 2 	31 2 	34 2 	38 2 	430 2 	520 2 	625 2 	0 0 	0 0 	0 0 	
44 2 	45 2 	58 2 	60 2 	446 2 	506 2 	596 2 	0 0 	0 0 	0 0 	
42 2 	47 2 	55 2 	60 2 	447 2 	507 2 	597 2 	0 0 	0 0 	0 0 	
46 2 	50 2 	56 2 	57 2 	448 2 	508 2 	598 2 	0 0 	0 0 	0 0 	
43 2 	47 2 	54 2 	57 2 	449 2 	509 2 	599 2 	0 0 	0 0 	0 0 	
49 2 	50 2 	52 2 	59 2 	450 2 	510 2 	600 2 	0 0 	0 0 	0 0 	
45 2 	51 2 	55 2 	56 2 	451 2 	511 2 	601 2 	0 0 	0 0 	0 0 	
48 2 	50 2 	53 2 	58 2 	452 2 	512 2 	602 2 	0 0 	0 0 	0 0 	
42 2 	43 2 	44 2 	53 2 	453 2 	513 2 	603 2 	0 0 	0 0 	0 0 	
46 2 	49 2 	53 2 	55 2 	454 2 	514 2 	604 2 	0 0 	0 0 	0 0 	
48 2 	51 2 	52 2 	57 2 	455 2 	515 2 	605 2 	0 0 	0 0 	0 0 	
44 2 	46 2 	48 2 	59 2 	456 2 	516 2 	606 2 	0 0 	0 0 	0 0 	
41 2 	52 2 	54 2 	60 2 	457 2 	517 2 	607 2 	0 0 	0 0 	0 0 	
41 2 	45 2 	47 2 	59 2 	458 2 	518 2 	608 2 	0 0 	0 0 	0 0 	
41 2 	43 2 	49 2 	56 2 	459 2 	519 2 	609 2 	0 0 	0 0 	0 0 	
42 2 	51 2 	54 2 	58 2 	460 2 	520 2 	610 2 	0 0 	0 0 	0 0 	
64 2 	65 2 	78 2 	80 2 	401 2 	506 2 	551 2 	0 0 	0 0 	0 0 	
62 2 	67 2 	75 2 	80 2 	402 2 	507 2 	552 2 	0 0 	0 0 	0 0 	
66 2 	70 2 	76 2 	77 2 	403 2 	508 2 	553 2 	0 0 	0 0 	0 0 	
63 2 	67 2 	74 2 	77 2 	404 2 	509 2 	554 2 	0 0 	0 0 	0 0 	
69 2 	70 2 	72 2 	79 2 	405 2 	510 2 	555 2 	0 0 	0 0 	0 0 	
65 2 	71 2 	75 2 	76 2 	406 2 	511 2 	556 2 	0 0 	0 0 	0 0 	
68 2 	70 2 	73 2 	78 2 	407 2 	512 2 	557 2 	0 0 	0 0 	0 0 	
62 2 	63 2 	64 2 	73 2 	408 2 	513 2 	558 2 	0 0 	0 0 	0 0 	
66 2 	69 2 	73 2 	75 2 	409 2 	514 2 	559 2 	0 0 	0 0 	0 0 	
68 2 	71 2 	72 2 	77 2 	410 2 	515 2 	560 2 	0 0 	0 0 	0 0 	
64 2 	66 2 	68 2 	79 2 	411 2 	516 2 	561 2 	0 0 	0 0 	0 0 	
61 2 	72 2 	74 2 	80 2 	412 2 	517 2 	562 2 	0 0 	0 0 	0 0 	
61 2 	65 2 	67 2 	79 2 	413 2 	518 2 	563 2 	0 0 	0 0 	0 0 	
61 2 	63 2 	69 2 	76 2 	414 2 	519 2 	564 2 	0 0 	0 0 	0 0 	
62 2 	71 2 	74 2 	78 2 	415 2 	520 2 	565 2 	0 0 	0 0 	0 0 	
84 2 	85 2 	98 2 	100 2 	401 2 	476 2 	581 2 	0 0 	0 0 	0 0 	
82 2 	87 2 	95 2 	100 2 	402 2 	477 2 	582 2 	0 0 	0 0 	0 0 	
86 2 	90 2 	96 2 	97 2 	403 2 	478 2 	583 2 	0 0 	0 0 	0 0 	
83 2 	87 2 	94 2 	97 2 	404 2 	479 2 	584 2 	0 0 	0 0 	0 0 	
89 2 	90 2 	92 2 	99 2 	405 2 	480 2 	585 2 	0 0 	0 0 	0 0 	
85 2 	91 2 	95 2 	96 2 	406 2 	481 2 	586 2 	0 0 	0 0 	0 0 	
88 2 	90 2 	93 2 	98 2 	407 2 	482 2 	587 2 	0 0 	0 0 	0 0 	
82 2 	83 2 	84 2 	93 2 	408 2 	483 2 	588 2 	0 0 	0 0 	0 0 	
86 2 	89 2 	93 2 	95 2 	409 2 	484 2 	589 2 	0 0 	0 0 	0 0 	
88 2 	91 2 	92 2 	97 2 	410 2 	485 2 	590 2 	0 0 	0 0 	0 0 	
84 2 	86 2 	88 2 	99 2 	411 2 	486 2 	591 2 	0 0 	0 0 	0 0 	
81 2 	92 2 	94 2 	100 2 	412 2 	487 2 	592 2 	0 0 	0 0 	0 0 	
81 2 	85 2 	87 2 	99 2 	413 2 	488 2 	593 2 	0 0 	0 0 	0 0 	
81 2 	83 2 	89 2 	96 2 	414 2 	489 2 	594 2 	0 0 	0 0 	0 0 	
82 2 	91 2 	94 2 	98 2 	415 2 	490 2 	595 2 	0 0 	0 0 	0 0 	
104 2 	105 2 	118 2 	120 2 	431 2 	521 2 	551 2 	0 0 	0 0 	0 0 	
102 2 	107 2 	115 2 	120 2 	432 2 	522 2 	552 2 	0 0 	0 0 	0 0 	
106 2 	110 2 	116 2 	117 2 	433 2 	523 2 	553 2 	0 0 	0 0 	0 0 	
103 2 	107 2 	114 2 	117 2 	434 2 	524 2 	554 2 	0 0 	0 0 	0 0 	
109 2 	110 2 	112 2 	119 2 	435 2 	525 2 	555 2 	0 0 	0 0 	0 0 	
105 2 	111 2 	115 2 	116 2 	436 2 	526 2 	556 2 	0 0 	0 0 	0 0 	
108 2 	110 2 	113 2 	118 2 	437 2 	527 2 	557 2 	0 0 	0 0 	0 0 	
102 2 	103 2 	104 2 	113 2 	438 2 	528 2 	558 2 	0 0 	0 0 	0 0 	
106 2 	109 2 	113 2 	115 2 	439 2 	529 2 	559 2 	0 0 	0 0 	0 0 	
108 2 	111 2 	112 2 	117 2 	440 2 	530 2 	560 2 	0 0 	0 0 	0 0 	
104 2 	106 2 	108 2 	119 2 	441 2 	531 2 	561 2 	0 0 	0 0 	0 0 	
101 2 	112 2 	114 2 	120 2 	442 2 	532 2 	562 2 	0 0 	0 0 	0 0 	
101 2 	105 2 	107 2 	119 2 	443 2 	533 2 	563 2 	0 0 	0 0 	0 0 	
101 2 	103 2 	109 2 	116 2 	444 2 	534 2 	564 2 	0 0 	0 0 	0 0 	
102 2 	111 2 	114 2 	118 2 	445 2 	535 2 	565 2 	0 0 	0 0 	0 0 	
124 2 	125 2 	138 2 	140 2 	416 2 	446 2 	581 2 	0 0 	0 0 	0 0 	
122 2 	127 2 	135 2 	140 2 	417 2 	447 2 	582 2 	0 0 	0 0 	0 0 	
126 2 	130 2 	136 2 	137 2 	418 2 	448 2 	583 2 	0 0 	0 0 	0 0 	
123 2 	127 2 	134 2 	137 2 	419 2 	449 2 	584 2 	0 0 	0 0 	0 0 	
129 2 	130 2 	132 2 	139 2 	420 2 	450 2 	585 2 	0 0 	0 0 	0 0 	
125 2 	131 2 	135 2 	136 2 	421 2 	451 2 	586 2 	0 0 	0 0 	0 0 	
128 2 	130 2 	133 2 	138 2 	422 2 	452 2 	587 2 	0 0 	0 0 	0 0 	
122 2 	123 2 	124 2 	133 2 	423 2 	453 2 	588 2 	0 0 	0 0 	0 0 	
126 2 	129 2 	133 2 	135 2 	424 2 	454 2 	589 2 	0 0 	0 0 	0 0 	
128 2 	131 2 	132 2 	137 2 	425 2 	455 2 	590 2 	0 0 	0 0 	0 0 	
124 2 	126 2 	128 2 	139 2 	426 2 	456 2 	591 2 	0 0 	0 0 	0 0 	
121 2 	132 2 	134 2 	140 2 	427 2 	457 2 	592 2 	0 0 	0 0 	0 0 	
121 2 	125 2 	127 2 	139 2 	428 2 	458 2 	593 2 	0 0 	0 0 	0 0 	
121 2 	123 2 	129 2 	136 2 	429 2 	459 2 	594 2 	0 0 	0 0 	0 0 	
122 2 	131 2 	134 2 	138 2 	430 2 	460 2 	595 2 	0 0 	0 0 	0 0 	
144 2 	145 2 	158 2 	160 2 	491 2 	536 2 	551 2 	0 0 	0 0 	0 0 	
142 2 	147 2 	155 2 	160 2 	492 2 	537 2 	552 2 	0 0 	0 0 	0 0 	
146 2 	150 2 	156 2 	157 2 	493 2 	538 2 	553 2 	0 0 	0 0 	0 0 	
143 2 	147 2 	154 2 	157 2 	494 2 	539 2 	554 2 	0 0 	0 0 	0 0 	
149 2 	150 2 	152 2 	159 2 	495 2 	540 2 	555 2 	0 0 	0 0 	0 0 	
145 2 	151 2 	155 2 	156 2 	496 2 	541 2 	556 2 	0 0 	0 0 	0 0 	
148 2 	150 2 	153 2 	158 2 	497 2 	542 2 	557 2 	0 0 	0 0 	0 0 	
142 2 	143 2 	144 2 	153 2 	498 2 	543 2 	558 2 	0 0 	0 0 	0 0 	
146 2 	149 2 	153 2 	155 2 	499 2 	544 2 	559 2 	0 0 	0 0 	0 0 	
148 2 	151 2 	152 2 	157 2 	500 2 	545 2 	560 2 	0 0 	0 0 	0 0 	
144 2 	146 2 	148 2 	159 2 	501 2 	546 2 	561 2 	0 0 	0 0 	0 0 	
141 2 	152 2 	154 2 	160 2 	502 2 	547 2 	562 2 	0 0 	0 0 	0 0 	
141 2 	145 2 	147 2 	159 2 	503 2 	548 2 	563 2 	0 0 	0 0 	0 0 	
141 2 	143 2 	149 2 	156 2 	504 2 	549 2 	564 2 	0 0 	0 0 	0 0 	
142 2 	151 2 	154 2 	158 2 	505 2 	550 2 	565 2 	0 0 	0 0 	0 0 	
164 2 	165 2 	178 2 	180 2 	461 2 	521 2 	596 2 	0 0 	0 0 	0 0 	
162 2 	167 2 	175 2 	180 2 	462 2 	522 2 	597 2 	0 0 	0 0 	0 0 	
166 2 	170 2 	176 2 	177 2 	463 2 	523 2 	598 2 	0 0 	0 0 	0 0 	
163 2 	167 2 	174 2 	177 2 	464 2 	524 2 	599 2 	0 0 	0 0 	0 0 	
169 2 	170 2 	172 2 	179 2 	465 2 	525 2 	600 2 	0 0 	0 0 	0 0 	
165 2 	171 2 	175 2 	176 2 	466 2 	526 2 	601 2 	0 0 	0 0 	0 0 	
168 2 	170 2 	173 2 	178 2 	467 2 	527 2 	602 2 	0 0 	0 0 	0 0 	
162 2 	163 2 	164 2 	173 2 	468 2 	528 2 	603 2 	0 0 	0 0 	0 0 	
166 2 	169 2 	173 2 	175 2 	469 2 	529 2 	604 2 	0 0 	0 0 	0 0 	
168 2 	171 2 	172 2 	177 2 	470 2 	530 2 	605 2 	0 0 	0 0 	0 0 	
164 2 	166 2 	168 2 	179 2 	471 2 	531 2 	606 2 	0 0 	0 0 	0 0 	
161 2 	172 2 	174 2 	180 2 	472 2 	532 2 	607 2 	0 0 	0 0 	0 0 	
161 2 	165 2 	167 2 	179 2 	473 2 	533 2 	608 2 	0 0 	0 0 	0 0 	
161 2 	163 2 	169 2 	176 2 	474 2 	534 2 	609 2 	0 0 	0 0 	0 0 	
162 2 	171 2 	174 2 	178 2 	475 2 	535 2 	610 2 	0 0 	0 0 	0 0 	
184 2 	185 2 	198 2 	200 2 	431 2 	461 2 	491 2 	0 0 	0 0 	0 0 	
182 2 	187 2 	195 2 	200 2 	432 2 	462 2 	492 2 	0 0 	0 0 	0 0 	
186 2 	190 2 	196 2 	197 2 	433 2 	463 2 	493 2 	0 0 	0 0 	0 0 	
183 2 	187 2 	194 2 	197 2 	434 2 	464 2 	494 2 	0 0 	0 0 	0 0 	
189 2 	190 2 	192 2 	199 2 	435 2 	465 2 	495 2 	0 0 	0 0 	0 0 	
185 2 	191 2 	195 2 	196 2 	436 2 	466 2 	496 2 	0 0 	0 0 	0 0 	
188 2 	190 2 	193 2 	198 2 	437 2 	467 2 	497 2 	0 0 	0 0 	0 0 	
182 2 	183 2 	184 2 	193 2 	438 2 	468 2 	498 2 	0 0 	0 0 	0 0 	
186 2 	189 2 	193 2 	195 2 	439 2 	469 2 	499 2 	0 0 	0 0 	0 0 	
188 2 	191 2 	192 2 	197 2 	440 2 	470 2 	500 2 	0 0 	0 0 	0 0 	
184 2 	186 2 	188 2 	199 2 	441 2 	471 2 	501 2 	0 0 	0 0 	0 0 	
181 2 	192 2 	194 2 	200 2 	442 2 	472 2 	502 2 	0 0 	0 0 	0 0 	
181 2 	185 2 	187 2 	199 2 	443 2 	473 2 	503 2 	0 0 	0 0 	0 0 	
181 2 	183 2 	189 2 	196 2 	444 2 	474 2 	504 2 	0 0 	0 0 	0 0 	
182 2 	191 2 	194 2 	198 2 	445 2 	475 2 	505 2 	0 0 	0 0 	0 0 	
204 2 	205 2 	218 2 	220 2 	476 2 	536 2 	611 2 	0 0 	0 0 	0 0 	
202 2 	207 2 	215 2 	220 2 	477 2 	537 2 	612 2 	0 0 	0 0 	0 0 	
206 2 	210 2 	216 2 	217 2 	478 2 	538 2 	613 2 	0 0 	0 0 	0 0 	
203 2 	207 2 	214 2 	217 2 	479 2 	539 2 	614 2 	0 0 	0 0 	0 0 	
209 2 	210 2 	212 2 	219 2 	480 2 	540 2 	615 2 	0 0 	0 0 	0 0 	
205 2 	211 2 	215 2 	216 2 	481 2 	541 2 	616 2 	0 0 	0 0 	0 0 	
208 2 	210 2 	213 2 	218 2 	482 2 	542 2 	617 2 	0 0 	0 0 	0 0 	
202 2 	203 2 	204 2 	213 2 	483 2 	543 2 	618 2 	0 0 	0 0 	0 0 	
206 2 	209 2 	213 2 	215 2 	484 2 	544 2 	619 2 	0 0 	0 0 	0 0 	
208 2 	211 2 	212 2 	217 2 	485 2 	545 2 	620 2 	0 0 	0 0 	0 0 	
204 2 	206 2 	208 2 	219 2 	486 2 	546 2 	621 2 	0 0 	0 0 	0 0 	
201 2 	212 2 	214 2 	220 2 	487 2 	547 2 	622 2 	0 0 	0 0 	0 0 	
201 2 	205 2 	207 2 	219 2 	488 2 	548 2 	623 2 	0 0 	0 0 	0 0 	
201 2 	203 2 	209 2 	216 2 	489 2 	549 2 	624 2 	0 0 	0 0 	0 0 	
202 2 	211 2 	214 2 	218 2 	490 2 	550 2 	625 2 	0 0 	0 0 	0 0 	
224 2 	225 2 	238 2 	240 2 	461 2 	536 2 	566 2 	0 0 	0 0 	0 0 	
222 2 	227 2 	235 2 	240 2 	462 2 	537 2 	567 2 	0 0 	0 0 	0 0 	
226 2 	230 2 	236 2 	237 2 	463 2 	538 2 	568 2 	0 0 	0 0 	0 0 	
223 2 	227 2 	234 2 	237 2 	464 2 	539 2 	569 2 	0 0 	0 0 	0 0 	
229 2 	230 2 	232 2 	239 2 	465 2 	540 2 	570 2 	0 0 	0 0 	0 0 	
225 2 	231 2 	235 2 	236 2 	466 2 	541 2 	571 2 	0 0 	0 0 	0 0 	
228 2 	230 2 	233 2 	238 2 	467 2 	542 2 	572 2 	0 0 	0 0 	0 0 	
222 2 	223 2 	224 2 	233 2 	468 2 	543 2 	573 2 	0 0 	0 0 	0 0 	
226 2 	229 2 	233 2 	235 2 	469 2 	544 2 	574 2 	0 0 	0 0 	0 0 	
228 2 	231 2 	232 2 	237 2 	470 2 	545 2 	575 2 	0 0 	0 0 	0 0 	
224 2 	226 2 	228 2 	239 2 	471 2 	546 2 	576 2 	0 0 	0 0 	0 0 	
221 2 	232 2 	234 2 	240 2 	472 2 	547 2 	577 2 	0 0 	0 0 	0 0 	
221 2 	225 2 	227 2 	239 2 	473 2 	548 2 	578 2 	0 0 	0 0 	0 0 	
221 2 	223 2 	229 2 	236 2 	474 2 	549 2 	579 2 	0 0 	0 0 	0 0 	
222 2 	231 2 	234 2 	238 2 	475 2 	550 2 	580 2 	0 0 	0 0 	0 0 	
244 2 	245 2 	258 2 	260 2 	491 2 	506 2 	521 2 	0 0 	0 0 	0 0 	
242 2 	247 2 	255 2 	260 2 	492 2 	507 2 	522 2 	0 0 	0 0 	0 0 	
246 2 	250 2 	256 2 	257 2 	493 2 	508 2 	523 2 	0 0 	0 0 	0 0 	
243 2 	247 2 	254 2 	257 2 	494 2 	509 2 	524 2 	0 0 	0 0 	0 0 	
249 2 	250 2 	252 2 	259 2 	495 2 	510 2 	525 2 	0 0 	0 0 	0 0 	
245 2 	251 2 	255 2 	256 2 	496 2 	511 2 	526 2 	0 0 	0 0 	0 0 	
248 2 	250 2 	253 2 	258 2 	497 2 	512 2 	527 2 	0 0 	0 0 	0 0 	
242 2 	243 2 	244 2 	253 2 	498 2 	513 2 	528 2 	0 0 	0 0 	0 0 	
246 2 	249 2 	253 2 	255 2 	499 2 	514 2 	529 2 	0 0 	0 0 	0 0 	
248 2 	251 2 	252 2 	257 2 	500 2 	515 2 	530 2 	0 0 	0 0 	0 0 	
244 2 	246 2 	248 2 	259 2 	501 2 	516 2 	531 2 	0 0 	0 0 	0 0 	
241 2 	252 2 	254 2 	260 2 	502 2 	517 2 	532 2 	0 0 	0 0 	0 0 	
241 2 	245 2 	247 2 	259 2 	503 2 	518 2 	533 2 	0 0 	0 0 	0 0 	
241 2 	243 2 	249 2 	256 2 	504 2 	519 2 	534 2 	0 0 	0 0 	0 0 	
242 2 	251 2 	254 2 	258 2 	505 2 	520 2 	535 2 	0 0 	0 0 	0 0 	
264 2 	265 2 	278 2 	280 2 	446 2 	566 2 	611 2 	0 0 	0 0 	0 0 	
262 2 	267 2 	275 2 	280 2 	447 2 	567 2 	612 2 	0 0 	0 0 	0 0 	
266 2 	270 2 	276 2 	277 2 	448 2 	568 2 	613 2 	0 0 	0 0 	0 0 	
263 2 	267 2 	274 2 	277 2 	449 2 	569 2 	614 2 	0 0 	0 0 	0 0 	
269 2 	270 2 	272 2 	279 2 	450 2 	570 2 	615 2 	0 0 	0 0 	0 0 	
265 2 	271 2 	275 2 	276 2 	451 2 	571 2 	616 2 	0 0 	0 0 	0 0 	
268 2 	270 2 	273 2 	278 2 	452 2 	572 2 	617 2 	0 0 	0 0 	0 0 	
262 2 	263 2 	264 2 	273 2 	453 2 	573 2 	618 2 	0 0 	0 0 	0 0 	
266 2 	269 2 	273 2 	275 2 	454 2 	574 2 	619 2 	0 0 	0 0 	0 0 	
268 2 	271 2 	272 2 	277 2 	455 2 	575 2 	620 2 	0 0 	0 0 	0 0 	
264 2 	266 2 	268 2 	279 2 	456 2 	576 2 	621 2 	0 0 	0 0 	0 0 	
261 2 	272 2 	274 2 	280 2 	457 2 	577 2 	622 2 	0 0 	0 0 	0 0 	
261 2 	265 2 	267 2 	279 2 	458 2 	578 2 	623 2 	0 0 	0 0 	0 0 	
261 2 	263 2 	269 2 	276 2 	459 2 	579 2 	624 2 	0 0 	0 0 	0 0 	
262 2 	271 2 	274 2 	278 2 	460 2 	580 2 	625 2 	0 0 	0 0 	0 0 	
284 2 	285 2 	298 2 	300 2 	416 2 	476 2 	521 2 	0 0 	0 0 	0 0 	
282 2 	287 2 	295 2 	300 2 	417 2 	477 2 	522 2 	0 0 	0 0 	0 0 	
286 2 	290 2 	296 2 	297 2 	418 2 	478 2 	523 2 	0 0 	0 0 	0 0 	
283 2 	287 2 	294 2 	297 2 	419 2 	479 2 	524 2 	0 0 	0 0 	0 0 	
289 2 	290 2 	292 2 	299 2 	420 2 	480 2 	525 2 	0 0 	0 0 	0 0 	
285 2 	291 2 	295 2 	296 2 	421 2 	481 2 	526 2 	0 0 	0 0 	0 0 	
288 2 	290 2 	293 2 	298 2 	422 2 	482 2 	527 2 	0 0 	0 0 	0 0 	
282 2 	283 2 	284 2 	293 2 	423 2 	483 2 	528 2 	0 0 	0 0 	0 0 	
286 2 	289 2 	293 2 	295 2 	424 2 	484 2 	529 2 	0 0 	0 0 	0 0 	
288 2 	291 2 	292 2 	297 2 	425 2 	485 2 	530 2 	0 0 	0 0 	0 0 	
284 2 	286 2 	288 2 	299 2 	426 2 	486 2 	531 2 	0 0 	0 0 	0 0 	
281 2 	292 2 	294 2 	300 2 	427 2 	487 2 	532 2 	0 0 	0 0 	0 0 	
281 2 	285 2 	287 2 	299 2 	428 2 	488 2 	533 2 	0 0 	0 0 	0 0 	
281 2 	283 2 	289 2 	296 2 	429 2 	489 2 	534 2 	0 0 	0 0 	0 0 	
282 2 	291 2 	294 2 	298 2 	430 2 	490 2 	535 2 	0 0 	0 0 	0 0 	
304 2 	305 2 	318 2 	320 2 	431 2 	476 2 	596 2 	0 0 	0 0 	0 0 	
302 2 	307 2 	315 2 	320 2 	432 2 	477 2 	597 2 	0 0 	0 0 	0 0 	
306 2 	310 2 	316 2 	317 2 	433 2 	478 2 	598 2 	0 0 	0 0 	0 0 	
303 2 	307 2 	314 2 	317 2 	434 2 	479 2 	599 2 	0 0 	0 0 	0 0 	
309 2 	310 2 	312 2 	319 2 	435 2 	480 2 	600 2 	0 0 	0 0 	0 0 	
305 2 	311 2 	315 2 	316 2 	436 2 	481 2 	601 2 	0 0 	0 0 	0 0 	
308 2 	310 2 	313 2 	318 2 	437 2 	482 2 	602 2 	0 0 	0 0 	0 0 	
302 2 	303 2 	304 2 	313 2 	438 2 	483 2 	603 2 	0 0 	0 0 	0 0 	
306 2 	309 2 	313 2 	315 2 	439 2 	484 2 	604 2 	0 0 	0 0 	0 0 	
308 2 	311 2 	312 2 	317 2 	440 2 	485 2 	605 2 	0 0 	0 0 	0 0 	
304 2 	306 2 	308 2 	319 2 	441 2 	486 2 	606 2 	0 0 	0 0 	0 0 	
301 2 	312 2 	314 2 	320 2 	442 2 	487 2 	607 2 	0 0 	0 0 	0 0 	
301 2 	305 2 	307 2 	319 2 	443 2 	488 2 	608 2 	0 0 	0 0 	0 0 	
301 2 	303 2 	309 2 	316 2 	444 2 	489 2 	609 2 	0 0 	0 0 	0 0 	
302 2 	311 2 	314 2 	318 2 	445 2 	490 2 	610 2 	0 0 	0 0 	0 0 	
324 2 	325 2 	338 2 	340 2 	431 2 	446 2 	536 2 	0 0 	0 0 	0 0 	
322 2 	327 2 	335 2 	340 2 	432 2 	447 2 	537 2 	0 0 	0 0 	0 0 	
326 2 	330 2 	336 2 	337 2 	433 2 	448 2 	538 2 	0 0 	0 0 	0 0 	
323 2 	327 2 	334 2 	337 2 	434 2 	449 2 	539 2 	0 0 	0 0 	0 0 	
329 2 	330 2 	332 2 	339 2 	435 2 	450 2 	540 2 	0 0 	0 0 	0 0 	
325 2 	331 2 	335 2 	336 2 	436 2 	451 2 	541 2 	0 0 	0 0 	0 0 	
328 2 	330 2 	333 2 	338 2 	437 2 	452 2 	542 2 	0 0 	0 0 	0 0 	
322 2 	323 2 	324 2 	333 2 	438 2 	453 2 	543 2 	0 0 	0 0 	0 0 	
326 2 	329 2 	333 2 	335 2 	439 2 	454 2 	544 2 	0 0 	0 0 	0 0 	
328 2 	331 2 	332 2 	337 2 	440 2 	455 2 	545 2 	0 0 	0 0 	0 0 	
324 2 	326 2 	328 2 	339 2 	441 2 	456 2 	546 2 	0 0 	0 0 	0 0 	
321 2 	332 2 	334 2 	340 2 	442 2 	457 2 	547 2 	0 0 	0 0 	0 0 	
321 2 	325 2 	327 2 	339 2 	443 2 	458 2 	548 2 	0 0 	0 0 	0 0 	
321 2 	323 2 	329 2 	336 2 	444 2 	459 2 	549 2 	0 0 	0 0 	0 0 	
322 2 	331 2 	334 2 	338 2 	445 2 	460 2 	550 2 	0 0 	0 0 	0 0 	
344 2 	345 2 	358 2 	360 2 	401 2 	491 2 	611 2 	0 0 	0 0 	0 0 	
342 2 	347 2 	355 2 	360 2 	402 2 	492 2 	612 2 	0 0 	0 0 	0 0 	
346 2 	350 2 	356 2 	357 2 	403 2 	493 2 	613 2 	0 0 	0 0 	0 0 	
343 2 	347 2 	354 2 	357 2 	404 2 	494 2 	614 2 	0 0 	0 0 	0 0 	
349 2 	350 2 	352 2 	359 2 	405 2 	495 2 	615 2 	0 0 	0 0 	0 0 	
345 2 	351 2 	355 2 	356 2 	406 2 	496 2 	616 2 	0 0 	0 0 	0 0 	
348 2 	350 2 	353 2 	358 2 	407 2 	497 2 	617 2 	0 0 	0 0 	0 0 	
342 2 	343 2 	344 2 	353 2 	408 2 	498 2 	618 2 	0 0 	0 0 	0 0 	
346 2 	349 2 	353 2 	355 2 	409 2 	499 2 	619 2 	0 0 	0 0 	0 0 	
348 2 	351 2 	352 2 	357 2 	410 2 	500 2 	620 2 	0 0 	0 0 	0 0 	
344 2 	346 2 	348 2 	359 2 	411 2 	501 2 	621 2 	0 0 	0 0 	0 0 	
341 2 	352 2 	354 2 	360 2 	412 2 	502 2 	622 2 	0 0 	0 0 	0 0 	
341 2 	345 2 	347 2 	359 2 	413 2 	503 2 	623 2 	0 0 	0 0 	0 0 	
341 2 	343 2 	349 2 	356 2 	414 2 	504 2 	624 2 	0 0 	0 0 	0 0 	
342 2 	351 2 	354 2 	358 2 	415 2 	505 2 	625 2 	0 0 	0 0 	0 0 	
364 2 	365 2 	378 2 	380 2 	461 2 	551 2 	581 2 	0 0 	0 0 	0 0 	
362 2 	367 2 	375 2 	380 2 	462 2 	552 2 	582 2 	0 0 	0 0 	0 0 	
366 2 	370 2 	376 2 	377 2 	463 2 	553 2 	583 2 	0 0 	0 0 	0 0 	
363 2 	367 2 	374 2 	377 2 	464 2 	554 2 	584 2 	0 0 	0 0 	0 0 	
369 2 	370 2 	372 2 	379 2 	465 2 	555 2 	585 2 	0 0 	0 0 	0 0 	
365 2 	371 2 	375 2 	376 2 	466 2 	556 2 	586 2 	0 0 	0 0 	0 0 	
368 2 	370 2 	373 2 	378 2 	467 2 	557 2 	587 2 	0 0 	0 0 	0 0 	
362 2 	363 2 	364 2 	373 2 	468 2 	558 2 	588 2 	0 0 	0 0 	0 0 	
366 2 	369 2 	373 2 	375 2 	469 2 	559 2 	589 2 	0 0 	0 0 	0 0 	
368 2 	371 2 	372 2 	377 2 	470 2 	560 2 	590 2 	0 0 	0 0 	0 0 	
364 2 	366 2 	368 2 	379 2 	471 2 	561 2 	591 2 	0 0 	0 0 	0 0 	
361 2 	372 2 	374 2 	380 2 	472 2 	562 2 	592 2 	0 0 	0 0 	0 0 	
361 2 	365 2 	367 2 	379 2 	473 2 	563 2 	593 2 	0 0 	0 0 	0 0 	
361 2 	363 2 	369 2 	376 2 	474 2 	564 2 	594 2 	0 0 	0 0 	0 0 	
362 2 	371 2 	374 2 	378 2 	475 2 	565 2 	595 2 	0 0 	0 0 	0 0 	
384 2 	385 2 	398 2 	400 2 	401 2 	416 2 	566 2 	0 0 	0 0 	0 0 	
382 2 	387 2 	395 2 	400 2 	402 2 	417 2 	567 2 	0 0 	0 0 	0 0 	
386 2 	390 2 	396 2 	397 2 	403 2 	418 2 	568 2 	0 0 	0 0 	0 0 	
383 2 	387 2 	394 2 	397 2 	404 2 	419 2 	569 2 	0 0 	0 0 	0 0 	
389 2 	390 2 	392 2 	399 2 	405 2 	420 2 	570 2 	0 0 	0 0 	0 0 	
385 2 	391 2 	395 2 	396 2 	406 2 	421 2 	571 2 	0 0 	0 0 	0 0 	
388 2 	390 2 	393 2 	398 2 	407 2 	422 2 	572 2 	0 0 	0 0 	0 0 	
382 2 	383 2 	384 2 	393 2 	408 2 	423 2 	573 2 	0 0 	0 0 	0 0 	
386 2 	389 2 	393 2 	395 2 	409 2 	424 2 	574 2 	0 0 	0 0 	0 0 	
388 2 	391 2 	392 2 	397 2 	410 2 	425 2 	575 2 	0 0 	0 0 	0 0 	
384 2 	386 2 	388 2 	399 2 	411 2 	426 2 	576 2 	0 0 	0 0 	0 0 	
381 2 	392 2 	394 2 	400 2 	412 2 	427 2 	577 2 	0 0 	0 0 	0 0 	
381 2 	385 2 	387 2 	399 2 	413 2 	428 2 	578 2 	0 0 	0 0 	0 0 	
381 2 	383 2 	389 2 	396 2 	414 2 	429 2 	579 2 	0 0 	0 0 	0 0 	
382 2 	391 2 	394 2 	398 2 	415 2 	430 2 	580 2 	0 0 	0 0 	0 0 	
16 2 	56 2 	116 2 	136 2 	156 2 	176 2 	236 2 	256 2 	296 2 	316 2 	
17 2 	57 2 	117 2 	137 2 	157 2 	177 2 	237 2 	257 2 	297 2 	317 2 	
18 2 	58 2 	118 2 	138 2 	158 2 	178 2 	238 2 	258 2 	298 2 	318 2 	
19 2 	59 2 	119 2 	139 2 	159 2 	179 2 	239 2 	259 2 	299 2 	319 2 	
20 2 	60 2 	120 2 	140 2 	160 2 	180 2 	240 2 	260 2 	300 2 	320 2 	
16 2 	36 2 	76 2 	96 2 	156 2 	176 2 	196 2 	276 2 	296 2 	336 2 	
17 2 	37 2 	77 2 	97 2 	157 2 	177 2 	197 2 	277 2 	297 2 	337 2 	
18 2 	38 2 	78 2 	98 2 	158 2 	178 2 	198 2 	278 2 	298 2 	338 2 	
19 2 	39 2 	79 2 	99 2 	159 2 	179 2 	199 2 	279 2 	299 2 	339 2 	
20 2 	40 2 	80 2 	100 2 	160 2 	180 2 	200 2 	280 2 	300 2 	340 2 	
16 2 	56 2 	76 2 	116 2 	136 2 	196 2 	216 2 	236 2 	296 2 	356 2 	
17 2 	57 2 	77 2 	117 2 	137 2 	197 2 	217 2 	237 2 	297 2 	357 2 	
18 2 	58 2 	78 2 	118 2 	138 2 	198 2 	218 2 	238 2 	298 2 	358 2 	
19 2 	59 2 	79 2 	119 2 	139 2 	199 2 	219 2 	239 2 	299 2 	359 2 	
20 2 	60 2 	80 2 	120 2 	140 2 	200 2 	220 2 	240 2 	300 2 	360 2 	
16 2 	36 2 	116 2 	176 2 	196 2 	216 2 	236 2 	256 2 	296 2 	376 2 	
17 2 	37 2 	117 2 	177 2 	197 2 	217 2 	237 2 	257 2 	297 2 	377 2 	
18 2 	38 2 	118 2 	178 2 	198 2 	218 2 	238 2 	258 2 	298 2 	378 2 	
19 2 	39 2 	119 2 	179 2 	199 2 	219 2 	239 2 	259 2 	299 2 	379 2 	
20 2 	40 2 	120 2 	180 2 	200 2 	220 2 	240 2 	260 2 	300 2 	380 2 	
16 2 	36 2 	56 2 	76 2 	136 2 	156 2 	216 2 	256 2 	296 2 	396 2 	
17 2 	37 2 	57 2 	77 2 	137 2 	157 2 	217 2 	257 2 	297 2 	397 2 	
18 2 	38 2 	58 2 	78 2 	138 2 	158 2 	218 2 	258 2 	298 2 	398 2 	
19 2 	39 2 	59 2 	79 2 	139 2 	159 2 	219 2 	259 2 	299 2 	399 2 	
20 2 	40 2 	60 2 	80 2 	140 2 	160 2 	220 2 	260 2 	300 2 	400 2 	
301 1 	303 1 	306 1 	307 1 	308 1 	309 1 	312 1 	313 1 	315 1 	316 1 	
301 1 	302 1 	304 1 	305 1 	308 1 	309 1 	310 1 	314 1 	315 1 	317 1 	
301 1 	303 1 	304 1 	306 1 	307 1 	310 1 	311 1 	312 1 	315 1 	318 1 	
301 1 	302 1 	306 1 	309 1 	310 1 	311 1 	312 1 	313 1 	315 1 	319 1 	
301 1 	302 1 	303 1 	304 1 	307 1 	308 1 	311 1 	313 1 	315 1 	320 1 	
321 1 	323 1 	326 1 	327 1 	328 1 	329 1 	332 1 	333 1 	335 1 	336 1 	
321 1 	322 1 	324 1 	325 1 	328 1 	329 1 	330 1 	334 1 	335 1 	337 1 	
321 1 	323 1 	324 1 	326 1 	327 1 	330 1 	331 1 	332 1 	335 1 	338 1 	
321 1 	322 1 	326 1 	329 1 	330 1 	331 1 	332 1 	333 1 	335 1 	339 1 	
321 1 	322 1 	323 1 	324 1 	327 1 	328 1 	331 1 	333 1 	335 1 	340 1 	
341 1 	343 1 	346 1 	347 1 	348 1 	349 1 	352 1 	353 1 	355 1 	356 1 	
341 1 	342 1 	344 1 	345 1 	348 1 	349 1 	350 1 	354 1 	355 1 	357 1 	
341 1 	343 1 	344 1 	346 1 	347 1 	350 1 	351 1 	352 1 	355 1 	358 1 	
341 1 	342 1 	346 1 	349 1 	350 1 	351 1 	352 1 	353 1 	355 1 	359 1 	
341 1 	342 1 	343 1 	344 1 	347 1 	348 1 	351 1 	353 1 	355 1 	360 1 	
361 1 	363 1 	366 1 	367 1 	368 1 	369 1 	372 1 	373 1 	375 1 	376 1 	
361 1 	362 1 	364 1 	365 1 	368 1 	369 1 	370 1 	374 1 	375 1 	377 1 	
361 1 	363 1 	364 1 	366 1 	367 1 	370 1 	371 1 	372 1 	375 1 	378 1 	
361 1 	362 1 	366 1 	369 1 	370 1 	371 1 	372 1 	373 1 	375 1 	379 1 	
361 1 	362 1 	363 1 	364 1 	367 1 	368 1 	371 1 	373 1 	375 1 	380 1 	
381 1 	383 1 	386 1 	387 1 	388 1 	389 1 	392 1 	393 1 	395 1 	396 1 	
381 1 	382 1 	384 1 	385 1 	388 1 	389 1 	390 1 	394 1 	395 1 	397 1 	
381 1 	383 1 	384 1 	386 1 	387 1 	390 1 	391 1 	392 1 	395 1 	398 1 	
381 1 	382 1 	386 1 	389 1 	390 1 	391 1 	392 1 	393 1 	395 1 	399 1 	
381 1 	382 1 	383 1 	384 1 	387 1 	388 1 	391 1 	393 1 	395 1 	400 1 	
