1250 600
4 7
3 3 3 3 3 3 3 3 3 3 3 3 3 3 3 3 3 3 3 3 3 3 3 3 3 3 3 3 3 3 3 3 3 3 3 3 3 3 3 3 3 3 3 3 3 3 3 3 3 3 3 3 3 3 3 3 3 3 3 3 3 3 3 3 3 3 3 3 3 3 3 3 3 3 3 3 3 3 3 3 3 3 3 3 3 3 3 3 3 3 3 3 3 3 3 3 3 3 3 3 3 3 3 3 3 3 3 3 3 3 3 3 3 3 3 3 3 3 3 3 3 3 3 3 3 3 3 3 3 3 3 3 3 3 3 3 3 3 3 3 3 3 3 3 3 3 3 3 3 3 3 3 3 3 3 3 3 3 3 3 3 3 3 3 3 3 3 3 3 3 3 3 3 3 3 3 3 3 3 3 3 3 3 3 3 3 3 3 3 3 3 3 3 3 3 3 3 3 3 3 3 3 3 3 3 3 3 3 3 3 3 3 3 3 3 3 3 3 3 3 3 3 3 3 3 3 3 3 3 3 3 3 3 3 3 3 3 3 3 3 3 3 3 3 3 3 3 3 3 3 3 3 3 3 3 3 3 3 3 3 3 3 3 3 3 3 3 3 3 3 3 3 3 3 3 3 3 3 3 3 3 3 3 3 3 3 3 3 3 3 3 3 3 3 3 3 3 3 3 3 3 3 3 3 3 3 3 3 3 3 3 3 3 3 3 3 3 3 3 3 3 3 3 3 3 3 3 3 3 3 3 3 3 3 3 3 3 3 3 3 3 3 3 3 3 3 3 3 3 3 3 3 3 3 3 3 3 3 3 3 3 3 3 3 3 3 3 3 3 3 3 3 3 3 3 3 3 3 3 3 3 3 3 3 3 3 3 3 3 3 3 3 3 3 3 3 3 3 3 3 4 4 4 4 4 4 4 4 4 4 4 4 4 4 4 4 4 4 4 4 4 4 4 4 4 4 4 4 4 4 4 4 4 4 4 4 4 4 4 4 4 4 4 4 4 4 4 4 4 4 4 4 4 4 4 4 4 4 4 4 4 4 4 4 4 4 4 4 4 4 4 4 4 4 4 4 4 4 4 4 4 4 4 4 4 4 4 4 4 4 4 4 4 4 4 4 4 4 4 4 4 4 4 4 4 4 4 4 4 4 4 4 4 4 4 4 4 4 4 4 4 4 4 4 4 4 4 4 4 4 4 4 4 4 4 4 4 4 4 4 4 4 4 4 4 4 4 4 4 4 4 4 4 4 4 4 4 4 4 4 4 4 4 4 4 4 4 4 4 4 4 4 4 4 4 4 4 4 4 4 4 4 4 4 4 4 4 4 4 4 4 4 4 4 4 4 4 4 4 4 4 4 4 4 4 4 4 4 4 4 4 4 4 4 4 4 4 4 4 4 4 4 4 4 4 3 3 3 3 3 3 3 3 3 3 3 3 3 3 3 3 3 3 3 3 3 3 3 3 3 3 3 3 3 3 3 3 3 3 3 3 3 3 3 3 3 3 3 3 3 3 3 3 3 3 3 3 3 3 3 3 3 3 3 3 3 3 3 3 3 3 3 3 3 3 3 3 3 3 3 3 3 3 3 3 3 3 3 3 3 3 3 3 3 3 3 3 3 3 3 3 3 3 3 3 3 3 3 3 3 3 3 3 3 3 3 3 3 3 3 3 3 3 3 3 3 3 3 3 3 3 3 3 3 3 3 3 3 3 3 3 3 3 3 3 3 3 3 3 3 3 3 3 3 3 3 3 3 3 3 3 3 3 3 3 3 3 3 3 3 3 3 3 3 3 3 3 3 3 3 3 3 3 3 3 3 3 3 3 3 3 3 3 3 3 3 3 3 3 3 3 3 3 3 3 3 3 3 3 3 3 3 3 3 3 3 3 3 3 3 3 3 3 3 3 3 3 3 3 3 3 3 3 3 3 3 3 3 3 3 3 3 3 3 3 3 3 3 3 3 3 3 3 3 3 3 3 3 3 3 3 3 3 3 3 3 3 3 3 3 3 3 3 3 3 3 3 3 3 3 3 3 3 3 3 3 3 3 3 3 3 3 3 3 3 3 3 3 3 3 3 3 3 3 3 3 3 3 3 3 3 3 3 3 3 3 3 3 3 3 3 3 3 3 3 3 3 3 3 3 3 3 3 3 3 3 3 3 3 3 3 3 3 3 3 3 3 3 3 3 3 3 3 3 3 3 3 3 3 3 3 3 3 3 3 3 3 3 3 3 3 3 3 3 3 3 3 3 3 3 3 3 3 3 3 3 3 3 3 3 3 3 3 3 3 3 3 3 3 3 3 3 3 3 3 4 4 4 4 4 4 4 4 4 4 4 4 4 4 4 4 4 4 4 4 4 4 4 4 4 4 4 4 4 4 4 4 4 4 4 4 4 4 4 4 4 4 4 4 4 4 4 4 4 4 4 4 4 4 4 4 4 4 4 4 4 4 4 4 4 4 4 4 4 4 4 4 4 4 4 4 4 4 4 4 4 4 4 4 4 4 4 4 4 4 4 4 4 4 4 4 4 4 4 4 4 4 4 4 4 4 4 4 4 4 4 4 4 4 4 4 4 4 4 4 4 4 4 4 4 4 4 4 4 4 4 4 4 4 4 4 4 4 4 4 4 4 4 4 4 4 4 4 4 4 4 4 4 4 4 4 4 4 4 4 4 4 4 4 4 4 4 4 4 4 4 4 4 4 4 4 4 4 4 4 4 4 4 4 4 4 4 4 4 4 4 4 4 4 4 4 4 4 4 4 4 4 4 4 4 4 4 4 4 4 4 4 4 4 4 4 4 4 4 4 4 4 4 4 4 
7 7 7 7 7 7 7 7 7 7 7 7 7 7 7 7 7 7 7 7 7 7 7 7 7 7 7 7 7 7 7 7 7 7 7 7 7 7 7 7 7 7 7 7 7 7 7 7 7 7 7 7 7 7 7 7 7 7 7 7 7 7 7 7 7 7 7 7 7 7 7 7 7 7 7 7 7 7 7 7 7 7 7 7 7 7 7 7 7 7 7 7 7 7 7 7 7 7 7 7 7 7 7 7 7 7 7 7 7 7 7 7 7 7 7 7 7 7 7 7 7 7 7 7 7 7 7 7 7 7 7 7 7 7 7 7 7 7 7 7 7 7 7 7 7 7 7 7 7 7 7 7 7 7 7 7 7 7 7 7 7 7 7 7 7 7 7 7 7 7 7 7 7 7 7 7 7 7 7 7 7 7 7 7 7 7 7 7 7 7 7 7 7 7 7 7 7 7 7 7 7 7 7 7 7 7 7 7 7 7 7 7 7 7 7 7 7 7 7 7 7 7 7 7 7 7 7 7 7 7 7 7 7 7 7 7 7 7 7 7 7 7 7 7 7 7 7 7 7 7 7 7 7 7 7 7 7 7 7 7 7 7 7 7 7 7 7 7 7 7 7 7 7 7 7 7 7 7 7 7 7 7 7 7 7 7 7 7 7 7 7 7 7 7 7 7 7 7 7 7 7 7 7 7 7 7 7 7 7 7 7 7 7 7 7 7 7 7 7 7 7 7 7 7 7 7 7 7 7 7 7 7 7 7 7 7 7 7 7 7 7 7 7 7 7 7 7 7 7 7 7 7 7 7 7 7 7 7 7 7 7 7 7 7 7 7 7 7 7 7 7 7 7 7 7 7 7 7 7 7 7 7 7 7 7 7 7 7 7 7 7 7 7 7 7 7 7 7 7 7 7 7 7 7 7 7 7 7 7 7 7 7 7 7 7 7 7 7 7 7 7 7 7 7 7 7 7 7 7 7 7 7 7 7 7 7 7 7 7 7 7 7 7 7 7 7 7 7 7 7 7 7 7 7 7 7 7 7 7 7 7 7 7 7 7 7 7 7 7 7 7 7 7 7 7 7 7 7 7 7 7 7 7 7 7 7 7 7 7 7 7 7 7 7 7 7 7 7 7 7 7 7 7 7 7 7 7 7 7 7 7 7 7 7 7 7 7 7 7 7 7 7 7 7 7 7 7 7 7 7 7 7 7 7 7 7 7 7 7 7 7 7 7 7 7 7 7 7 7 7 7 7 7 7 7 7 7 7 7 7 7 7 7 7 7 7 7 7 7 7 7 7 7 7 7 7 7 7 7 7 7 7 7 7 7 7 7 7 7 7 7 7 7 7 7 7 7 7 7 7 
312 313 314 0 
302 308 315 0 
304 308 314 0 
301 308 311 0 
301 306 313 0 
303 309 311 0 
302 304 313 0 
307 310 311 0 
305 309 314 0 
303 305 307 0 
306 310 315 0 
305 310 312 0 
307 308 309 0 
304 312 315 0 
302 306 309 0 
303 306 314 0 
303 304 310 0 
301 307 315 0 
305 311 313 0 
301 302 312 0 
327 328 329 0 
317 323 330 0 
319 323 329 0 
316 323 326 0 
316 321 328 0 
318 324 326 0 
317 319 328 0 
322 325 326 0 
320 324 329 0 
318 320 322 0 
321 325 330 0 
320 325 327 0 
322 323 324 0 
319 327 330 0 
317 321 324 0 
318 321 329 0 
318 319 325 0 
316 322 330 0 
320 326 328 0 
316 317 327 0 
342 343 344 0 
332 338 345 0 
334 338 344 0 
331 338 341 0 
331 336 343 0 
333 339 341 0 
332 334 343 0 
337 340 341 0 
335 339 344 0 
333 335 337 0 
336 340 345 0 
335 340 342 0 
337 338 339 0 
334 342 345 0 
332 336 339 0 
333 336 344 0 
333 334 340 0 
331 337 345 0 
335 341 343 0 
331 332 342 0 
357 358 359 0 
347 353 360 0 
349 353 359 0 
346 353 356 0 
346 351 358 0 
348 354 356 0 
347 349 358 0 
352 355 356 0 
350 354 359 0 
348 350 352 0 
351 355 360 0 
350 355 357 0 
352 353 354 0 
349 357 360 0 
347 351 354 0 
348 351 359 0 
348 349 355 0 
346 352 360 0 
350 356 358 0 
346 347 357 0 
372 373 374 0 
362 368 375 0 
364 368 374 0 
361 368 371 0 
361 366 373 0 
363 369 371 0 
362 364 373 0 
367 370 371 0 
365 369 374 0 
363 365 367 0 
366 370 375 0 
365 370 372 0 
367 368 369 0 
364 372 375 0 
362 366 369 0 
363 366 374 0 
363 364 370 0 
361 367 375 0 
365 371 373 0 
361 362 372 0 
387 388 389 0 
377 383 390 0 
379 383 389 0 
376 383 386 0 
376 381 388 0 
378 384 386 0 
377 379 388 0 
382 385 386 0 
380 384 389 0 
378 380 382 0 
381 385 390 0 
380 385 387 0 
382 383 384 0 
379 387 390 0 
377 381 384 0 
378 381 389 0 
378 379 385 0 
376 382 390 0 
380 386 388 0 
376 377 387 0 
402 403 404 0 
392 398 405 0 
394 398 404 0 
391 398 401 0 
391 396 403 0 
393 399 401 0 
392 394 403 0 
397 400 401 0 
395 399 404 0 
393 395 397 0 
396 400 405 0 
395 400 402 0 
397 398 399 0 
394 402 405 0 
392 396 399 0 
393 396 404 0 
393 394 400 0 
391 397 405 0 
395 401 403 0 
391 392 402 0 
417 418 419 0 
407 413 420 0 
409 413 419 0 
406 413 416 0 
406 411 418 0 
408 414 416 0 
407 409 418 0 
412 415 416 0 
410 414 419 0 
408 410 412 0 
411 415 420 0 
410 415 417 0 
412 413 414 0 
409 417 420 0 
407 411 414 0 
408 411 419 0 
408 409 415 0 
406 412 420 0 
410 416 418 0 
406 407 417 0 
432 433 434 0 
422 428 435 0 
424 428 434 0 
421 428 431 0 
421 426 433 0 
423 429 431 0 
422 424 433 0 
427 430 431 0 
425 429 434 0 
423 425 427 0 
426 430 435 0 
425 430 432 0 
427 428 429 0 
424 432 435 0 
422 426 429 0 
423 426 434 0 
423 424 430 0 
421 427 435 0 
425 431 433 0 
421 422 432 0 
447 448 449 0 
437 443 450 0 
439 443 449 0 
436 443 446 0 
436 441 448 0 
438 444 446 0 
437 439 448 0 
442 445 446 0 
440 444 449 0 
438 440 442 0 
441 445 450 0 
440 445 447 0 
442 443 444 0 
439 447 450 0 
437 441 444 0 
438 441 449 0 
438 439 445 0 
436 442 450 0 
440 446 448 0 
436 437 447 0 
462 463 464 0 
452 458 465 0 
454 458 464 0 
451 458 461 0 
451 456 463 0 
453 459 461 0 
452 454 463 0 
457 460 461 0 
455 459 464 0 
453 455 457 0 
456 460 465 0 
455 460 462 0 
457 458 459 0 
454 462 465 0 
452 456 459 0 
453 456 464 0 
453 454 460 0 
451 457 465 0 
455 461 463 0 
451 452 462 0 
477 478 479 0 
467 473 480 0 
469 473 479 0 
466 473 476 0 
466 471 478 0 
468 474 476 0 
467 469 478 0 
472 475 476 0 
470 474 479 0 
468 470 472 0 
471 475 480 0 
470 475 477 0 
472 473 474 0 
469 477 480 0 
467 471 474 0 
468 471 479 0 
468 469 475 0 
466 472 480 0 
470 476 478 0 
466 467 477 0 
492 493 494 0 
482 488 495 0 
484 488 494 0 
481 488 491 0 
481 486 493 0 
483 489 491 0 
482 484 493 0 
487 490 491 0 
485 489 494 0 
483 485 487 0 
486 490 495 0 
485 490 492 0 
487 488 489 0 
484 492 495 0 
482 486 489 0 
483 486 494 0 
483 484 490 0 
481 487 495 0 
485 491 493 0 
481 482 492 0 
507 508 509 0 
497 503 510 0 
499 503 509 0 
496 503 506 0 
496 501 508 0 
498 504 506 0 
497 499 508 0 
502 505 506 0 
500 504 509 0 
498 500 502 0 
501 505 510 0 
500 505 507 0 
502 503 504 0 
499 507 510 0 
497 501 504 0 
498 501 509 0 
498 499 505 0 
496 502 510 0 
500 506 508 0 
496 497 507 0 
522 523 524 0 
512 518 525 0 
514 518 524 0 
511 518 521 0 
511 516 523 0 
513 519 521 0 
512 514 523 0 
517 520 521 0 
515 519 524 0 
513 515 517 0 
516 520 525 0 
515 520 522 0 
517 518 519 0 
514 522 525 0 
512 516 519 0 
513 516 524 0 
513 514 520 0 
511 517 525 0 
515 521 523 0 
511 512 522 0 
537 538 539 0 
527 533 540 0 
529 533 539 0 
526 533 536 0 
526 531 538 0 
528 534 536 0 
527 529 538 0 
532 535 536 0 
530 534 539 0 
528 530 532 0 
531 535 540 0 
530 535 537 0 
532 533 534 0 
529 537 540 0 
527 531 534 0 
528 531 539 0 
528 529 535 0 
526 532 540 0 
530 536 538 0 
526 527 537 0 
552 553 554 0 
542 548 555 0 
544 548 554 0 
541 548 551 0 
541 546 553 0 
543 549 551 0 
542 544 553 0 
547 550 551 0 
545 549 554 0 
543 545 547 0 
546 550 555 0 
545 550 552 0 
547 548 549 0 
544 552 555 0 
542 546 549 0 
543 546 554 0 
543 544 550 0 
541 547 555 0 
545 551 553 0 
541 542 552 0 
567 568 569 0 
557 563 570 0 
559 563 569 0 
556 563 566 0 
556 561 568 0 
558 564 566 0 
557 559 568 0 
562 565 566 0 
560 564 569 0 
558 560 562 0 
561 565 570 0 
560 565 567 0 
562 563 564 0 
559 567 570 0 
557 561 564 0 
558 561 569 0 
558 559 565 0 
556 562 570 0 
560 566 568 0 
556 557 567 0 
582 583 584 0 
572 578 585 0 
574 578 584 0 
571 578 581 0 
571 576 583 0 
573 579 581 0 
572 574 583 0 
577 580 581 0 
575 579 584 0 
573 575 577 0 
576 580 585 0 
575 580 582 0 
577 578 579 0 
574 582 585 0 
572 576 579 0 
573 576 584 0 
573 574 580 0 
571 577 585 0 
575 581 583 0 
571 572 582 0 
597 598 599 0 
587 593 600 0 
589 593 599 0 
586 593 596 0 
586 591 598 0 
588 594 596 0 
587 589 598 0 
592 595 596 0 
590 594 599 0 
588 590 592 0 
591 595 600 0 
590 595 597 0 
592 593 594 0 
589 597 600 0 
587 591 594 0 
588 591 599 0 
588 589 595 0 
586 592 600 0 
590 596 598 0 
586 587 597 0 
346 361 556 586 
347 362 557 587 
348 363 558 588 
349 364 559 589 
350 365 560 590 
351 366 561 591 
352 367 562 592 
353 368 563 593 
354 369 564 594 
355 370 565 595 
356 371 566 596 
357 372 567 597 
358 373 568 598 
359 374 569 599 
360 375 570 600 
316 391 511 586 
317 392 512 587 
318 393 513 588 
319 394 514 589 
320 395 515 590 
321 396 516 591 
322 397 517 592 
323 398 518 593 
324 399 519 594 
325 400 520 595 
326 401 521 596 
327 402 522 597 
328 403 523 598 
329 404 524 599 
330 405 525 600 
376 436 526 541 
377 437 527 542 
378 438 528 543 
379 439 529 544 
380 440 530 545 
381 441 531 546 
382 442 532 547 
383 443 533 548 
384 444 534 549 
385 445 535 550 
386 446 536 551 
387 447 537 552 
388 448 538 553 
389 449 539 554 
390 450 540 555 
331 391 496 541 
332 392 497 542 
333 393 498 543 
334 394 499 544 
335 395 500 545 
336 396 501 546 
337 397 502 547 
338 398 503 548 
339 399 504 549 
340 400 505 550 
341 401 506 551 
342 402 507 552 
343 403 508 553 
344 404 509 554 
345 405 510 555 
421 436 466 571 
422 437 467 572 
423 438 468 573 
424 439 469 574 
425 440 470 575 
426 441 471 576 
427 442 472 577 
428 443 473 578 
429 444 474 579 
430 445 475 580 
431 446 476 581 
432 447 477 582 
433 448 478 583 
434 449 479 584 
435 450 480 585 
361 451 511 526 
362 452 512 527 
363 453 513 528 
364 454 514 529 
365 455 515 530 
366 456 516 531 
367 457 517 532 
368 458 518 533 
369 459 519 534 
370 460 520 535 
371 461 521 536 
372 462 522 537 
373 463 523 538 
374 464 524 539 
375 465 525 540 
406 436 481 556 
407 437 482 557 
408 438 483 558 
409 439 484 559 
410 440 485 560 
411 441 486 561 
412 442 487 562 
413 443 488 563 
414 444 489 564 
415 445 490 565 
416 446 491 566 
417 447 492 567 
418 448 493 568 
419 449 494 569 
420 450 495 570 
316 331 346 481 
317 332 347 482 
318 333 348 483 
319 334 349 484 
320 335 350 485 
321 336 351 486 
322 337 352 487 
323 338 353 488 
324 339 354 489 
325 340 355 490 
326 341 356 491 
327 342 357 492 
328 343 358 493 
329 344 359 494 
330 345 360 495 
376 421 481 511 
377 422 482 512 
378 423 483 513 
379 424 484 514 
380 425 485 515 
381 426 486 516 
382 427 487 517 
383 428 488 518 
384 429 489 519 
385 430 490 520 
386 431 491 521 
387 432 492 522 
388 433 493 523 
389 434 494 524 
390 435 495 525 
406 451 466 541 
407 452 467 542 
408 453 468 543 
409 454 469 544 
410 455 470 545 
411 456 471 546 
412 457 472 547 
413 458 473 548 
414 459 474 549 
415 460 475 550 
416 461 476 551 
417 462 477 552 
418 463 478 553 
419 464 479 554 
420 465 480 555 
346 376 406 571 
347 377 407 572 
348 378 408 573 
349 379 409 574 
350 380 410 575 
351 381 411 576 
352 382 412 577 
353 383 413 578 
354 384 414 579 
355 385 415 580 
356 386 416 581 
357 387 417 582 
358 388 418 583 
359 389 419 584 
360 390 420 585 
301 466 496 586 
302 467 497 587 
303 468 498 588 
304 469 499 589 
305 470 500 590 
306 471 501 591 
307 472 502 592 
308 473 503 593 
309 474 504 594 
310 475 505 595 
311 476 506 596 
312 477 507 597 
313 478 508 598 
314 479 509 599 
315 480 510 600 
301 361 391 571 
302 362 392 572 
303 363 393 573 
304 364 394 574 
305 365 395 575 
306 366 396 576 
307 367 397 577 
308 368 398 578 
309 369 399 579 
310 370 400 580 
311 371 401 581 
312 372 402 582 
313 373 403 583 
314 374 404 584 
315 375 405 585 
301 331 421 526 
302 332 422 527 
303 333 423 528 
304 334 424 529 
305 335 425 530 
306 336 426 531 
307 337 427 532 
308 338 428 533 
309 339 429 534 
310 340 430 535 
311 341 431 536 
312 342 432 537 
313 343 433 538 
314 344 434 539 
315 345 435 540 
316 451 496 556 
317 452 497 557 
318 453 498 558 
319 454 499 559 
320 455 500 560 
321 456 501 561 
322 457 502 562 
323 458 503 563 
324 459 504 564 
325 460 505 565 
326 461 506 566 
327 462 507 567 
328 463 508 568 
329 464 509 569 
330 465 510 570 
221 241 261 0 
222 242 262 0 
223 243 263 0 
224 244 264 0 
225 245 265 0 
226 246 266 0 
227 247 267 0 
228 248 268 0 
229 249 269 0 
230 250 270 0 
231 251 271 0 
232 252 272 0 
233 253 273 0 
234 254 274 0 
235 255 275 0 
236 256 276 0 
237 257 277 0 
238 258 278 0 
239 259 279 0 
240 260 280 0 
21 141 281 0 
22 142 282 0 
23 143 283 0 
24 144 284 0 
25 145 285 0 
26 146 286 0 
27 147 287 0 
28 148 288 0 
29 149 289 0 
30 150 290 0 
31 151 291 0 
32 152 292 0 
33 153 293 0 
34 154 294 0 
35 155 295 0 
36 156 296 0 
37 157 297 0 
38 158 298 0 
39 159 299 0 
40 160 300 0 
61 141 261 0 
62 142 262 0 
63 143 263 0 
64 144 264 0 
65 145 265 0 
66 146 266 0 
67 147 267 0 
68 148 268 0 
69 149 269 0 
70 150 270 0 
71 151 271 0 
72 152 272 0 
73 153 273 0 
74 154 274 0 
75 155 275 0 
76 156 276 0 
77 157 277 0 
78 158 278 0 
79 159 279 0 
80 160 280 0 
1 141 201 0 
2 142 202 0 
3 143 203 0 
4 144 204 0 
5 145 205 0 
6 146 206 0 
7 147 207 0 
8 148 208 0 
9 149 209 0 
10 150 210 0 
11 151 211 0 
12 152 212 0 
13 153 213 0 
14 154 214 0 
15 155 215 0 
16 156 216 0 
17 157 217 0 
18 158 218 0 
19 159 219 0 
20 160 220 0 
1 101 241 0 
2 102 242 0 
3 103 243 0 
4 104 244 0 
5 105 245 0 
6 106 246 0 
7 107 247 0 
8 108 248 0 
9 109 249 0 
10 110 250 0 
11 111 251 0 
12 112 252 0 
13 113 253 0 
14 114 254 0 
15 115 255 0 
16 116 256 0 
17 117 257 0 
18 118 258 0 
19 119 259 0 
20 120 260 0 
41 161 201 0 
42 162 202 0 
43 163 203 0 
44 164 204 0 
45 165 205 0 
46 166 206 0 
47 167 207 0 
48 168 208 0 
49 169 209 0 
50 170 210 0 
51 171 211 0 
52 172 212 0 
53 173 213 0 
54 174 214 0 
55 175 215 0 
56 176 216 0 
57 177 217 0 
58 178 218 0 
59 179 219 0 
60 180 220 0 
21 61 241 0 
22 62 242 0 
23 63 243 0 
24 64 244 0 
25 65 245 0 
26 66 246 0 
27 67 247 0 
28 68 248 0 
29 69 249 0 
30 70 250 0 
31 71 251 0 
32 72 252 0 
33 73 253 0 
34 74 254 0 
35 75 255 0 
36 76 256 0 
37 77 257 0 
38 78 258 0 
39 79 259 0 
40 80 260 0 
121 181 201 0 
122 182 202 0 
123 183 203 0 
124 184 204 0 
125 185 205 0 
126 186 206 0 
127 187 207 0 
128 188 208 0 
129 189 209 0 
130 190 210 0 
131 191 211 0 
132 192 212 0 
133 193 213 0 
134 194 214 0 
135 195 215 0 
136 196 216 0 
137 197 217 0 
138 198 218 0 
139 199 219 0 
140 200 220 0 
81 161 261 0 
82 162 262 0 
83 163 263 0 
84 164 264 0 
85 165 265 0 
86 166 266 0 
87 167 267 0 
88 168 268 0 
89 169 269 0 
90 170 270 0 
91 171 271 0 
92 172 272 0 
93 173 273 0 
94 174 274 0 
95 175 275 0 
96 176 276 0 
97 177 277 0 
98 178 278 0 
99 179 279 0 
100 180 280 0 
41 81 121 0 
42 82 122 0 
43 83 123 0 
44 84 124 0 
45 85 125 0 
46 86 126 0 
47 87 127 0 
48 88 128 0 
49 89 129 0 
50 90 130 0 
51 91 131 0 
52 92 132 0 
53 93 133 0 
54 94 134 0 
55 95 135 0 
56 96 136 0 
57 97 137 0 
58 98 138 0 
59 99 139 0 
60 100 140 0 
101 181 281 0 
102 182 282 0 
103 183 283 0 
104 184 284 0 
105 185 285 0 
106 186 286 0 
107 187 287 0 
108 188 288 0 
109 189 289 0 
110 190 290 0 
111 191 291 0 
112 192 292 0 
113 193 293 0 
114 194 294 0 
115 195 295 0 
116 196 296 0 
117 197 297 0 
118 198 298 0 
119 199 299 0 
120 200 300 0 
81 181 221 0 
82 182 222 0 
83 183 223 0 
84 184 224 0 
85 185 225 0 
86 186 226 0 
87 187 227 0 
88 188 228 0 
89 189 229 0 
90 190 230 0 
91 191 231 0 
92 192 232 0 
93 193 233 0 
94 194 234 0 
95 195 235 0 
96 196 236 0 
97 197 237 0 
98 198 238 0 
99 199 239 0 
100 200 240 0 
121 141 161 0 
122 142 162 0 
123 143 163 0 
124 144 164 0 
125 145 165 0 
126 146 166 0 
127 147 167 0 
128 148 168 0 
129 149 169 0 
130 150 170 0 
131 151 171 0 
132 152 172 0 
133 153 173 0 
134 154 174 0 
135 155 175 0 
136 156 176 0 
137 157 177 0 
138 158 178 0 
139 159 179 0 
140 160 180 0 
61 221 281 0 
62 222 282 0 
63 223 283 0 
64 224 284 0 
65 225 285 0 
66 226 286 0 
67 227 287 0 
68 228 288 0 
69 229 289 0 
70 230 290 0 
71 231 291 0 
72 232 292 0 
73 233 293 0 
74 234 294 0 
75 235 295 0 
76 236 296 0 
77 237 297 0 
78 238 298 0 
79 239 299 0 
80 240 300 0 
21 101 161 0 
22 102 162 0 
23 103 163 0 
24 104 164 0 
25 105 165 0 
26 106 166 0 
27 107 167 0 
28 108 168 0 
29 109 169 0 
30 110 170 0 
31 111 171 0 
32 112 172 0 
33 113 173 0 
34 114 174 0 
35 115 175 0 
36 116 176 0 
37 117 177 0 
38 118 178 0 
39 119 179 0 
40 120 180 0 
41 101 261 0 
42 102 262 0 
43 103 263 0 
44 104 264 0 
45 105 265 0 
46 106 266 0 
47 107 267 0 
48 108 268 0 
49 109 269 0 
50 110 270 0 
51 111 271 0 
52 112 272 0 
53 113 273 0 
54 114 274 0 
55 115 275 0 
56 116 276 0 
57 117 277 0 
58 118 278 0 
59 119 279 0 
60 120 280 0 
41 61 181 0 
42 62 182 0 
43 63 183 0 
44 64 184 0 
45 65 185 0 
46 66 186 0 
47 67 187 0 
48 68 188 0 
49 69 189 0 
50 70 190 0 
51 71 191 0 
52 72 192 0 
53 73 193 0 
54 74 194 0 
55 75 195 0 
56 76 196 0 
57 77 197 0 
58 78 198 0 
59 79 199 0 
60 80 200 0 
1 121 281 0 
2 122 282 0 
3 123 283 0 
4 124 284 0 
5 125 285 0 
6 126 286 0 
7 127 287 0 
8 128 288 0 
9 129 289 0 
10 130 290 0 
11 131 291 0 
12 132 292 0 
13 133 293 0 
14 134 294 0 
15 135 295 0 
16 136 296 0 
17 137 297 0 
18 138 298 0 
19 139 299 0 
20 140 300 0 
81 201 241 0 
82 202 242 0 
83 203 243 0 
84 204 244 0 
85 205 245 0 
86 206 246 0 
87 207 247 0 
88 208 248 0 
89 209 249 0 
90 210 250 0 
91 211 251 0 
92 212 252 0 
93 213 253 0 
94 214 254 0 
95 215 255 0 
96 216 256 0 
97 217 257 0 
98 218 258 0 
99 219 259 0 
100 220 260 0 
1 21 221 0 
2 22 222 0 
3 23 223 0 
4 24 224 0 
5 25 225 0 
6 26 226 0 
7 27 227 0 
8 28 228 0 
9 29 229 0 
10 30 230 0 
11 31 231 0 
12 32 232 0 
13 33 233 0 
14 34 234 0 
15 35 235 0 
16 36 236 0 
17 37 237 0 
18 38 238 0 
19 39 239 0 
20 40 240 0 
4 5 18 20 
2 7 15 20 
6 10 16 17 
3 7 14 17 
9 10 12 19 
5 11 15 16 
8 10 13 18 
2 3 4 13 
6 9 13 15 
8 11 12 17 
4 6 8 19 
1 12 14 20 
1 5 7 19 
1 3 9 16 
2 11 14 18 
24 25 38 40 
22 27 35 40 
26 30 36 37 
23 27 34 37 
29 30 32 39 
25 31 35 36 
28 30 33 38 
22 23 24 33 
26 29 33 35 
28 31 32 37 
24 26 28 39 
21 32 34 40 
21 25 27 39 
21 23 29 36 
22 31 34 38 
44 45 58 60 
42 47 55 60 
46 50 56 57 
43 47 54 57 
49 50 52 59 
45 51 55 56 
48 50 53 58 
42 43 44 53 
46 49 53 55 
48 51 52 57 
44 46 48 59 
41 52 54 60 
41 45 47 59 
41 43 49 56 
42 51 54 58 
64 65 78 80 
62 67 75 80 
66 70 76 77 
63 67 74 77 
69 70 72 79 
65 71 75 76 
68 70 73 78 
62 63 64 73 
66 69 73 75 
68 71 72 77 
64 66 68 79 
61 72 74 80 
61 65 67 79 
61 63 69 76 
62 71 74 78 
84 85 98 100 
82 87 95 100 
86 90 96 97 
83 87 94 97 
89 90 92 99 
85 91 95 96 
88 90 93 98 
82 83 84 93 
86 89 93 95 
88 91 92 97 
84 86 88 99 
81 92 94 100 
81 85 87 99 
81 83 89 96 
82 91 94 98 
104 105 118 120 
102 107 115 120 
106 110 116 117 
103 107 114 117 
109 110 112 119 
105 111 115 116 
108 110 113 118 
102 103 104 113 
106 109 113 115 
108 111 112 117 
104 106 108 119 
101 112 114 120 
101 105 107 119 
101 103 109 116 
102 111 114 118 
124 125 138 140 
122 127 135 140 
126 130 136 137 
123 127 134 137 
129 130 132 139 
125 131 135 136 
128 130 133 138 
122 123 124 133 
126 129 133 135 
128 131 132 137 
124 126 128 139 
121 132 134 140 
121 125 127 139 
121 123 129 136 
122 131 134 138 
144 145 158 160 
142 147 155 160 
146 150 156 157 
143 147 154 157 
149 150 152 159 
145 151 155 156 
148 150 153 158 
142 143 144 153 
146 149 153 155 
148 151 152 157 
144 146 148 159 
141 152 154 160 
141 145 147 159 
141 143 149 156 
142 151 154 158 
164 165 178 180 
162 167 175 180 
166 170 176 177 
163 167 174 177 
169 170 172 179 
165 171 175 176 
168 170 173 178 
162 163 164 173 
166 169 173 175 
168 171 172 177 
164 166 168 179 
161 172 174 180 
161 165 167 179 
161 163 169 176 
162 171 174 178 
184 185 198 200 
182 187 195 200 
186 190 196 197 
183 187 194 197 
189 190 192 199 
185 191 195 196 
188 190 193 198 
182 183 184 193 
186 189 193 195 
188 191 192 197 
184 186 188 199 
181 192 194 200 
181 185 187 199 
181 183 189 196 
182 191 194 198 
204 205 218 220 
202 207 215 220 
206 210 216 217 
203 207 214 217 
209 210 212 219 
205 211 215 216 
208 210 213 218 
202 203 204 213 
206 209 213 215 
208 211 212 217 
204 206 208 219 
201 212 214 220 
201 205 207 219 
201 203 209 216 
202 211 214 218 
224 225 238 240 
222 227 235 240 
226 230 236 237 
223 227 234 237 
229 230 232 239 
225 231 235 236 
228 230 233 238 
222 223 224 233 
226 229 233 235 
228 231 232 237 
224 226 228 239 
221 232 234 240 
221 225 227 239 
221 223 229 236 
222 231 234 238 
244 245 258 260 
242 247 255 260 
246 250 256 257 
243 247 254 257 
249 250 252 259 
245 251 255 256 
248 250 253 258 
242 243 244 253 
246 249 253 255 
248 251 252 257 
244 246 248 259 
241 252 254 260 
241 245 247 259 
241 243 249 256 
242 251 254 258 
264 265 278 280 
262 267 275 280 
266 270 276 277 
263 267 274 277 
269 270 272 279 
265 271 275 276 
268 270 273 278 
262 263 264 273 
266 269 273 275 
268 271 272 277 
264 266 268 279 
261 272 274 280 
261 265 267 279 
261 263 269 276 
262 271 274 278 
284 285 298 300 
282 287 295 300 
286 290 296 297 
283 287 294 297 
289 290 292 299 
285 291 295 296 
288 290 293 298 
282 283 284 293 
286 289 293 295 
288 291 292 297 
284 286 288 299 
281 292 294 300 
281 285 287 299 
281 283 289 296 
282 291 294 298 
686 706 966 1006 1037 1038 1039 
687 707 967 1007 1027 1033 1040 
688 708 968 1008 1029 1033 1039 
689 709 969 1009 1026 1033 1036 
690 710 970 1010 1026 1031 1038 
691 711 971 1011 1028 1034 1036 
692 712 972 1012 1027 1029 1038 
693 713 973 1013 1032 1035 1036 
694 714 974 1014 1030 1034 1039 
695 715 975 1015 1028 1030 1032 
696 716 976 1016 1031 1035 1040 
697 717 977 1017 1030 1035 1037 
698 718 978 1018 1032 1033 1034 
699 719 979 1019 1029 1037 1040 
700 720 980 1020 1027 1031 1034 
701 721 981 1021 1028 1031 1039 
702 722 982 1022 1028 1029 1035 
703 723 983 1023 1026 1032 1040 
704 724 984 1024 1030 1036 1038 
705 725 985 1025 1026 1027 1037 
646 746 906 1006 1052 1053 1054 
647 747 907 1007 1042 1048 1055 
648 748 908 1008 1044 1048 1054 
649 749 909 1009 1041 1048 1051 
650 750 910 1010 1041 1046 1053 
651 751 911 1011 1043 1049 1051 
652 752 912 1012 1042 1044 1053 
653 753 913 1013 1047 1050 1051 
654 754 914 1014 1045 1049 1054 
655 755 915 1015 1043 1045 1047 
656 756 916 1016 1046 1050 1055 
657 757 917 1017 1045 1050 1052 
658 758 918 1018 1047 1048 1049 
659 759 919 1019 1044 1052 1055 
660 760 920 1020 1042 1046 1049 
661 761 921 1021 1043 1046 1054 
662 762 922 1022 1043 1044 1050 
663 763 923 1023 1041 1047 1055 
664 764 924 1024 1045 1051 1053 
665 765 925 1025 1041 1042 1052 
726 806 926 946 1067 1068 1069 
727 807 927 947 1057 1063 1070 
728 808 928 948 1059 1063 1069 
729 809 929 949 1056 1063 1066 
730 810 930 950 1056 1061 1068 
731 811 931 951 1058 1064 1066 
732 812 932 952 1057 1059 1068 
733 813 933 953 1062 1065 1066 
734 814 934 954 1060 1064 1069 
735 815 935 955 1058 1060 1062 
736 816 936 956 1061 1065 1070 
737 817 937 957 1060 1065 1067 
738 818 938 958 1062 1063 1064 
739 819 939 959 1059 1067 1070 
740 820 940 960 1057 1061 1064 
741 821 941 961 1058 1061 1069 
742 822 942 962 1058 1059 1065 
743 823 943 963 1056 1062 1070 
744 824 944 964 1060 1066 1068 
745 825 945 965 1056 1057 1067 
666 746 886 946 1082 1083 1084 
667 747 887 947 1072 1078 1085 
668 748 888 948 1074 1078 1084 
669 749 889 949 1071 1078 1081 
670 750 890 950 1071 1076 1083 
671 751 891 951 1073 1079 1081 
672 752 892 952 1072 1074 1083 
673 753 893 953 1077 1080 1081 
674 754 894 954 1075 1079 1084 
675 755 895 955 1073 1075 1077 
676 756 896 956 1076 1080 1085 
677 757 897 957 1075 1080 1082 
678 758 898 958 1077 1078 1079 
679 759 899 959 1074 1082 1085 
680 760 900 960 1072 1076 1079 
681 761 901 961 1073 1076 1084 
682 762 902 962 1073 1074 1080 
683 763 903 963 1071 1077 1085 
684 764 904 964 1075 1081 1083 
685 765 905 965 1071 1072 1082 
786 806 846 986 1097 1098 1099 
787 807 847 987 1087 1093 1100 
788 808 848 988 1089 1093 1099 
789 809 849 989 1086 1093 1096 
790 810 850 990 1086 1091 1098 
791 811 851 991 1088 1094 1096 
792 812 852 992 1087 1089 1098 
793 813 853 993 1092 1095 1096 
794 814 854 994 1090 1094 1099 
795 815 855 995 1088 1090 1092 
796 816 856 996 1091 1095 1100 
797 817 857 997 1090 1095 1097 
798 818 858 998 1092 1093 1094 
799 819 859 999 1089 1097 1100 
800 820 860 1000 1087 1091 1094 
801 821 861 1001 1088 1091 1099 
802 822 862 1002 1088 1089 1095 
803 823 863 1003 1086 1092 1100 
804 824 864 1004 1090 1096 1098 
805 825 865 1005 1086 1087 1097 
706 826 906 926 1112 1113 1114 
707 827 907 927 1102 1108 1115 
708 828 908 928 1104 1108 1114 
709 829 909 929 1101 1108 1111 
710 830 910 930 1101 1106 1113 
711 831 911 931 1103 1109 1111 
712 832 912 932 1102 1104 1113 
713 833 913 933 1107 1110 1111 
714 834 914 934 1105 1109 1114 
715 835 915 935 1103 1105 1107 
716 836 916 936 1106 1110 1115 
717 837 917 937 1105 1110 1112 
718 838 918 938 1107 1108 1109 
719 839 919 939 1104 1112 1115 
720 840 920 940 1102 1106 1109 
721 841 921 941 1103 1106 1114 
722 842 922 942 1103 1104 1110 
723 843 923 943 1101 1107 1115 
724 844 924 944 1105 1111 1113 
725 845 925 945 1101 1102 1112 
766 806 866 966 1127 1128 1129 
767 807 867 967 1117 1123 1130 
768 808 868 968 1119 1123 1129 
769 809 869 969 1116 1123 1126 
770 810 870 970 1116 1121 1128 
771 811 871 971 1118 1124 1126 
772 812 872 972 1117 1119 1128 
773 813 873 973 1122 1125 1126 
774 814 874 974 1120 1124 1129 
775 815 875 975 1118 1120 1122 
776 816 876 976 1121 1125 1130 
777 817 877 977 1120 1125 1127 
778 818 878 978 1122 1123 1124 
779 819 879 979 1119 1127 1130 
780 820 880 980 1117 1121 1124 
781 821 881 981 1118 1121 1129 
782 822 882 982 1118 1119 1125 
783 823 883 983 1116 1122 1130 
784 824 884 984 1120 1126 1128 
785 825 885 985 1116 1117 1127 
646 666 686 866 1142 1143 1144 
647 667 687 867 1132 1138 1145 
648 668 688 868 1134 1138 1144 
649 669 689 869 1131 1138 1141 
650 670 690 870 1131 1136 1143 
651 671 691 871 1133 1139 1141 
652 672 692 872 1132 1134 1143 
653 673 693 873 1137 1140 1141 
654 674 694 874 1135 1139 1144 
655 675 695 875 1133 1135 1137 
656 676 696 876 1136 1140 1145 
657 677 697 877 1135 1140 1142 
658 678 698 878 1137 1138 1139 
659 679 699 879 1134 1142 1145 
660 680 700 880 1132 1136 1139 
661 681 701 881 1133 1136 1144 
662 682 702 882 1133 1134 1140 
663 683 703 883 1131 1137 1145 
664 684 704 884 1135 1141 1143 
665 685 705 885 1131 1132 1142 
726 786 866 906 1157 1158 1159 
727 787 867 907 1147 1153 1160 
728 788 868 908 1149 1153 1159 
729 789 869 909 1146 1153 1156 
730 790 870 910 1146 1151 1158 
731 791 871 911 1148 1154 1156 
732 792 872 912 1147 1149 1158 
733 793 873 913 1152 1155 1156 
734 794 874 914 1150 1154 1159 
735 795 875 915 1148 1150 1152 
736 796 876 916 1151 1155 1160 
737 797 877 917 1150 1155 1157 
738 798 878 918 1152 1153 1154 
739 799 879 919 1149 1157 1160 
740 800 880 920 1147 1151 1154 
741 801 881 921 1148 1151 1159 
742 802 882 922 1148 1149 1155 
743 803 883 923 1146 1152 1160 
744 804 884 924 1150 1156 1158 
745 805 885 925 1146 1147 1157 
766 826 846 946 1172 1173 1174 
767 827 847 947 1162 1168 1175 
768 828 848 948 1164 1168 1174 
769 829 849 949 1161 1168 1171 
770 830 850 950 1161 1166 1173 
771 831 851 951 1163 1169 1171 
772 832 852 952 1162 1164 1173 
773 833 853 953 1167 1170 1171 
774 834 854 954 1165 1169 1174 
775 835 855 955 1163 1165 1167 
776 836 856 956 1166 1170 1175 
777 837 857 957 1165 1170 1172 
778 838 858 958 1167 1168 1169 
779 839 859 959 1164 1172 1175 
780 840 860 960 1162 1166 1169 
781 841 861 961 1163 1166 1174 
782 842 862 962 1163 1164 1170 
783 843 863 963 1161 1167 1175 
784 844 864 964 1165 1171 1173 
785 845 865 965 1161 1162 1172 
686 726 766 986 1187 1188 1189 
687 727 767 987 1177 1183 1190 
688 728 768 988 1179 1183 1189 
689 729 769 989 1176 1183 1186 
690 730 770 990 1176 1181 1188 
691 731 771 991 1178 1184 1186 
692 732 772 992 1177 1179 1188 
693 733 773 993 1182 1185 1186 
694 734 774 994 1180 1184 1189 
695 735 775 995 1178 1180 1182 
696 736 776 996 1181 1185 1190 
697 737 777 997 1180 1185 1187 
698 738 778 998 1182 1183 1184 
699 739 779 999 1179 1187 1190 
700 740 780 1000 1177 1181 1184 
701 741 781 1001 1178 1181 1189 
702 742 782 1002 1178 1179 1185 
703 743 783 1003 1176 1182 1190 
704 744 784 1004 1180 1186 1188 
705 745 785 1005 1176 1177 1187 
626 846 886 1006 1202 1203 1204 
627 847 887 1007 1192 1198 1205 
628 848 888 1008 1194 1198 1204 
629 849 889 1009 1191 1198 1201 
630 850 890 1010 1191 1196 1203 
631 851 891 1011 1193 1199 1201 
632 852 892 1012 1192 1194 1203 
633 853 893 1013 1197 1200 1201 
634 854 894 1014 1195 1199 1204 
635 855 895 1015 1193 1195 1197 
636 856 896 1016 1196 1200 1205 
637 857 897 1017 1195 1200 1202 
638 858 898 1018 1197 1198 1199 
639 859 899 1019 1194 1202 1205 
640 860 900 1020 1192 1196 1199 
641 861 901 1021 1193 1196 1204 
642 862 902 1022 1193 1194 1200 
643 863 903 1023 1191 1197 1205 
644 864 904 1024 1195 1201 1203 
645 865 905 1025 1191 1192 1202 
626 706 746 986 1217 1218 1219 
627 707 747 987 1207 1213 1220 
628 708 748 988 1209 1213 1219 
629 709 749 989 1206 1213 1216 
630 710 750 990 1206 1211 1218 
631 711 751 991 1208 1214 1216 
632 712 752 992 1207 1209 1218 
633 713 753 993 1212 1215 1216 
634 714 754 994 1210 1214 1219 
635 715 755 995 1208 1210 1212 
636 716 756 996 1211 1215 1220 
637 717 757 997 1210 1215 1217 
638 718 758 998 1212 1213 1214 
639 719 759 999 1209 1217 1220 
640 720 760 1000 1207 1211 1214 
641 721 761 1001 1208 1211 1219 
642 722 762 1002 1208 1209 1215 
643 723 763 1003 1206 1212 1220 
644 724 764 1004 1210 1216 1218 
645 725 765 1005 1206 1207 1217 
626 666 786 926 1232 1233 1234 
627 667 787 927 1222 1228 1235 
628 668 788 928 1224 1228 1234 
629 669 789 929 1221 1228 1231 
630 670 790 930 1221 1226 1233 
631 671 791 931 1223 1229 1231 
632 672 792 932 1222 1224 1233 
633 673 793 933 1227 1230 1231 
634 674 794 934 1225 1229 1234 
635 675 795 935 1223 1225 1227 
636 676 796 936 1226 1230 1235 
637 677 797 937 1225 1230 1232 
638 678 798 938 1227 1228 1229 
639 679 799 939 1224 1232 1235 
640 680 800 940 1222 1226 1229 
641 681 801 941 1223 1226 1234 
642 682 802 942 1223 1224 1230 
643 683 803 943 1221 1227 1235 
644 684 804 944 1225 1231 1233 
645 685 805 945 1221 1222 1232 
646 826 886 966 1247 1248 1249 
647 827 887 967 1237 1243 1250 
648 828 888 968 1239 1243 1249 
649 829 889 969 1236 1243 1246 
650 830 890 970 1236 1241 1248 
651 831 891 971 1238 1244 1246 
652 832 892 972 1237 1239 1248 
653 833 893 973 1242 1245 1246 
654 834 894 974 1240 1244 1249 
655 835 895 975 1238 1240 1242 
656 836 896 976 1241 1245 1250 
657 837 897 977 1240 1245 1247 
658 838 898 978 1242 1243 1244 
659 839 899 979 1239 1247 1250 
660 840 900 980 1237 1241 1244 
661 841 901 981 1238 1241 1249 
662 842 902 982 1238 1239 1245 
663 843 903 983 1236 1242 1250 
664 844 904 984 1240 1246 1248 
665 845 905 985 1236 1237 1247 
4 5 18 20 566 581 596 
2 7 15 20 567 582 597 
6 10 16 17 568 583 598 
3 7 14 17 569 584 599 
9 10 12 19 570 585 600 
5 11 15 16 571 586 601 
8 10 13 18 572 587 602 
2 3 4 13 573 588 603 
6 9 13 15 574 589 604 
8 11 12 17 575 590 605 
4 6 8 19 576 591 606 
1 12 14 20 577 592 607 
1 5 7 19 578 593 608 
1 3 9 16 579 594 609 
2 11 14 18 580 595 610 
24 25 38 40 416 506 611 
22 27 35 40 417 507 612 
26 30 36 37 418 508 613 
23 27 34 37 419 509 614 
29 30 32 39 420 510 615 
25 31 35 36 421 511 616 
28 30 33 38 422 512 617 
22 23 24 33 423 513 618 
26 29 33 35 424 514 619 
28 31 32 37 425 515 620 
24 26 28 39 426 516 621 
21 32 34 40 427 517 622 
21 25 27 39 428 518 623 
21 23 29 36 429 519 624 
22 31 34 38 430 520 625 
44 45 58 60 446 506 596 
42 47 55 60 447 507 597 
46 50 56 57 448 508 598 
43 47 54 57 449 509 599 
49 50 52 59 450 510 600 
45 51 55 56 451 511 601 
48 50 53 58 452 512 602 
42 43 44 53 453 513 603 
46 49 53 55 454 514 604 
48 51 52 57 455 515 605 
44 46 48 59 456 516 606 
41 52 54 60 457 517 607 
41 45 47 59 458 518 608 
41 43 49 56 459 519 609 
42 51 54 58 460 520 610 
64 65 78 80 401 506 551 
62 67 75 80 402 507 552 
66 70 76 77 403 508 553 
63 67 74 77 404 509 554 
69 70 72 79 405 510 555 
65 71 75 76 406 511 556 
68 70 73 78 407 512 557 
62 63 64 73 408 513 558 
66 69 73 75 409 514 559 
68 71 72 77 410 515 560 
64 66 68 79 411 516 561 
61 72 74 80 412 517 562 
61 65 67 79 413 518 563 
61 63 69 76 414 519 564 
62 71 74 78 415 520 565 
84 85 98 100 401 476 581 
82 87 95 100 402 477 582 
86 90 96 97 403 478 583 
83 87 94 97 404 479 584 
89 90 92 99 405 480 585 
85 91 95 96 406 481 586 
88 90 93 98 407 482 587 
82 83 84 93 408 483 588 
86 89 93 95 409 484 589 
88 91 92 97 410 485 590 
84 86 88 99 411 486 591 
81 92 94 100 412 487 592 
81 85 87 99 413 488 593 
81 83 89 96 414 489 594 
82 91 94 98 415 490 595 
104 105 118 120 431 521 551 
102 107 115 120 432 522 552 
106 110 116 117 433 523 553 
103 107 114 117 434 524 554 
109 110 112 119 435 525 555 
105 111 115 116 436 526 556 
108 110 113 118 437 527 557 
102 103 104 113 438 528 558 
106 109 113 115 439 529 559 
108 111 112 117 440 530 560 
104 106 108 119 441 531 561 
101 112 114 120 442 532 562 
101 105 107 119 443 533 563 
101 103 109 116 444 534 564 
102 111 114 118 445 535 565 
124 125 138 140 416 446 581 
122 127 135 140 417 447 582 
126 130 136 137 418 448 583 
123 127 134 137 419 449 584 
129 130 132 139 420 450 585 
125 131 135 136 421 451 586 
128 130 133 138 422 452 587 
122 123 124 133 423 453 588 
126 129 133 135 424 454 589 
128 131 132 137 425 455 590 
124 126 128 139 426 456 591 
121 132 134 140 427 457 592 
121 125 127 139 428 458 593 
121 123 129 136 429 459 594 
122 131 134 138 430 460 595 
144 145 158 160 491 536 551 
142 147 155 160 492 537 552 
146 150 156 157 493 538 553 
143 147 154 157 494 539 554 
149 150 152 159 495 540 555 
145 151 155 156 496 541 556 
148 150 153 158 497 542 557 
142 143 144 153 498 543 558 
146 149 153 155 499 544 559 
148 151 152 157 500 545 560 
144 146 148 159 501 546 561 
141 152 154 160 502 547 562 
141 145 147 159 503 548 563 
141 143 149 156 504 549 564 
142 151 154 158 505 550 565 
164 165 178 180 461 521 596 
162 167 175 180 462 522 597 
166 170 176 177 463 523 598 
163 167 174 177 464 524 599 
169 170 172 179 465 525 600 
165 171 175 176 466 526 601 
168 170 173 178 467 527 602 
162 163 164 173 468 528 603 
166 169 173 175 469 529 604 
168 171 172 177 470 530 605 
164 166 168 179 471 531 606 
161 172 174 180 472 532 607 
161 165 167 179 473 533 608 
161 163 169 176 474 534 609 
162 171 174 178 475 535 610 
184 185 198 200 431 461 491 
182 187 195 200 432 462 492 
186 190 196 197 433 463 493 
183 187 194 197 434 464 494 
189 190 192 199 435 465 495 
185 191 195 196 436 466 496 
188 190 193 198 437 467 497 
182 183 184 193 438 468 498 
186 189 193 195 439 469 499 
188 191 192 197 440 470 500 
184 186 188 199 441 471 501 
181 192 194 200 442 472 502 
181 185 187 199 443 473 503 
181 183 189 196 444 474 504 
182 191 194 198 445 475 505 
204 205 218 220 476 536 611 
202 207 215 220 477 537 612 
206 210 216 217 478 538 613 
203 207 214 217 479 539 614 
209 210 212 219 480 540 615 
205 211 215 216 481 541 616 
208 210 213 218 482 542 617 
202 203 204 213 483 543 618 
206 209 213 215 484 544 619 
208 211 212 217 485 545 620 
204 206 208 219 486 546 621 
201 212 214 220 487 547 622 
201 205 207 219 488 548 623 
201 203 209 216 489 549 624 
202 211 214 218 490 550 625 
224 225 238 240 461 536 566 
222 227 235 240 462 537 567 
226 230 236 237 463 538 568 
223 227 234 237 464 539 569 
229 230 232 239 465 540 570 
225 231 235 236 466 541 571 
228 230 233 238 467 542 572 
222 223 224 233 468 543 573 
226 229 233 235 469 544 574 
228 231 232 237 470 545 575 
224 226 228 239 471 546 576 
221 232 234 240 472 547 577 
221 225 227 239 473 548 578 
221 223 229 236 474 549 579 
222 231 234 238 475 550 580 
244 245 258 260 491 506 521 
242 247 255 260 492 507 522 
246 250 256 257 493 508 523 
243 247 254 257 494 509 524 
249 250 252 259 495 510 525 
245 251 255 256 496 511 526 
248 250 253 258 497 512 527 
242 243 244 253 498 513 528 
246 249 253 255 499 514 529 
248 251 252 257 500 515 530 
244 246 248 259 501 516 531 
241 252 254 260 502 517 532 
241 245 247 259 503 518 533 
241 243 249 256 504 519 534 
242 251 254 258 505 520 535 
264 265 278 280 446 566 611 
262 267 275 280 447 567 612 
266 270 276 277 448 568 613 
263 267 274 277 449 569 614 
269 270 272 279 450 570 615 
265 271 275 276 451 571 616 
268 270 273 278 452 572 617 
262 263 264 273 453 573 618 
266 269 273 275 454 574 619 
268 271 272 277 455 575 620 
264 266 268 279 456 576 621 
261 272 274 280 457 577 622 
261 265 267 279 458 578 623 
261 263 269 276 459 579 624 
262 271 274 278 460 580 625 
284 285 298 300 416 476 521 
282 287 295 300 417 477 522 
286 290 296 297 418 478 523 
283 287 294 297 419 479 524 
289 290 292 299 420 480 525 
285 291 295 296 421 481 526 
288 290 293 298 422 482 527 
282 283 284 293 423 483 528 
286 289 293 295 424 484 529 
288 291 292 297 425 485 530 
284 286 288 299 426 486 531 
281 292 294 300 427 487 532 
281 285 287 299 428 488 533 
281 283 289 296 429 489 534 
282 291 294 298 430 490 535 
304 305 318 320 431 476 596 
302 307 315 320 432 477 597 
306 310 316 317 433 478 598 
303 307 314 317 434 479 599 
309 310 312 319 435 480 600 
305 311 315 316 436 481 601 
308 310 313 318 437 482 602 
302 303 304 313 438 483 603 
306 309 313 315 439 484 604 
308 311 312 317 440 485 605 
304 306 308 319 441 486 606 
301 312 314 320 442 487 607 
301 305 307 319 443 488 608 
301 303 309 316 444 489 609 
302 311 314 318 445 490 610 
324 325 338 340 431 446 536 
322 327 335 340 432 447 537 
326 330 336 337 433 448 538 
323 327 334 337 434 449 539 
329 330 332 339 435 450 540 
325 331 335 336 436 451 541 
328 330 333 338 437 452 542 
322 323 324 333 438 453 543 
326 329 333 335 439 454 544 
328 331 332 337 440 455 545 
324 326 328 339 441 456 546 
321 332 334 340 442 457 547 
321 325 327 339 443 458 548 
321 323 329 336 444 459 549 
322 331 334 338 445 460 550 
344 345 358 360 401 491 611 
342 347 355 360 402 492 612 
346 350 356 357 403 493 613 
343 347 354 357 404 494 614 
349 350 352 359 405 495 615 
345 351 355 356 406 496 616 
348 350 353 358 407 497 617 
342 343 344 353 408 498 618 
346 349 353 355 409 499 619 
348 351 352 357 410 500 620 
344 346 348 359 411 501 621 
341 352 354 360 412 502 622 
341 345 347 359 413 503 623 
341 343 349 356 414 504 624 
342 351 354 358 415 505 625 
364 365 378 380 461 551 581 
362 367 375 380 462 552 582 
366 370 376 377 463 553 583 
363 367 374 377 464 554 584 
369 370 372 379 465 555 585 
365 371 375 376 466 556 586 
368 370 373 378 467 557 587 
362 363 364 373 468 558 588 
366 369 373 375 469 559 589 
368 371 372 377 470 560 590 
364 366 368 379 471 561 591 
361 372 374 380 472 562 592 
361 365 367 379 473 563 593 
361 363 369 376 474 564 594 
362 371 374 378 475 565 595 
384 385 398 400 401 416 566 
382 387 395 400 402 417 567 
386 390 396 397 403 418 568 
383 387 394 397 404 419 569 
389 390 392 399 405 420 570 
385 391 395 396 406 421 571 
388 390 393 398 407 422 572 
382 383 384 393 408 423 573 
386 389 393 395 409 424 574 
388 391 392 397 410 425 575 
384 386 388 399 411 426 576 
381 392 394 400 412 427 577 
381 385 387 399 413 428 578 
381 383 389 396 414 429 579 
382 391 394 398 415 430 580 
