65 60
6 6
2 2 2 2 2 4 4 4 4 4 3 3 3 3 3 4 4 4 4 4 6 6 6 6 6 5 5 5 5 5 3 3 3 3 3 5 5 5 5 5 4 4 4 4 4 6 6 6 6 6 6 6 6 6 6 6 6 6 6 6 6 6 6 6 6 
4 4 4 4 4 4 4 4 4 4 6 6 6 6 6 6 6 6 6 6 5 5 5 5 5 5 5 5 5 5 4 4 4 4 4 6 6 6 6 6 5 5 5 5 5 4 4 4 4 4 6 6 6 6 6 5 5 5 5 5 
1 1	31 2	0 0	0 0	0 0	0 0	
2 1	32 2	0 0	0 0	0 0	0 0	
3 1	33 2	0 0	0 0	0 0	0 0	
4 1	34 2	0 0	0 0	0 0	0 0	
5 1	35 2	0 0	0 0	0 0	0 0	
1 1	5 1	6 1	36 2	0 0	0 0	
1 1	2 1	7 1	37 2	0 0	0 0	
2 1	3 1	8 1	38 2	0 0	0 0	
3 1	4 1	9 1	39 2	0 0	0 0	
4 1	5 1	10 1	40 2	0 0	0 0	
6 1	10 1	41 2	0 0	0 0	0 0	
6 1	7 1	42 2	0 0	0 0	0 0	
7 1	8 1	43 2	0 0	0 0	0 0	
8 1	9 1	44 2	0 0	0 0	0 0	
9 1	10 1	45 2	0 0	0 0	0 0	
11 1	31 2	35 2	46 2	0 0	0 0	
12 1	31 2	32 2	47 2	0 0	0 0	
13 1	32 2	33 2	48 2	0 0	0 0	
14 1	33 2	34 2	49 2	0 0	0 0	
15 1	34 2	35 2	50 2	0 0	0 0	
11 1	15 1	16 1	36 2	40 2	51 2	
11 1	12 1	17 1	36 2	37 2	52 2	
12 1	13 1	18 1	37 2	38 2	53 2	
13 1	14 1	19 1	38 2	39 2	54 2	
14 1	15 1	20 1	39 2	40 2	55 2	
16 1	20 1	41 2	45 2	56 2	0 0	
16 1	17 1	41 2	42 2	57 2	0 0	
17 1	18 1	42 2	43 2	58 2	0 0	
18 1	19 1	43 2	44 2	59 2	0 0	
19 1	20 1	44 2	45 2	60 2	0 0	
21 1	46 2	50 2	0 0	0 0	0 0	
22 1	46 2	47 2	0 0	0 0	0 0	
23 1	47 2	48 2	0 0	0 0	0 0	
24 1	48 2	49 2	0 0	0 0	0 0	
25 1	49 2	50 2	0 0	0 0	0 0	
21 1	25 1	26 1	51 2	55 2	0 0	
21 1	22 1	27 1	51 2	52 2	0 0	
22 1	23 1	28 1	52 2	53 2	0 0	
23 1	24 1	29 1	53 2	54 2	0 0	
24 1	25 1	30 1	54 2	55 2	0 0	
26 1	30 1	56 2	60 2	0 0	0 0	
26 1	27 1	56 2	57 2	0 0	0 0	
27 1	28 1	57 2	58 2	0 0	0 0	
28 1	29 1	58 2	59 2	0 0	0 0	
29 1	30 1	59 2	60 2	0 0	0 0	
1 1	11 1	12 1	31 2	36 2	37 2	
2 1	12 1	13 1	32 2	37 2	38 2	
3 1	13 1	14 1	33 2	38 2	39 2	
4 1	14 1	15 1	34 2	39 2	40 2	
5 1	11 1	15 1	35 2	36 2	40 2	
6 1	16 1	17 1	36 2	41 2	42 2	
7 1	17 1	18 1	37 2	42 2	43 2	
8 1	18 1	19 1	38 2	43 2	44 2	
9 1	19 1	20 1	39 2	44 2	45 2	
10 1	16 1	20 1	40 2	41 2	45 2	
11 1	21 1	22 1	46 2	51 2	52 2	
12 1	22 1	23 1	47 2	52 2	53 2	
13 1	23 1	24 1	48 2	53 2	54 2	
14 1	24 1	25 1	49 2	54 2	55 2	
15 1	21 1	25 1	50 2	51 2	55 2	
16 1	26 1	27 1	51 2	56 2	57 2	
17 1	27 1	28 1	52 2	57 2	58 2	
18 1	28 1	29 1	53 2	58 2	59 2	
19 1	29 1	30 1	54 2	59 2	60 2	
20 1	26 1	30 1	55 2	56 2	60 2	
1 1	6 1	7 1	46 1	0 0	0 0	
2 1	7 1	8 1	47 1	0 0	0 0	
3 1	8 1	9 1	48 1	0 0	0 0	
4 1	9 1	10 1	49 1	0 0	0 0	
5 1	6 1	10 1	50 1	0 0	0 0	
6 1	11 1	12 1	51 1	0 0	0 0	
7 1	12 1	13 1	52 1	0 0	0 0	
8 1	13 1	14 1	53 1	0 0	0 0	
9 1	14 1	15 1	54 1	0 0	0 0	
10 1	11 1	15 1	55 1	0 0	0 0	
16 1	21 1	22 1	46 1	50 1	56 1	
17 1	22 1	23 1	46 1	47 1	57 1	
18 1	23 1	24 1	47 1	48 1	58 1	
19 1	24 1	25 1	48 1	49 1	59 1	
20 1	21 1	25 1	49 1	50 1	60 1	
21 1	26 1	27 1	51 1	55 1	61 1	
22 1	27 1	28 1	51 1	52 1	62 1	
23 1	28 1	29 1	52 1	53 1	63 1	
24 1	29 1	30 1	53 1	54 1	64 1	
25 1	26 1	30 1	54 1	55 1	65 1	
31 1	36 1	37 1	56 1	60 1	0 0	
32 1	37 1	38 1	56 1	57 1	0 0	
33 1	38 1	39 1	57 1	58 1	0 0	
34 1	39 1	40 1	58 1	59 1	0 0	
35 1	36 1	40 1	59 1	60 1	0 0	
36 1	41 1	42 1	61 1	65 1	0 0	
37 1	42 1	43 1	61 1	62 1	0 0	
38 1	43 1	44 1	62 1	63 1	0 0	
39 1	44 1	45 1	63 1	64 1	0 0	
40 1	41 1	45 1	64 1	65 1	0 0	
1 2	16 2	17 2	46 2	0 0	0 0	
2 2	17 2	18 2	47 2	0 0	0 0	
3 2	18 2	19 2	48 2	0 0	0 0	
4 2	19 2	20 2	49 2	0 0	0 0	
5 2	16 2	20 2	50 2	0 0	0 0	
6 2	21 2	22 2	46 2	50 2	51 2	
7 2	22 2	23 2	46 2	47 2	52 2	
8 2	23 2	24 2	47 2	48 2	53 2	
9 2	24 2	25 2	48 2	49 2	54 2	
10 2	21 2	25 2	49 2	50 2	55 2	
11 2	26 2	27 2	51 2	55 2	0 0	
12 2	27 2	28 2	51 2	52 2	0 0	
13 2	28 2	29 2	52 2	53 2	0 0	
14 2	29 2	30 2	53 2	54 2	0 0	
15 2	26 2	30 2	54 2	55 2	0 0	
16 2	31 2	32 2	56 2	0 0	0 0	
17 2	32 2	33 2	57 2	0 0	0 0	
18 2	33 2	34 2	58 2	0 0	0 0	
19 2	34 2	35 2	59 2	0 0	0 0	
20 2	31 2	35 2	60 2	0 0	0 0	
21 2	36 2	37 2	56 2	60 2	61 2	
22 2	37 2	38 2	56 2	57 2	62 2	
23 2	38 2	39 2	57 2	58 2	63 2	
24 2	39 2	40 2	58 2	59 2	64 2	
25 2	36 2	40 2	59 2	60 2	65 2	
26 2	41 2	42 2	61 2	65 2	0 0	
27 2	42 2	43 2	61 2	62 2	0 0	
28 2	43 2	44 2	62 2	63 2	0 0	
29 2	44 2	45 2	63 2	64 2	0 0	
30 2	41 2	45 2	64 2	65 2	0 0	
