512 338
6 8
6 6 6 6 6 6 6 6 6 6 6 6 6 6 6 6 6 6 6 6 6 6 6 6 6 6 6 6 6 6 6 6 6 6 6 6 6 6 6 6 6 6 6 6 6 6 6 6 6 6 6 6 6 6 6 6 5 5 5 5 5 5 5 5 6 6 6 6 6 6 6 6 6 6 6 6 6 6 6 6 6 6 6 6 6 6 6 6 6 6 6 6 6 6 6 6 6 6 6 6 6 6 6 6 6 6 6 6 6 6 6 6 6 6 6 6 6 6 6 6 5 5 5 5 5 5 5 5 6 6 6 6 6 6 6 6 6 6 6 6 6 6 6 6 6 6 5 5 6 6 5 5 6 6 5 5 6 6 5 5 6 6 6 6 6 6 6 6 6 6 6 6 6 6 6 6 6 6 5 5 6 6 5 5 5 5 4 4 5 5 4 4 6 6 6 6 6 6 6 6 6 6 6 6 6 6 6 6 6 6 5 5 6 6 5 5 6 6 5 5 6 6 5 5 6 6 6 6 6 6 6 6 6 6 6 6 6 6 6 6 6 6 5 5 6 6 5 5 5 5 4 4 5 5 4 4 6 6 6 6 6 6 6 6 6 6 6 6 6 6 6 6 6 6 6 6 6 6 6 6 6 6 6 6 6 6 6 6 6 6 6 6 4 4 4 4 6 6 6 6 4 4 4 4 6 6 6 6 4 4 4 4 5 5 5 5 3 3 3 3 6 6 6 6 6 6 6 6 6 6 6 6 6 6 6 6 6 6 6 6 6 6 6 6 6 6 6 6 6 6 6 6 6 6 6 6 4 4 4 4 6 6 6 6 4 4 4 4 6 6 6 6 4 4 4 4 5 5 5 5 3 3 3 3 6 6 6 6 6 6 6 6 6 6 6 6 6 6 6 6 6 6 5 5 6 6 5 5 6 6 5 5 6 6 5 5 6 6 6 6 4 4 4 4 6 6 6 6 4 4 4 4 6 6 5 5 4 4 4 4 5 5 4 4 3 3 3 3 4 4 4 4 4 4 4 4 4 4 4 4 4 4 4 4 4 4 3 3 4 4 3 3 4 4 3 3 4 4 3 3 4 4 4 4 2 2 2 2 4 4 4 4 2 2 2 2 4 4 3 3 2 2 2 2 4 4 3 3 2 2 2 2 
8 8 8 8 8 8 8 8 8 8 8 8 8 8 8 8 8 8 8 8 8 8 8 8 8 8 8 8 8 8 8 8 8 8 8 8 8 8 8 8 8 8 8 8 8 8 8 8 8 8 8 8 8 8 8 8 8 8 8 8 8 8 8 8 8 8 8 8 8 8 8 8 8 8 8 8 8 8 8 8 8 8 8 8 8 8 8 8 8 8 8 8 8 8 8 8 8 8 8 8 8 8 8 8 8 8 8 8 8 8 8 8 8 8 8 8 8 8 8 8 8 8 8 8 8 8 8 8 8 8 8 8 8 8 8 8 8 8 8 8 8 8 8 8 8 8 8 8 8 8 8 8 8 8 8 8 8 8 8 8 8 8 8 8 8 8 8 8 8 8 8 8 8 8 8 8 8 8 8 8 8 8 8 8 8 8 8 8 8 8 8 8 8 8 8 8 8 8 8 8 8 8 8 8 8 8 8 8 8 8 8 8 8 8 8 8 8 8 8 8 8 8 8 8 8 8 8 8 8 8 8 8 8 8 8 8 8 8 8 8 8 8 8 8 8 8 8 8 8 8 8 8 8 8 8 8 8 8 8 8 8 8 8 8 8 8 8 8 8 8 8 8 8 8 8 8 8 8 8 8 8 8 8 8 8 8 8 8 8 8 8 8 8 8 8 8 8 8 8 8 8 8 8 8 8 8 8 8 8 8 8 8 8 8 8 8 8 8 8 8 8 8 8 8 8 8 8 8 8 8 8 8 8 8 8 8 8 8 
1 1	65 1	121 1	170 2	234 2	290 2	
2 1	66 1	121 1	171 2	235 2	290 2	
3 1	67 1	121 1	172 2	234 2	291 2	
4 1	68 1	121 1	173 2	235 2	291 2	
5 1	69 1	121 1	170 2	236 2	292 2	
6 1	70 1	121 1	171 2	237 2	292 2	
7 1	71 1	121 1	172 2	236 2	293 2	
8 1	72 1	121 1	173 2	237 2	293 2	
9 1	65 1	122 1	174 2	238 2	290 2	
10 1	66 1	122 1	175 2	239 2	290 2	
11 1	67 1	122 1	176 2	238 2	291 2	
12 1	68 1	122 1	177 2	239 2	291 2	
13 1	69 1	122 1	174 2	240 2	292 2	
14 1	70 1	122 1	175 2	241 2	292 2	
15 1	71 1	122 1	176 2	240 2	293 2	
16 1	72 1	122 1	177 2	241 2	293 2	
17 1	65 1	123 1	178 2	234 2	294 2	
18 1	66 1	123 1	179 2	235 2	294 2	
19 1	67 1	123 1	180 2	234 2	295 2	
20 1	68 1	123 1	181 2	235 2	295 2	
21 1	69 1	123 1	178 2	236 2	296 2	
22 1	70 1	123 1	179 2	237 2	296 2	
23 1	71 1	123 1	180 2	236 2	297 2	
24 1	72 1	123 1	181 2	237 2	297 2	
25 1	65 1	124 1	182 2	238 2	294 2	
26 1	66 1	124 1	183 2	239 2	294 2	
27 1	67 1	124 1	184 2	238 2	295 2	
28 1	68 1	124 1	185 2	239 2	295 2	
29 1	69 1	124 1	182 2	240 2	296 2	
30 1	70 1	124 1	183 2	241 2	296 2	
31 1	71 1	124 1	184 2	240 2	297 2	
32 1	72 1	124 1	185 2	241 2	297 2	
33 1	65 1	125 1	170 2	242 2	298 2	
34 1	66 1	125 1	171 2	243 2	298 2	
35 1	67 1	125 1	172 2	242 2	299 2	
36 1	68 1	125 1	173 2	243 2	299 2	
37 1	69 1	125 1	170 2	244 2	300 2	
38 1	70 1	125 1	171 2	245 2	300 2	
39 1	71 1	125 1	172 2	244 2	301 2	
40 1	72 1	125 1	173 2	245 2	301 2	
41 1	65 1	126 1	174 2	246 2	298 2	
42 1	66 1	126 1	175 2	247 2	298 2	
43 1	67 1	126 1	176 2	246 2	299 2	
44 1	68 1	126 1	177 2	247 2	299 2	
45 1	69 1	126 1	174 2	248 2	300 2	
46 1	70 1	126 1	175 2	249 2	300 2	
47 1	71 1	126 1	176 2	248 2	301 2	
48 1	72 1	126 1	177 2	249 2	301 2	
49 1	65 1	127 1	178 2	242 2	302 2	
50 1	66 1	127 1	179 2	243 2	302 2	
51 1	67 1	127 1	180 2	242 2	303 2	
52 1	68 1	127 1	181 2	243 2	303 2	
53 1	69 1	127 1	178 2	244 2	304 2	
54 1	70 1	127 1	179 2	245 2	304 2	
55 1	71 1	127 1	180 2	244 2	305 2	
56 1	72 1	127 1	181 2	245 2	305 2	
57 1	65 1	182 2	246 2	302 2	0 0	
58 1	66 1	183 2	247 2	302 2	0 0	
59 1	67 1	184 2	246 2	303 2	0 0	
60 1	68 1	185 2	247 2	303 2	0 0	
61 1	69 1	182 2	248 2	304 2	0 0	
62 1	70 1	183 2	249 2	304 2	0 0	
63 1	71 1	184 2	248 2	305 2	0 0	
64 1	72 1	185 2	249 2	305 2	0 0	
1 1	73 1	128 1	186 2	250 2	290 2	
2 1	74 1	128 1	187 2	251 2	290 2	
3 1	75 1	128 1	188 2	250 2	291 2	
4 1	76 1	128 1	189 2	251 2	291 2	
5 1	77 1	128 1	186 2	252 2	292 2	
6 1	78 1	128 1	187 2	253 2	292 2	
7 1	79 1	128 1	188 2	252 2	293 2	
8 1	80 1	128 1	189 2	253 2	293 2	
9 1	73 1	129 1	190 2	254 2	290 2	
10 1	74 1	129 1	191 2	255 2	290 2	
11 1	75 1	129 1	192 2	254 2	291 2	
12 1	76 1	129 1	193 2	255 2	291 2	
13 1	77 1	129 1	190 2	256 2	292 2	
14 1	78 1	129 1	191 2	257 2	292 2	
15 1	79 1	129 1	192 2	256 2	293 2	
16 1	80 1	129 1	193 2	257 2	293 2	
17 1	73 1	130 1	194 2	250 2	294 2	
18 1	74 1	130 1	195 2	251 2	294 2	
19 1	75 1	130 1	196 2	250 2	295 2	
20 1	76 1	130 1	197 2	251 2	295 2	
21 1	77 1	130 1	194 2	252 2	296 2	
22 1	78 1	130 1	195 2	253 2	296 2	
23 1	79 1	130 1	196 2	252 2	297 2	
24 1	80 1	130 1	197 2	253 2	297 2	
25 1	73 1	131 1	198 2	254 2	294 2	
26 1	74 1	131 1	199 2	255 2	294 2	
27 1	75 1	131 1	200 2	254 2	295 2	
28 1	76 1	131 1	201 2	255 2	295 2	
29 1	77 1	131 1	198 2	256 2	296 2	
30 1	78 1	131 1	199 2	257 2	296 2	
31 1	79 1	131 1	200 2	256 2	297 2	
32 1	80 1	131 1	201 2	257 2	297 2	
33 1	73 1	132 1	186 2	258 2	298 2	
34 1	74 1	132 1	187 2	259 2	298 2	
35 1	75 1	132 1	188 2	258 2	299 2	
36 1	76 1	132 1	189 2	259 2	299 2	
37 1	77 1	132 1	186 2	260 2	300 2	
38 1	78 1	132 1	187 2	261 2	300 2	
39 1	79 1	132 1	188 2	260 2	301 2	
40 1	80 1	132 1	189 2	261 2	301 2	
41 1	73 1	133 1	190 2	262 2	298 2	
42 1	74 1	133 1	191 2	263 2	298 2	
43 1	75 1	133 1	192 2	262 2	299 2	
44 1	76 1	133 1	193 2	263 2	299 2	
45 1	77 1	133 1	190 2	264 2	300 2	
46 1	78 1	133 1	191 2	265 2	300 2	
47 1	79 1	133 1	192 2	264 2	301 2	
48 1	80 1	133 1	193 2	265 2	301 2	
49 1	73 1	134 1	194 2	258 2	302 2	
50 1	74 1	134 1	195 2	259 2	302 2	
51 1	75 1	134 1	196 2	258 2	303 2	
52 1	76 1	134 1	197 2	259 2	303 2	
53 1	77 1	134 1	194 2	260 2	304 2	
54 1	78 1	134 1	195 2	261 2	304 2	
55 1	79 1	134 1	196 2	260 2	305 2	
56 1	80 1	134 1	197 2	261 2	305 2	
57 1	73 1	198 2	262 2	302 2	0 0	
58 1	74 1	199 2	263 2	302 2	0 0	
59 1	75 1	200 2	262 2	303 2	0 0	
60 1	76 1	201 2	263 2	303 2	0 0	
61 1	77 1	198 2	264 2	304 2	0 0	
62 1	78 1	199 2	265 2	304 2	0 0	
63 1	79 1	200 2	264 2	305 2	0 0	
64 1	80 1	201 2	265 2	305 2	0 0	
1 1	81 1	135 1	202 2	234 2	306 2	
2 1	82 1	135 1	203 2	235 2	306 2	
3 1	83 1	135 1	204 2	234 2	307 2	
4 1	84 1	135 1	205 2	235 2	307 2	
5 1	85 1	135 1	202 2	236 2	308 2	
6 1	86 1	135 1	203 2	237 2	308 2	
7 1	87 1	135 1	204 2	236 2	309 2	
8 1	88 1	135 1	205 2	237 2	309 2	
9 1	81 1	136 1	206 2	238 2	306 2	
10 1	82 1	136 1	207 2	239 2	306 2	
11 1	83 1	136 1	208 2	238 2	307 2	
12 1	84 1	136 1	209 2	239 2	307 2	
13 1	85 1	136 1	206 2	240 2	308 2	
14 1	86 1	136 1	207 2	241 2	308 2	
15 1	87 1	136 1	208 2	240 2	309 2	
16 1	88 1	136 1	209 2	241 2	309 2	
17 1	81 1	137 1	210 2	234 2	310 2	
18 1	82 1	137 1	211 2	235 2	310 2	
19 1	83 1	137 1	212 2	234 2	0 0	
20 1	84 1	137 1	213 2	235 2	0 0	
21 1	85 1	137 1	210 2	236 2	311 2	
22 1	86 1	137 1	211 2	237 2	311 2	
23 1	87 1	137 1	212 2	236 2	0 0	
24 1	88 1	137 1	213 2	237 2	0 0	
25 1	81 1	138 1	214 2	238 2	310 2	
26 1	82 1	138 1	215 2	239 2	310 2	
27 1	83 1	138 1	216 2	238 2	0 0	
28 1	84 1	138 1	217 2	239 2	0 0	
29 1	85 1	138 1	214 2	240 2	311 2	
30 1	86 1	138 1	215 2	241 2	311 2	
31 1	87 1	138 1	216 2	240 2	0 0	
32 1	88 1	138 1	217 2	241 2	0 0	
33 1	81 1	139 1	202 2	242 2	312 2	
34 1	82 1	139 1	203 2	243 2	312 2	
35 1	83 1	139 1	204 2	242 2	313 2	
36 1	84 1	139 1	205 2	243 2	313 2	
37 1	85 1	139 1	202 2	244 2	314 2	
38 1	86 1	139 1	203 2	245 2	314 2	
39 1	87 1	139 1	204 2	244 2	315 2	
40 1	88 1	139 1	205 2	245 2	315 2	
41 1	81 1	140 1	206 2	246 2	312 2	
42 1	82 1	140 1	207 2	247 2	312 2	
43 1	83 1	140 1	208 2	246 2	313 2	
44 1	84 1	140 1	209 2	247 2	313 2	
45 1	85 1	140 1	206 2	248 2	314 2	
46 1	86 1	140 1	207 2	249 2	314 2	
47 1	87 1	140 1	208 2	248 2	315 2	
48 1	88 1	140 1	209 2	249 2	315 2	
49 1	81 1	141 1	210 2	242 2	316 2	
50 1	82 1	141 1	211 2	243 2	316 2	
51 1	83 1	141 1	212 2	242 2	0 0	
52 1	84 1	141 1	213 2	243 2	0 0	
53 1	85 1	141 1	210 2	244 2	317 2	
54 1	86 1	141 1	211 2	245 2	317 2	
55 1	87 1	141 1	212 2	244 2	0 0	
56 1	88 1	141 1	213 2	245 2	0 0	
57 1	81 1	214 2	246 2	316 2	0 0	
58 1	82 1	215 2	247 2	316 2	0 0	
59 1	83 1	216 2	246 2	0 0	0 0	
60 1	84 1	217 2	247 2	0 0	0 0	
61 1	85 1	214 2	248 2	317 2	0 0	
62 1	86 1	215 2	249 2	317 2	0 0	
63 1	87 1	216 2	248 2	0 0	0 0	
64 1	88 1	217 2	249 2	0 0	0 0	
1 1	89 1	142 1	218 2	250 2	306 2	
2 1	90 1	142 1	219 2	251 2	306 2	
3 1	91 1	142 1	220 2	250 2	307 2	
4 1	92 1	142 1	221 2	251 2	307 2	
5 1	93 1	142 1	218 2	252 2	308 2	
6 1	94 1	142 1	219 2	253 2	308 2	
7 1	95 1	142 1	220 2	252 2	309 2	
8 1	96 1	142 1	221 2	253 2	309 2	
9 1	89 1	143 1	222 2	254 2	306 2	
10 1	90 1	143 1	223 2	255 2	306 2	
11 1	91 1	143 1	224 2	254 2	307 2	
12 1	92 1	143 1	225 2	255 2	307 2	
13 1	93 1	143 1	222 2	256 2	308 2	
14 1	94 1	143 1	223 2	257 2	308 2	
15 1	95 1	143 1	224 2	256 2	309 2	
16 1	96 1	143 1	225 2	257 2	309 2	
17 1	89 1	144 1	226 2	250 2	310 2	
18 1	90 1	144 1	227 2	251 2	310 2	
19 1	91 1	144 1	228 2	250 2	0 0	
20 1	92 1	144 1	229 2	251 2	0 0	
21 1	93 1	144 1	226 2	252 2	311 2	
22 1	94 1	144 1	227 2	253 2	311 2	
23 1	95 1	144 1	228 2	252 2	0 0	
24 1	96 1	144 1	229 2	253 2	0 0	
25 1	89 1	145 1	230 2	254 2	310 2	
26 1	90 1	145 1	231 2	255 2	310 2	
27 1	91 1	145 1	232 2	254 2	0 0	
28 1	92 1	145 1	233 2	255 2	0 0	
29 1	93 1	145 1	230 2	256 2	311 2	
30 1	94 1	145 1	231 2	257 2	311 2	
31 1	95 1	145 1	232 2	256 2	0 0	
32 1	96 1	145 1	233 2	257 2	0 0	
33 1	89 1	146 1	218 2	258 2	312 2	
34 1	90 1	146 1	219 2	259 2	312 2	
35 1	91 1	146 1	220 2	258 2	313 2	
36 1	92 1	146 1	221 2	259 2	313 2	
37 1	93 1	146 1	218 2	260 2	314 2	
38 1	94 1	146 1	219 2	261 2	314 2	
39 1	95 1	146 1	220 2	260 2	315 2	
40 1	96 1	146 1	221 2	261 2	315 2	
41 1	89 1	147 1	222 2	262 2	312 2	
42 1	90 1	147 1	223 2	263 2	312 2	
43 1	91 1	147 1	224 2	262 2	313 2	
44 1	92 1	147 1	225 2	263 2	313 2	
45 1	93 1	147 1	222 2	264 2	314 2	
46 1	94 1	147 1	223 2	265 2	314 2	
47 1	95 1	147 1	224 2	264 2	315 2	
48 1	96 1	147 1	225 2	265 2	315 2	
49 1	89 1	148 1	226 2	258 2	316 2	
50 1	90 1	148 1	227 2	259 2	316 2	
51 1	91 1	148 1	228 2	258 2	0 0	
52 1	92 1	148 1	229 2	259 2	0 0	
53 1	93 1	148 1	226 2	260 2	317 2	
54 1	94 1	148 1	227 2	261 2	317 2	
55 1	95 1	148 1	228 2	260 2	0 0	
56 1	96 1	148 1	229 2	261 2	0 0	
57 1	89 1	230 2	262 2	316 2	0 0	
58 1	90 1	231 2	263 2	316 2	0 0	
59 1	91 1	232 2	262 2	0 0	0 0	
60 1	92 1	233 2	263 2	0 0	0 0	
61 1	93 1	230 2	264 2	317 2	0 0	
62 1	94 1	231 2	265 2	317 2	0 0	
63 1	95 1	232 2	264 2	0 0	0 0	
64 1	96 1	233 2	265 2	0 0	0 0	
1 1	97 1	149 1	170 2	266 2	318 2	
2 1	98 1	149 1	171 2	267 2	318 2	
3 1	99 1	149 1	172 2	266 2	319 2	
4 1	100 1	149 1	173 2	267 2	319 2	
5 1	101 1	149 1	170 2	268 2	320 2	
6 1	102 1	149 1	171 2	269 2	320 2	
7 1	103 1	149 1	172 2	268 2	321 2	
8 1	104 1	149 1	173 2	269 2	321 2	
9 1	97 1	150 1	174 2	270 2	318 2	
10 1	98 1	150 1	175 2	271 2	318 2	
11 1	99 1	150 1	176 2	270 2	319 2	
12 1	100 1	150 1	177 2	271 2	319 2	
13 1	101 1	150 1	174 2	272 2	320 2	
14 1	102 1	150 1	175 2	273 2	320 2	
15 1	103 1	150 1	176 2	272 2	321 2	
16 1	104 1	150 1	177 2	273 2	321 2	
17 1	97 1	151 1	178 2	266 2	322 2	
18 1	98 1	151 1	179 2	267 2	322 2	
19 1	99 1	151 1	180 2	266 2	323 2	
20 1	100 1	151 1	181 2	267 2	323 2	
21 1	101 1	151 1	178 2	268 2	324 2	
22 1	102 1	151 1	179 2	269 2	324 2	
23 1	103 1	151 1	180 2	268 2	325 2	
24 1	104 1	151 1	181 2	269 2	325 2	
25 1	97 1	152 1	182 2	270 2	322 2	
26 1	98 1	152 1	183 2	271 2	322 2	
27 1	99 1	152 1	184 2	270 2	323 2	
28 1	100 1	152 1	185 2	271 2	323 2	
29 1	101 1	152 1	182 2	272 2	324 2	
30 1	102 1	152 1	183 2	273 2	324 2	
31 1	103 1	152 1	184 2	272 2	325 2	
32 1	104 1	152 1	185 2	273 2	325 2	
33 1	97 1	153 1	170 2	274 2	326 2	
34 1	98 1	153 1	171 2	275 2	326 2	
35 1	99 1	153 1	172 2	274 2	327 2	
36 1	100 1	153 1	173 2	275 2	327 2	
37 1	101 1	153 1	170 2	0 0	0 0	
38 1	102 1	153 1	171 2	0 0	0 0	
39 1	103 1	153 1	172 2	0 0	0 0	
40 1	104 1	153 1	173 2	0 0	0 0	
41 1	97 1	154 1	174 2	276 2	326 2	
42 1	98 1	154 1	175 2	277 2	326 2	
43 1	99 1	154 1	176 2	276 2	327 2	
44 1	100 1	154 1	177 2	277 2	327 2	
45 1	101 1	154 1	174 2	0 0	0 0	
46 1	102 1	154 1	175 2	0 0	0 0	
47 1	103 1	154 1	176 2	0 0	0 0	
48 1	104 1	154 1	177 2	0 0	0 0	
49 1	97 1	155 1	178 2	274 2	328 2	
50 1	98 1	155 1	179 2	275 2	328 2	
51 1	99 1	155 1	180 2	274 2	329 2	
52 1	100 1	155 1	181 2	275 2	329 2	
53 1	101 1	155 1	178 2	0 0	0 0	
54 1	102 1	155 1	179 2	0 0	0 0	
55 1	103 1	155 1	180 2	0 0	0 0	
56 1	104 1	155 1	181 2	0 0	0 0	
57 1	97 1	182 2	276 2	328 2	0 0	
58 1	98 1	183 2	277 2	328 2	0 0	
59 1	99 1	184 2	276 2	329 2	0 0	
60 1	100 1	185 2	277 2	329 2	0 0	
61 1	101 1	182 2	0 0	0 0	0 0	
62 1	102 1	183 2	0 0	0 0	0 0	
63 1	103 1	184 2	0 0	0 0	0 0	
64 1	104 1	185 2	0 0	0 0	0 0	
1 1	105 1	156 1	186 2	278 2	318 2	
2 1	106 1	156 1	187 2	279 2	318 2	
3 1	107 1	156 1	188 2	278 2	319 2	
4 1	108 1	156 1	189 2	279 2	319 2	
5 1	109 1	156 1	186 2	280 2	320 2	
6 1	110 1	156 1	187 2	281 2	320 2	
7 1	111 1	156 1	188 2	280 2	321 2	
8 1	112 1	156 1	189 2	281 2	321 2	
9 1	105 1	157 1	190 2	282 2	318 2	
10 1	106 1	157 1	191 2	283 2	318 2	
11 1	107 1	157 1	192 2	282 2	319 2	
12 1	108 1	157 1	193 2	283 2	319 2	
13 1	109 1	157 1	190 2	284 2	320 2	
14 1	110 1	157 1	191 2	285 2	320 2	
15 1	111 1	157 1	192 2	284 2	321 2	
16 1	112 1	157 1	193 2	285 2	321 2	
17 1	105 1	158 1	194 2	278 2	322 2	
18 1	106 1	158 1	195 2	279 2	322 2	
19 1	107 1	158 1	196 2	278 2	323 2	
20 1	108 1	158 1	197 2	279 2	323 2	
21 1	109 1	158 1	194 2	280 2	324 2	
22 1	110 1	158 1	195 2	281 2	324 2	
23 1	111 1	158 1	196 2	280 2	325 2	
24 1	112 1	158 1	197 2	281 2	325 2	
25 1	105 1	159 1	198 2	282 2	322 2	
26 1	106 1	159 1	199 2	283 2	322 2	
27 1	107 1	159 1	200 2	282 2	323 2	
28 1	108 1	159 1	201 2	283 2	323 2	
29 1	109 1	159 1	198 2	284 2	324 2	
30 1	110 1	159 1	199 2	285 2	324 2	
31 1	111 1	159 1	200 2	284 2	325 2	
32 1	112 1	159 1	201 2	285 2	325 2	
33 1	105 1	160 1	186 2	286 2	326 2	
34 1	106 1	160 1	187 2	287 2	326 2	
35 1	107 1	160 1	188 2	286 2	327 2	
36 1	108 1	160 1	189 2	287 2	327 2	
37 1	109 1	160 1	186 2	0 0	0 0	
38 1	110 1	160 1	187 2	0 0	0 0	
39 1	111 1	160 1	188 2	0 0	0 0	
40 1	112 1	160 1	189 2	0 0	0 0	
41 1	105 1	161 1	190 2	288 2	326 2	
42 1	106 1	161 1	191 2	289 2	326 2	
43 1	107 1	161 1	192 2	288 2	327 2	
44 1	108 1	161 1	193 2	289 2	327 2	
45 1	109 1	161 1	190 2	0 0	0 0	
46 1	110 1	161 1	191 2	0 0	0 0	
47 1	111 1	161 1	192 2	0 0	0 0	
48 1	112 1	161 1	193 2	0 0	0 0	
49 1	105 1	162 1	194 2	286 2	328 2	
50 1	106 1	162 1	195 2	287 2	328 2	
51 1	107 1	162 1	196 2	286 2	329 2	
52 1	108 1	162 1	197 2	287 2	329 2	
53 1	109 1	162 1	194 2	0 0	0 0	
54 1	110 1	162 1	195 2	0 0	0 0	
55 1	111 1	162 1	196 2	0 0	0 0	
56 1	112 1	162 1	197 2	0 0	0 0	
57 1	105 1	198 2	288 2	328 2	0 0	
58 1	106 1	199 2	289 2	328 2	0 0	
59 1	107 1	200 2	288 2	329 2	0 0	
60 1	108 1	201 2	289 2	329 2	0 0	
61 1	109 1	198 2	0 0	0 0	0 0	
62 1	110 1	199 2	0 0	0 0	0 0	
63 1	111 1	200 2	0 0	0 0	0 0	
64 1	112 1	201 2	0 0	0 0	0 0	
1 1	113 1	163 1	202 2	266 2	330 2	
2 1	114 1	163 1	203 2	267 2	330 2	
3 1	115 1	163 1	204 2	266 2	331 2	
4 1	116 1	163 1	205 2	267 2	331 2	
5 1	117 1	163 1	202 2	268 2	332 2	
6 1	118 1	163 1	203 2	269 2	332 2	
7 1	119 1	163 1	204 2	268 2	333 2	
8 1	120 1	163 1	205 2	269 2	333 2	
9 1	113 1	164 1	206 2	270 2	330 2	
10 1	114 1	164 1	207 2	271 2	330 2	
11 1	115 1	164 1	208 2	270 2	331 2	
12 1	116 1	164 1	209 2	271 2	331 2	
13 1	117 1	164 1	206 2	272 2	332 2	
14 1	118 1	164 1	207 2	273 2	332 2	
15 1	119 1	164 1	208 2	272 2	333 2	
16 1	120 1	164 1	209 2	273 2	333 2	
17 1	113 1	165 1	210 2	266 2	334 2	
18 1	114 1	165 1	211 2	267 2	334 2	
19 1	115 1	165 1	212 2	266 2	0 0	
20 1	116 1	165 1	213 2	267 2	0 0	
21 1	117 1	165 1	210 2	268 2	335 2	
22 1	118 1	165 1	211 2	269 2	335 2	
23 1	119 1	165 1	212 2	268 2	0 0	
24 1	120 1	165 1	213 2	269 2	0 0	
25 1	113 1	166 1	214 2	270 2	334 2	
26 1	114 1	166 1	215 2	271 2	334 2	
27 1	115 1	166 1	216 2	270 2	0 0	
28 1	116 1	166 1	217 2	271 2	0 0	
29 1	117 1	166 1	214 2	272 2	335 2	
30 1	118 1	166 1	215 2	273 2	335 2	
31 1	119 1	166 1	216 2	272 2	0 0	
32 1	120 1	166 1	217 2	273 2	0 0	
33 1	113 1	167 1	202 2	274 2	336 2	
34 1	114 1	167 1	203 2	275 2	336 2	
35 1	115 1	167 1	204 2	274 2	337 2	
36 1	116 1	167 1	205 2	275 2	337 2	
37 1	117 1	167 1	202 2	0 0	0 0	
38 1	118 1	167 1	203 2	0 0	0 0	
39 1	119 1	167 1	204 2	0 0	0 0	
40 1	120 1	167 1	205 2	0 0	0 0	
41 1	113 1	168 1	206 2	276 2	336 2	
42 1	114 1	168 1	207 2	277 2	336 2	
43 1	115 1	168 1	208 2	276 2	337 2	
44 1	116 1	168 1	209 2	277 2	337 2	
45 1	117 1	168 1	206 2	0 0	0 0	
46 1	118 1	168 1	207 2	0 0	0 0	
47 1	119 1	168 1	208 2	0 0	0 0	
48 1	120 1	168 1	209 2	0 0	0 0	
49 1	113 1	169 1	210 2	274 2	338 2	
50 1	114 1	169 1	211 2	275 2	338 2	
51 1	115 1	169 1	212 2	274 2	0 0	
52 1	116 1	169 1	213 2	275 2	0 0	
53 1	117 1	169 1	210 2	0 0	0 0	
54 1	118 1	169 1	211 2	0 0	0 0	
55 1	119 1	169 1	212 2	0 0	0 0	
56 1	120 1	169 1	213 2	0 0	0 0	
57 1	113 1	214 2	276 2	338 2	0 0	
58 1	114 1	215 2	277 2	338 2	0 0	
59 1	115 1	216 2	276 2	0 0	0 0	
60 1	116 1	217 2	277 2	0 0	0 0	
61 1	117 1	214 2	0 0	0 0	0 0	
62 1	118 1	215 2	0 0	0 0	0 0	
63 1	119 1	216 2	0 0	0 0	0 0	
64 1	120 1	217 2	0 0	0 0	0 0	
1 1	218 2	278 2	330 2	0 0	0 0	
2 1	219 2	279 2	330 2	0 0	0 0	
3 1	220 2	278 2	331 2	0 0	0 0	
4 1	221 2	279 2	331 2	0 0	0 0	
5 1	218 2	280 2	332 2	0 0	0 0	
6 1	219 2	281 2	332 2	0 0	0 0	
7 1	220 2	280 2	333 2	0 0	0 0	
8 1	221 2	281 2	333 2	0 0	0 0	
9 1	222 2	282 2	330 2	0 0	0 0	
10 1	223 2	283 2	330 2	0 0	0 0	
11 1	224 2	282 2	331 2	0 0	0 0	
12 1	225 2	283 2	331 2	0 0	0 0	
13 1	222 2	284 2	332 2	0 0	0 0	
14 1	223 2	285 2	332 2	0 0	0 0	
15 1	224 2	284 2	333 2	0 0	0 0	
16 1	225 2	285 2	333 2	0 0	0 0	
17 1	226 2	278 2	334 2	0 0	0 0	
18 1	227 2	279 2	334 2	0 0	0 0	
19 1	228 2	278 2	0 0	0 0	0 0	
20 1	229 2	279 2	0 0	0 0	0 0	
21 1	226 2	280 2	335 2	0 0	0 0	
22 1	227 2	281 2	335 2	0 0	0 0	
23 1	228 2	280 2	0 0	0 0	0 0	
24 1	229 2	281 2	0 0	0 0	0 0	
25 1	230 2	282 2	334 2	0 0	0 0	
26 1	231 2	283 2	334 2	0 0	0 0	
27 1	232 2	282 2	0 0	0 0	0 0	
28 1	233 2	283 2	0 0	0 0	0 0	
29 1	230 2	284 2	335 2	0 0	0 0	
30 1	231 2	285 2	335 2	0 0	0 0	
31 1	232 2	284 2	0 0	0 0	0 0	
32 1	233 2	285 2	0 0	0 0	0 0	
33 1	218 2	286 2	336 2	0 0	0 0	
34 1	219 2	287 2	336 2	0 0	0 0	
35 1	220 2	286 2	337 2	0 0	0 0	
36 1	221 2	287 2	337 2	0 0	0 0	
37 1	218 2	0 0	0 0	0 0	0 0	
38 1	219 2	0 0	0 0	0 0	0 0	
39 1	220 2	0 0	0 0	0 0	0 0	
40 1	221 2	0 0	0 0	0 0	0 0	
41 1	222 2	288 2	336 2	0 0	0 0	
42 1	223 2	289 2	336 2	0 0	0 0	
43 1	224 2	288 2	337 2	0 0	0 0	
44 1	225 2	289 2	337 2	0 0	0 0	
45 1	222 2	0 0	0 0	0 0	0 0	
46 1	223 2	0 0	0 0	0 0	0 0	
47 1	224 2	0 0	0 0	0 0	0 0	
48 1	225 2	0 0	0 0	0 0	0 0	
49 1	226 2	286 2	338 2	0 0	0 0	
50 1	227 2	287 2	338 2	0 0	0 0	
51 1	228 2	286 2	0 0	0 0	0 0	
52 1	229 2	287 2	0 0	0 0	0 0	
53 1	226 2	0 0	0 0	0 0	0 0	
54 1	227 2	0 0	0 0	0 0	0 0	
55 1	228 2	0 0	0 0	0 0	0 0	
56 1	229 2	0 0	0 0	0 0	0 0	
57 1	230 2	288 2	338 2	0 0	0 0	
58 1	231 2	289 2	338 2	0 0	0 0	
59 1	232 2	288 2	0 0	0 0	0 0	
60 1	233 2	289 2	0 0	0 0	0 0	
61 1	230 2	0 0	0 0	0 0	0 0	
62 1	231 2	0 0	0 0	0 0	0 0	
63 1	232 2	0 0	0 0	0 0	0 0	
64 1	233 2	0 0	0 0	0 0	0 0	
1 1	65 1	129 1	193 1	257 1	321 1	385 1	449 1	
2 1	66 1	130 1	194 1	258 1	322 1	386 1	450 1	
3 1	67 1	131 1	195 1	259 1	323 1	387 1	451 1	
4 1	68 1	132 1	196 1	260 1	324 1	388 1	452 1	
5 1	69 1	133 1	197 1	261 1	325 1	389 1	453 1	
6 1	70 1	134 1	198 1	262 1	326 1	390 1	454 1	
7 1	71 1	135 1	199 1	263 1	327 1	391 1	455 1	
8 1	72 1	136 1	200 1	264 1	328 1	392 1	456 1	
9 1	73 1	137 1	201 1	265 1	329 1	393 1	457 1	
10 1	74 1	138 1	202 1	266 1	330 1	394 1	458 1	
11 1	75 1	139 1	203 1	267 1	331 1	395 1	459 1	
12 1	76 1	140 1	204 1	268 1	332 1	396 1	460 1	
13 1	77 1	141 1	205 1	269 1	333 1	397 1	461 1	
14 1	78 1	142 1	206 1	270 1	334 1	398 1	462 1	
15 1	79 1	143 1	207 1	271 1	335 1	399 1	463 1	
16 1	80 1	144 1	208 1	272 1	336 1	400 1	464 1	
17 1	81 1	145 1	209 1	273 1	337 1	401 1	465 1	
18 1	82 1	146 1	210 1	274 1	338 1	402 1	466 1	
19 1	83 1	147 1	211 1	275 1	339 1	403 1	467 1	
20 1	84 1	148 1	212 1	276 1	340 1	404 1	468 1	
21 1	85 1	149 1	213 1	277 1	341 1	405 1	469 1	
22 1	86 1	150 1	214 1	278 1	342 1	406 1	470 1	
23 1	87 1	151 1	215 1	279 1	343 1	407 1	471 1	
24 1	88 1	152 1	216 1	280 1	344 1	408 1	472 1	
25 1	89 1	153 1	217 1	281 1	345 1	409 1	473 1	
26 1	90 1	154 1	218 1	282 1	346 1	410 1	474 1	
27 1	91 1	155 1	219 1	283 1	347 1	411 1	475 1	
28 1	92 1	156 1	220 1	284 1	348 1	412 1	476 1	
29 1	93 1	157 1	221 1	285 1	349 1	413 1	477 1	
30 1	94 1	158 1	222 1	286 1	350 1	414 1	478 1	
31 1	95 1	159 1	223 1	287 1	351 1	415 1	479 1	
32 1	96 1	160 1	224 1	288 1	352 1	416 1	480 1	
33 1	97 1	161 1	225 1	289 1	353 1	417 1	481 1	
34 1	98 1	162 1	226 1	290 1	354 1	418 1	482 1	
35 1	99 1	163 1	227 1	291 1	355 1	419 1	483 1	
36 1	100 1	164 1	228 1	292 1	356 1	420 1	484 1	
37 1	101 1	165 1	229 1	293 1	357 1	421 1	485 1	
38 1	102 1	166 1	230 1	294 1	358 1	422 1	486 1	
39 1	103 1	167 1	231 1	295 1	359 1	423 1	487 1	
40 1	104 1	168 1	232 1	296 1	360 1	424 1	488 1	
41 1	105 1	169 1	233 1	297 1	361 1	425 1	489 1	
42 1	106 1	170 1	234 1	298 1	362 1	426 1	490 1	
43 1	107 1	171 1	235 1	299 1	363 1	427 1	491 1	
44 1	108 1	172 1	236 1	300 1	364 1	428 1	492 1	
45 1	109 1	173 1	237 1	301 1	365 1	429 1	493 1	
46 1	110 1	174 1	238 1	302 1	366 1	430 1	494 1	
47 1	111 1	175 1	239 1	303 1	367 1	431 1	495 1	
48 1	112 1	176 1	240 1	304 1	368 1	432 1	496 1	
49 1	113 1	177 1	241 1	305 1	369 1	433 1	497 1	
50 1	114 1	178 1	242 1	306 1	370 1	434 1	498 1	
51 1	115 1	179 1	243 1	307 1	371 1	435 1	499 1	
52 1	116 1	180 1	244 1	308 1	372 1	436 1	500 1	
53 1	117 1	181 1	245 1	309 1	373 1	437 1	501 1	
54 1	118 1	182 1	246 1	310 1	374 1	438 1	502 1	
55 1	119 1	183 1	247 1	311 1	375 1	439 1	503 1	
56 1	120 1	184 1	248 1	312 1	376 1	440 1	504 1	
57 1	121 1	185 1	249 1	313 1	377 1	441 1	505 1	
58 1	122 1	186 1	250 1	314 1	378 1	442 1	506 1	
59 1	123 1	187 1	251 1	315 1	379 1	443 1	507 1	
60 1	124 1	188 1	252 1	316 1	380 1	444 1	508 1	
61 1	125 1	189 1	253 1	317 1	381 1	445 1	509 1	
62 1	126 1	190 1	254 1	318 1	382 1	446 1	510 1	
63 1	127 1	191 1	255 1	319 1	383 1	447 1	511 1	
64 1	128 1	192 1	256 1	320 1	384 1	448 1	512 1	
1 1	9 1	17 1	25 1	33 1	41 1	49 1	57 1	
2 1	10 1	18 1	26 1	34 1	42 1	50 1	58 1	
3 1	11 1	19 1	27 1	35 1	43 1	51 1	59 1	
4 1	12 1	20 1	28 1	36 1	44 1	52 1	60 1	
5 1	13 1	21 1	29 1	37 1	45 1	53 1	61 1	
6 1	14 1	22 1	30 1	38 1	46 1	54 1	62 1	
7 1	15 1	23 1	31 1	39 1	47 1	55 1	63 1	
8 1	16 1	24 1	32 1	40 1	48 1	56 1	64 1	
65 1	73 1	81 1	89 1	97 1	105 1	113 1	121 1	
66 1	74 1	82 1	90 1	98 1	106 1	114 1	122 1	
67 1	75 1	83 1	91 1	99 1	107 1	115 1	123 1	
68 1	76 1	84 1	92 1	100 1	108 1	116 1	124 1	
69 1	77 1	85 1	93 1	101 1	109 1	117 1	125 1	
70 1	78 1	86 1	94 1	102 1	110 1	118 1	126 1	
71 1	79 1	87 1	95 1	103 1	111 1	119 1	127 1	
72 1	80 1	88 1	96 1	104 1	112 1	120 1	128 1	
129 1	137 1	145 1	153 1	161 1	169 1	177 1	185 1	
130 1	138 1	146 1	154 1	162 1	170 1	178 1	186 1	
131 1	139 1	147 1	155 1	163 1	171 1	179 1	187 1	
132 1	140 1	148 1	156 1	164 1	172 1	180 1	188 1	
133 1	141 1	149 1	157 1	165 1	173 1	181 1	189 1	
134 1	142 1	150 1	158 1	166 1	174 1	182 1	190 1	
135 1	143 1	151 1	159 1	167 1	175 1	183 1	191 1	
136 1	144 1	152 1	160 1	168 1	176 1	184 1	192 1	
193 1	201 1	209 1	217 1	225 1	233 1	241 1	249 1	
194 1	202 1	210 1	218 1	226 1	234 1	242 1	250 1	
195 1	203 1	211 1	219 1	227 1	235 1	243 1	251 1	
196 1	204 1	212 1	220 1	228 1	236 1	244 1	252 1	
197 1	205 1	213 1	221 1	229 1	237 1	245 1	253 1	
198 1	206 1	214 1	222 1	230 1	238 1	246 1	254 1	
199 1	207 1	215 1	223 1	231 1	239 1	247 1	255 1	
200 1	208 1	216 1	224 1	232 1	240 1	248 1	256 1	
257 1	265 1	273 1	281 1	289 1	297 1	305 1	313 1	
258 1	266 1	274 1	282 1	290 1	298 1	306 1	314 1	
259 1	267 1	275 1	283 1	291 1	299 1	307 1	315 1	
260 1	268 1	276 1	284 1	292 1	300 1	308 1	316 1	
261 1	269 1	277 1	285 1	293 1	301 1	309 1	317 1	
262 1	270 1	278 1	286 1	294 1	302 1	310 1	318 1	
263 1	271 1	279 1	287 1	295 1	303 1	311 1	319 1	
264 1	272 1	280 1	288 1	296 1	304 1	312 1	320 1	
321 1	329 1	337 1	345 1	353 1	361 1	369 1	377 1	
322 1	330 1	338 1	346 1	354 1	362 1	370 1	378 1	
323 1	331 1	339 1	347 1	355 1	363 1	371 1	379 1	
324 1	332 1	340 1	348 1	356 1	364 1	372 1	380 1	
325 1	333 1	341 1	349 1	357 1	365 1	373 1	381 1	
326 1	334 1	342 1	350 1	358 1	366 1	374 1	382 1	
327 1	335 1	343 1	351 1	359 1	367 1	375 1	383 1	
328 1	336 1	344 1	352 1	360 1	368 1	376 1	384 1	
385 1	393 1	401 1	409 1	417 1	425 1	433 1	441 1	
386 1	394 1	402 1	410 1	418 1	426 1	434 1	442 1	
387 1	395 1	403 1	411 1	419 1	427 1	435 1	443 1	
388 1	396 1	404 1	412 1	420 1	428 1	436 1	444 1	
389 1	397 1	405 1	413 1	421 1	429 1	437 1	445 1	
390 1	398 1	406 1	414 1	422 1	430 1	438 1	446 1	
391 1	399 1	407 1	415 1	423 1	431 1	439 1	447 1	
392 1	400 1	408 1	416 1	424 1	432 1	440 1	448 1	
1 1	2 1	3 1	4 1	5 1	6 1	7 1	8 1	
9 1	10 1	11 1	12 1	13 1	14 1	15 1	16 1	
17 1	18 1	19 1	20 1	21 1	22 1	23 1	24 1	
25 1	26 1	27 1	28 1	29 1	30 1	31 1	32 1	
33 1	34 1	35 1	36 1	37 1	38 1	39 1	40 1	
41 1	42 1	43 1	44 1	45 1	46 1	47 1	48 1	
49 1	50 1	51 1	52 1	53 1	54 1	55 1	56 1	
65 1	66 1	67 1	68 1	69 1	70 1	71 1	72 1	
73 1	74 1	75 1	76 1	77 1	78 1	79 1	80 1	
81 1	82 1	83 1	84 1	85 1	86 1	87 1	88 1	
89 1	90 1	91 1	92 1	93 1	94 1	95 1	96 1	
97 1	98 1	99 1	100 1	101 1	102 1	103 1	104 1	
105 1	106 1	107 1	108 1	109 1	110 1	111 1	112 1	
113 1	114 1	115 1	116 1	117 1	118 1	119 1	120 1	
129 1	130 1	131 1	132 1	133 1	134 1	135 1	136 1	
137 1	138 1	139 1	140 1	141 1	142 1	143 1	144 1	
145 1	146 1	147 1	148 1	149 1	150 1	151 1	152 1	
153 1	154 1	155 1	156 1	157 1	158 1	159 1	160 1	
161 1	162 1	163 1	164 1	165 1	166 1	167 1	168 1	
169 1	170 1	171 1	172 1	173 1	174 1	175 1	176 1	
177 1	178 1	179 1	180 1	181 1	182 1	183 1	184 1	
193 1	194 1	195 1	196 1	197 1	198 1	199 1	200 1	
201 1	202 1	203 1	204 1	205 1	206 1	207 1	208 1	
209 1	210 1	211 1	212 1	213 1	214 1	215 1	216 1	
217 1	218 1	219 1	220 1	221 1	222 1	223 1	224 1	
225 1	226 1	227 1	228 1	229 1	230 1	231 1	232 1	
233 1	234 1	235 1	236 1	237 1	238 1	239 1	240 1	
241 1	242 1	243 1	244 1	245 1	246 1	247 1	248 1	
257 1	258 1	259 1	260 1	261 1	262 1	263 1	264 1	
265 1	266 1	267 1	268 1	269 1	270 1	271 1	272 1	
273 1	274 1	275 1	276 1	277 1	278 1	279 1	280 1	
281 1	282 1	283 1	284 1	285 1	286 1	287 1	288 1	
289 1	290 1	291 1	292 1	293 1	294 1	295 1	296 1	
297 1	298 1	299 1	300 1	301 1	302 1	303 1	304 1	
305 1	306 1	307 1	308 1	309 1	310 1	311 1	312 1	
321 1	322 1	323 1	324 1	325 1	326 1	327 1	328 1	
329 1	330 1	331 1	332 1	333 1	334 1	335 1	336 1	
337 1	338 1	339 1	340 1	341 1	342 1	343 1	344 1	
345 1	346 1	347 1	348 1	349 1	350 1	351 1	352 1	
353 1	354 1	355 1	356 1	357 1	358 1	359 1	360 1	
361 1	362 1	363 1	364 1	365 1	366 1	367 1	368 1	
369 1	370 1	371 1	372 1	373 1	374 1	375 1	376 1	
385 1	386 1	387 1	388 1	389 1	390 1	391 1	392 1	
393 1	394 1	395 1	396 1	397 1	398 1	399 1	400 1	
401 1	402 1	403 1	404 1	405 1	406 1	407 1	408 1	
409 1	410 1	411 1	412 1	413 1	414 1	415 1	416 1	
417 1	418 1	419 1	420 1	421 1	422 1	423 1	424 1	
425 1	426 1	427 1	428 1	429 1	430 1	431 1	432 1	
433 1	434 1	435 1	436 1	437 1	438 1	439 1	440 1	
1 2	5 2	33 2	37 2	257 2	261 2	289 2	293 2	
2 2	6 2	34 2	38 2	258 2	262 2	290 2	294 2	
3 2	7 2	35 2	39 2	259 2	263 2	291 2	295 2	
4 2	8 2	36 2	40 2	260 2	264 2	292 2	296 2	
9 2	13 2	41 2	45 2	265 2	269 2	297 2	301 2	
10 2	14 2	42 2	46 2	266 2	270 2	298 2	302 2	
11 2	15 2	43 2	47 2	267 2	271 2	299 2	303 2	
12 2	16 2	44 2	48 2	268 2	272 2	300 2	304 2	
17 2	21 2	49 2	53 2	273 2	277 2	305 2	309 2	
18 2	22 2	50 2	54 2	274 2	278 2	306 2	310 2	
19 2	23 2	51 2	55 2	275 2	279 2	307 2	311 2	
20 2	24 2	52 2	56 2	276 2	280 2	308 2	312 2	
25 2	29 2	57 2	61 2	281 2	285 2	313 2	317 2	
26 2	30 2	58 2	62 2	282 2	286 2	314 2	318 2	
27 2	31 2	59 2	63 2	283 2	287 2	315 2	319 2	
28 2	32 2	60 2	64 2	284 2	288 2	316 2	320 2	
65 2	69 2	97 2	101 2	321 2	325 2	353 2	357 2	
66 2	70 2	98 2	102 2	322 2	326 2	354 2	358 2	
67 2	71 2	99 2	103 2	323 2	327 2	355 2	359 2	
68 2	72 2	100 2	104 2	324 2	328 2	356 2	360 2	
73 2	77 2	105 2	109 2	329 2	333 2	361 2	365 2	
74 2	78 2	106 2	110 2	330 2	334 2	362 2	366 2	
75 2	79 2	107 2	111 2	331 2	335 2	363 2	367 2	
76 2	80 2	108 2	112 2	332 2	336 2	364 2	368 2	
81 2	85 2	113 2	117 2	337 2	341 2	369 2	373 2	
82 2	86 2	114 2	118 2	338 2	342 2	370 2	374 2	
83 2	87 2	115 2	119 2	339 2	343 2	371 2	375 2	
84 2	88 2	116 2	120 2	340 2	344 2	372 2	376 2	
89 2	93 2	121 2	125 2	345 2	349 2	377 2	381 2	
90 2	94 2	122 2	126 2	346 2	350 2	378 2	382 2	
91 2	95 2	123 2	127 2	347 2	351 2	379 2	383 2	
92 2	96 2	124 2	128 2	348 2	352 2	380 2	384 2	
129 2	133 2	161 2	165 2	385 2	389 2	417 2	421 2	
130 2	134 2	162 2	166 2	386 2	390 2	418 2	422 2	
131 2	135 2	163 2	167 2	387 2	391 2	419 2	423 2	
132 2	136 2	164 2	168 2	388 2	392 2	420 2	424 2	
137 2	141 2	169 2	173 2	393 2	397 2	425 2	429 2	
138 2	142 2	170 2	174 2	394 2	398 2	426 2	430 2	
139 2	143 2	171 2	175 2	395 2	399 2	427 2	431 2	
140 2	144 2	172 2	176 2	396 2	400 2	428 2	432 2	
145 2	149 2	177 2	181 2	401 2	405 2	433 2	437 2	
146 2	150 2	178 2	182 2	402 2	406 2	434 2	438 2	
147 2	151 2	179 2	183 2	403 2	407 2	435 2	439 2	
148 2	152 2	180 2	184 2	404 2	408 2	436 2	440 2	
153 2	157 2	185 2	189 2	409 2	413 2	441 2	445 2	
154 2	158 2	186 2	190 2	410 2	414 2	442 2	446 2	
155 2	159 2	187 2	191 2	411 2	415 2	443 2	447 2	
156 2	160 2	188 2	192 2	412 2	416 2	444 2	448 2	
193 2	197 2	225 2	229 2	449 2	453 2	481 2	485 2	
194 2	198 2	226 2	230 2	450 2	454 2	482 2	486 2	
195 2	199 2	227 2	231 2	451 2	455 2	483 2	487 2	
196 2	200 2	228 2	232 2	452 2	456 2	484 2	488 2	
201 2	205 2	233 2	237 2	457 2	461 2	489 2	493 2	
202 2	206 2	234 2	238 2	458 2	462 2	490 2	494 2	
203 2	207 2	235 2	239 2	459 2	463 2	491 2	495 2	
204 2	208 2	236 2	240 2	460 2	464 2	492 2	496 2	
209 2	213 2	241 2	245 2	465 2	469 2	497 2	501 2	
210 2	214 2	242 2	246 2	466 2	470 2	498 2	502 2	
211 2	215 2	243 2	247 2	467 2	471 2	499 2	503 2	
212 2	216 2	244 2	248 2	468 2	472 2	500 2	504 2	
217 2	221 2	249 2	253 2	473 2	477 2	505 2	509 2	
218 2	222 2	250 2	254 2	474 2	478 2	506 2	510 2	
219 2	223 2	251 2	255 2	475 2	479 2	507 2	511 2	
220 2	224 2	252 2	256 2	476 2	480 2	508 2	512 2	
1 2	3 2	17 2	19 2	129 2	131 2	145 2	147 2	
2 2	4 2	18 2	20 2	130 2	132 2	146 2	148 2	
5 2	7 2	21 2	23 2	133 2	135 2	149 2	151 2	
6 2	8 2	22 2	24 2	134 2	136 2	150 2	152 2	
9 2	11 2	25 2	27 2	137 2	139 2	153 2	155 2	
10 2	12 2	26 2	28 2	138 2	140 2	154 2	156 2	
13 2	15 2	29 2	31 2	141 2	143 2	157 2	159 2	
14 2	16 2	30 2	32 2	142 2	144 2	158 2	160 2	
33 2	35 2	49 2	51 2	161 2	163 2	177 2	179 2	
34 2	36 2	50 2	52 2	162 2	164 2	178 2	180 2	
37 2	39 2	53 2	55 2	165 2	167 2	181 2	183 2	
38 2	40 2	54 2	56 2	166 2	168 2	182 2	184 2	
41 2	43 2	57 2	59 2	169 2	171 2	185 2	187 2	
42 2	44 2	58 2	60 2	170 2	172 2	186 2	188 2	
45 2	47 2	61 2	63 2	173 2	175 2	189 2	191 2	
46 2	48 2	62 2	64 2	174 2	176 2	190 2	192 2	
65 2	67 2	81 2	83 2	193 2	195 2	209 2	211 2	
66 2	68 2	82 2	84 2	194 2	196 2	210 2	212 2	
69 2	71 2	85 2	87 2	197 2	199 2	213 2	215 2	
70 2	72 2	86 2	88 2	198 2	200 2	214 2	216 2	
73 2	75 2	89 2	91 2	201 2	203 2	217 2	219 2	
74 2	76 2	90 2	92 2	202 2	204 2	218 2	220 2	
77 2	79 2	93 2	95 2	205 2	207 2	221 2	223 2	
78 2	80 2	94 2	96 2	206 2	208 2	222 2	224 2	
97 2	99 2	113 2	115 2	225 2	227 2	241 2	243 2	
98 2	100 2	114 2	116 2	226 2	228 2	242 2	244 2	
101 2	103 2	117 2	119 2	229 2	231 2	245 2	247 2	
102 2	104 2	118 2	120 2	230 2	232 2	246 2	248 2	
105 2	107 2	121 2	123 2	233 2	235 2	249 2	251 2	
106 2	108 2	122 2	124 2	234 2	236 2	250 2	252 2	
109 2	111 2	125 2	127 2	237 2	239 2	253 2	255 2	
110 2	112 2	126 2	128 2	238 2	240 2	254 2	256 2	
257 2	259 2	273 2	275 2	385 2	387 2	401 2	403 2	
258 2	260 2	274 2	276 2	386 2	388 2	402 2	404 2	
261 2	263 2	277 2	279 2	389 2	391 2	405 2	407 2	
262 2	264 2	278 2	280 2	390 2	392 2	406 2	408 2	
265 2	267 2	281 2	283 2	393 2	395 2	409 2	411 2	
266 2	268 2	282 2	284 2	394 2	396 2	410 2	412 2	
269 2	271 2	285 2	287 2	397 2	399 2	413 2	415 2	
270 2	272 2	286 2	288 2	398 2	400 2	414 2	416 2	
289 2	291 2	305 2	307 2	417 2	419 2	433 2	435 2	
290 2	292 2	306 2	308 2	418 2	420 2	434 2	436 2	
297 2	299 2	313 2	315 2	425 2	427 2	441 2	443 2	
298 2	300 2	314 2	316 2	426 2	428 2	442 2	444 2	
321 2	323 2	337 2	339 2	449 2	451 2	465 2	467 2	
322 2	324 2	338 2	340 2	450 2	452 2	466 2	468 2	
325 2	327 2	341 2	343 2	453 2	455 2	469 2	471 2	
326 2	328 2	342 2	344 2	454 2	456 2	470 2	472 2	
329 2	331 2	345 2	347 2	457 2	459 2	473 2	475 2	
330 2	332 2	346 2	348 2	458 2	460 2	474 2	476 2	
333 2	335 2	349 2	351 2	461 2	463 2	477 2	479 2	
334 2	336 2	350 2	352 2	462 2	464 2	478 2	480 2	
353 2	355 2	369 2	371 2	481 2	483 2	497 2	499 2	
354 2	356 2	370 2	372 2	482 2	484 2	498 2	500 2	
361 2	363 2	377 2	379 2	489 2	491 2	505 2	507 2	
362 2	364 2	378 2	380 2	490 2	492 2	506 2	508 2	
1 2	2 2	9 2	10 2	65 2	66 2	73 2	74 2	
3 2	4 2	11 2	12 2	67 2	68 2	75 2	76 2	
5 2	6 2	13 2	14 2	69 2	70 2	77 2	78 2	
7 2	8 2	15 2	16 2	71 2	72 2	79 2	80 2	
17 2	18 2	25 2	26 2	81 2	82 2	89 2	90 2	
19 2	20 2	27 2	28 2	83 2	84 2	91 2	92 2	
21 2	22 2	29 2	30 2	85 2	86 2	93 2	94 2	
23 2	24 2	31 2	32 2	87 2	88 2	95 2	96 2	
33 2	34 2	41 2	42 2	97 2	98 2	105 2	106 2	
35 2	36 2	43 2	44 2	99 2	100 2	107 2	108 2	
37 2	38 2	45 2	46 2	101 2	102 2	109 2	110 2	
39 2	40 2	47 2	48 2	103 2	104 2	111 2	112 2	
49 2	50 2	57 2	58 2	113 2	114 2	121 2	122 2	
51 2	52 2	59 2	60 2	115 2	116 2	123 2	124 2	
53 2	54 2	61 2	62 2	117 2	118 2	125 2	126 2	
55 2	56 2	63 2	64 2	119 2	120 2	127 2	128 2	
129 2	130 2	137 2	138 2	193 2	194 2	201 2	202 2	
131 2	132 2	139 2	140 2	195 2	196 2	203 2	204 2	
133 2	134 2	141 2	142 2	197 2	198 2	205 2	206 2	
135 2	136 2	143 2	144 2	199 2	200 2	207 2	208 2	
145 2	146 2	153 2	154 2	209 2	210 2	217 2	218 2	
149 2	150 2	157 2	158 2	213 2	214 2	221 2	222 2	
161 2	162 2	169 2	170 2	225 2	226 2	233 2	234 2	
163 2	164 2	171 2	172 2	227 2	228 2	235 2	236 2	
165 2	166 2	173 2	174 2	229 2	230 2	237 2	238 2	
167 2	168 2	175 2	176 2	231 2	232 2	239 2	240 2	
177 2	178 2	185 2	186 2	241 2	242 2	249 2	250 2	
181 2	182 2	189 2	190 2	245 2	246 2	253 2	254 2	
257 2	258 2	265 2	266 2	321 2	322 2	329 2	330 2	
259 2	260 2	267 2	268 2	323 2	324 2	331 2	332 2	
261 2	262 2	269 2	270 2	325 2	326 2	333 2	334 2	
263 2	264 2	271 2	272 2	327 2	328 2	335 2	336 2	
273 2	274 2	281 2	282 2	337 2	338 2	345 2	346 2	
275 2	276 2	283 2	284 2	339 2	340 2	347 2	348 2	
277 2	278 2	285 2	286 2	341 2	342 2	349 2	350 2	
279 2	280 2	287 2	288 2	343 2	344 2	351 2	352 2	
289 2	290 2	297 2	298 2	353 2	354 2	361 2	362 2	
291 2	292 2	299 2	300 2	355 2	356 2	363 2	364 2	
305 2	306 2	313 2	314 2	369 2	370 2	377 2	378 2	
307 2	308 2	315 2	316 2	371 2	372 2	379 2	380 2	
385 2	386 2	393 2	394 2	449 2	450 2	457 2	458 2	
387 2	388 2	395 2	396 2	451 2	452 2	459 2	460 2	
389 2	390 2	397 2	398 2	453 2	454 2	461 2	462 2	
391 2	392 2	399 2	400 2	455 2	456 2	463 2	464 2	
401 2	402 2	409 2	410 2	465 2	466 2	473 2	474 2	
405 2	406 2	413 2	414 2	469 2	470 2	477 2	478 2	
417 2	418 2	425 2	426 2	481 2	482 2	489 2	490 2	
419 2	420 2	427 2	428 2	483 2	484 2	491 2	492 2	
433 2	434 2	441 2	442 2	497 2	498 2	505 2	506 2	
