169 168 4 4
2 3 3 3 3 3 3 3 3 3 3 3 2 3 4 4 4 4 4 4 4 4 4 4 4 3 3 4 4 4 4 4 4 4 4 4 4 4 3 3 4 4 4 4 4 4 4 4 4 4 4 3 3 4 4 4 4 4 4 4 4 4 4 4 3 3 4 4 4 4 4 4 4 4 4 4 4 3 3 4 4 4 4 4 4 4 4 4 4 4 3 3 4 4 4 4 4 4 4 4 4 4 4 3 3 4 4 4 4 4 4 4 4 4 4 4 3 3 4 4 4 4 4 4 4 4 4 4 4 3 3 4 4 4 4 4 4 4 4 4 4 4 3 3 4 4 4 4 4 4 4 4 4 4 4 3 2 3 3 3 3 3 3 3 3 3 3 3 2 
4 4 4 4 4 4 2 2 4 4 4 4 4 4 4 4 4 4 4 4 2 2 4 4 4 4 4 4 4 4 4 4 4 4 2 2 4 4 4 4 4 4 4 4 4 4 4 4 2 2 4 4 4 4 4 4 4 4 4 4 4 4 2 2 4 4 4 4 4 4 4 4 4 4 4 4 2 2 4 4 4 4 4 4 2 2 2 2 2 2 4 4 4 4 4 4 4 4 4 4 4 4 4 4 4 4 4 4 4 4 4 4 4 4 4 4 4 4 4 4 4 4 4 4 4 4 4 4 4 4 4 4 4 4 4 4 4 4 4 4 4 4 4 4 4 4 4 4 4 4 4 4 4 4 4 4 4 4 4 4 4 4 2 2 2 2 2 2 
1 1 85 2 0 0 0 0 
1 1 85 2 91 2 0 0 
2 1 86 2 91 2 0 0 
2 1 86 2 92 2 0 0 
3 1 87 2 92 2 0 0 
3 1 87 2 93 2 0 0 
4 1 88 2 93 2 0 0 
4 1 88 2 94 2 0 0 
5 1 89 2 94 2 0 0 
5 1 89 2 95 2 0 0 
6 1 90 2 95 2 0 0 
6 1 90 2 96 2 0 0 
7 1 96 2 0 0 0 0 
1 1 8 1 97 2 0 0 
1 1 9 1 91 2 97 2 
2 1 9 1 91 2 98 2 
2 1 10 1 92 2 98 2 
3 1 10 1 92 2 99 2 
3 1 11 1 93 2 99 2 
4 1 11 1 93 2 100 2 
4 1 12 1 94 2 100 2 
5 1 12 1 94 2 101 2 
5 1 13 1 95 2 101 2 
6 1 13 1 95 2 102 2 
6 1 14 1 96 2 102 2 
7 1 14 1 96 2 0 0 
8 1 15 1 97 2 0 0 
9 1 15 1 97 2 103 2 
9 1 16 1 98 2 103 2 
10 1 16 1 98 2 104 2 
10 1 17 1 99 2 104 2 
11 1 17 1 99 2 105 2 
11 1 18 1 100 2 105 2 
12 1 18 1 100 2 106 2 
12 1 19 1 101 2 106 2 
13 1 19 1 101 2 107 2 
13 1 20 1 102 2 107 2 
14 1 20 1 102 2 108 2 
14 1 21 1 108 2 0 0 
15 1 22 1 109 2 0 0 
15 1 23 1 103 2 109 2 
16 1 23 1 103 2 110 2 
16 1 24 1 104 2 110 2 
17 1 24 1 104 2 111 2 
17 1 25 1 105 2 111 2 
18 1 25 1 105 2 112 2 
18 1 26 1 106 2 112 2 
19 1 26 1 106 2 113 2 
19 1 27 1 107 2 113 2 
20 1 27 1 107 2 114 2 
20 1 28 1 108 2 114 2 
21 1 28 1 108 2 0 0 
22 1 29 1 109 2 0 0 
23 1 29 1 109 2 115 2 
23 1 30 1 110 2 115 2 
24 1 30 1 110 2 116 2 
24 1 31 1 111 2 116 2 
25 1 31 1 111 2 117 2 
25 1 32 1 112 2 117 2 
26 1 32 1 112 2 118 2 
26 1 33 1 113 2 118 2 
27 1 33 1 113 2 119 2 
27 1 34 1 114 2 119 2 
28 1 34 1 114 2 120 2 
28 1 35 1 120 2 0 0 
29 1 36 1 121 2 0 0 
29 1 37 1 115 2 121 2 
30 1 37 1 115 2 122 2 
30 1 38 1 116 2 122 2 
31 1 38 1 116 2 123 2 
31 1 39 1 117 2 123 2 
32 1 39 1 117 2 124 2 
32 1 40 1 118 2 124 2 
33 1 40 1 118 2 125 2 
33 1 41 1 119 2 125 2 
34 1 41 1 119 2 126 2 
34 1 42 1 120 2 126 2 
35 1 42 1 120 2 0 0 
36 1 43 1 121 2 0 0 
37 1 43 1 121 2 127 2 
37 1 44 1 122 2 127 2 
38 1 44 1 122 2 128 2 
38 1 45 1 123 2 128 2 
39 1 45 1 123 2 129 2 
39 1 46 1 124 2 129 2 
40 1 46 1 124 2 130 2 
40 1 47 1 125 2 130 2 
41 1 47 1 125 2 131 2 
41 1 48 1 126 2 131 2 
42 1 48 1 126 2 132 2 
42 1 49 1 132 2 0 0 
43 1 50 1 133 2 0 0 
43 1 51 1 127 2 133 2 
44 1 51 1 127 2 134 2 
44 1 52 1 128 2 134 2 
45 1 52 1 128 2 135 2 
45 1 53 1 129 2 135 2 
46 1 53 1 129 2 136 2 
46 1 54 1 130 2 136 2 
47 1 54 1 130 2 137 2 
47 1 55 1 131 2 137 2 
48 1 55 1 131 2 138 2 
48 1 56 1 132 2 138 2 
49 1 56 1 132 2 0 0 
50 1 57 1 133 2 0 0 
51 1 57 1 133 2 139 2 
51 1 58 1 134 2 139 2 
52 1 58 1 134 2 140 2 
52 1 59 1 135 2 140 2 
53 1 59 1 135 2 141 2 
53 1 60 1 136 2 141 2 
54 1 60 1 136 2 142 2 
54 1 61 1 137 2 142 2 
55 1 61 1 137 2 143 2 
55 1 62 1 138 2 143 2 
56 1 62 1 138 2 144 2 
56 1 63 1 144 2 0 0 
57 1 64 1 145 2 0 0 
57 1 65 1 139 2 145 2 
58 1 65 1 139 2 146 2 
58 1 66 1 140 2 146 2 
59 1 66 1 140 2 147 2 
59 1 67 1 141 2 147 2 
60 1 67 1 141 2 148 2 
60 1 68 1 142 2 148 2 
61 1 68 1 142 2 149 2 
61 1 69 1 143 2 149 2 
62 1 69 1 143 2 150 2 
62 1 70 1 144 2 150 2 
63 1 70 1 144 2 0 0 
64 1 71 1 145 2 0 0 
65 1 71 1 145 2 151 2 
65 1 72 1 146 2 151 2 
66 1 72 1 146 2 152 2 
66 1 73 1 147 2 152 2 
67 1 73 1 147 2 153 2 
67 1 74 1 148 2 153 2 
68 1 74 1 148 2 154 2 
68 1 75 1 149 2 154 2 
69 1 75 1 149 2 155 2 
69 1 76 1 150 2 155 2 
70 1 76 1 150 2 156 2 
70 1 77 1 156 2 0 0 
71 1 78 1 157 2 0 0 
71 1 79 1 151 2 157 2 
72 1 79 1 151 2 158 2 
72 1 80 1 152 2 158 2 
73 1 80 1 152 2 159 2 
73 1 81 1 153 2 159 2 
74 1 81 1 153 2 160 2 
74 1 82 1 154 2 160 2 
75 1 82 1 154 2 161 2 
75 1 83 1 155 2 161 2 
76 1 83 1 155 2 162 2 
76 1 84 1 156 2 162 2 
77 1 84 1 156 2 0 0 
78 1 157 2 0 0 0 0 
79 1 157 2 163 2 0 0 
79 1 158 2 163 2 0 0 
80 1 158 2 164 2 0 0 
80 1 159 2 164 2 0 0 
81 1 159 2 165 2 0 0 
81 1 160 2 165 2 0 0 
82 1 160 2 166 2 0 0 
82 1 161 2 166 2 0 0 
83 1 161 2 167 2 0 0 
83 1 162 2 167 2 0 0 
84 1 162 2 168 2 0 0 
84 1 168 2 0 0 0 0 
1 1 2 1 14 1 15 1 
3 1 4 1 16 1 17 1 
5 1 6 1 18 1 19 1 
7 1 8 1 20 1 21 1 
9 1 10 1 22 1 23 1 
11 1 12 1 24 1 25 1 
13 1 26 1 0 0 0 0 
14 1 27 1 0 0 0 0 
15 1 16 1 28 1 29 1 
17 1 18 1 30 1 31 1 
19 1 20 1 32 1 33 1 
21 1 22 1 34 1 35 1 
23 1 24 1 36 1 37 1 
25 1 26 1 38 1 39 1 
27 1 28 1 40 1 41 1 
29 1 30 1 42 1 43 1 
31 1 32 1 44 1 45 1 
33 1 34 1 46 1 47 1 
35 1 36 1 48 1 49 1 
37 1 38 1 50 1 51 1 
39 1 52 1 0 0 0 0 
40 1 53 1 0 0 0 0 
41 1 42 1 54 1 55 1 
43 1 44 1 56 1 57 1 
45 1 46 1 58 1 59 1 
47 1 48 1 60 1 61 1 
49 1 50 1 62 1 63 1 
51 1 52 1 64 1 65 1 
53 1 54 1 66 1 67 1 
55 1 56 1 68 1 69 1 
57 1 58 1 70 1 71 1 
59 1 60 1 72 1 73 1 
61 1 62 1 74 1 75 1 
63 1 64 1 76 1 77 1 
65 1 78 1 0 0 0 0 
66 1 79 1 0 0 0 0 
67 1 68 1 80 1 81 1 
69 1 70 1 82 1 83 1 
71 1 72 1 84 1 85 1 
73 1 74 1 86 1 87 1 
75 1 76 1 88 1 89 1 
77 1 78 1 90 1 91 1 
79 1 80 1 92 1 93 1 
81 1 82 1 94 1 95 1 
83 1 84 1 96 1 97 1 
85 1 86 1 98 1 99 1 
87 1 88 1 100 1 101 1 
89 1 90 1 102 1 103 1 
91 1 104 1 0 0 0 0 
92 1 105 1 0 0 0 0 
93 1 94 1 106 1 107 1 
95 1 96 1 108 1 109 1 
97 1 98 1 110 1 111 1 
99 1 100 1 112 1 113 1 
101 1 102 1 114 1 115 1 
103 1 104 1 116 1 117 1 
105 1 106 1 118 1 119 1 
107 1 108 1 120 1 121 1 
109 1 110 1 122 1 123 1 
111 1 112 1 124 1 125 1 
113 1 114 1 126 1 127 1 
115 1 116 1 128 1 129 1 
117 1 130 1 0 0 0 0 
118 1 131 1 0 0 0 0 
119 1 120 1 132 1 133 1 
121 1 122 1 134 1 135 1 
123 1 124 1 136 1 137 1 
125 1 126 1 138 1 139 1 
127 1 128 1 140 1 141 1 
129 1 130 1 142 1 143 1 
131 1 132 1 144 1 145 1 
133 1 134 1 146 1 147 1 
135 1 136 1 148 1 149 1 
137 1 138 1 150 1 151 1 
139 1 140 1 152 1 153 1 
141 1 142 1 154 1 155 1 
143 1 156 1 0 0 0 0 
144 1 157 1 0 0 0 0 
145 1 146 1 158 1 159 1 
147 1 148 1 160 1 161 1 
149 1 150 1 162 1 163 1 
151 1 152 1 164 1 165 1 
153 1 154 1 166 1 167 1 
155 1 156 1 168 1 169 1 
1 2 2 2 0 0 0 0 
3 2 4 2 0 0 0 0 
5 2 6 2 0 0 0 0 
7 2 8 2 0 0 0 0 
9 2 10 2 0 0 0 0 
11 2 12 2 0 0 0 0 
2 2 3 2 15 2 16 2 
4 2 5 2 17 2 18 2 
6 2 7 2 19 2 20 2 
8 2 9 2 21 2 22 2 
10 2 11 2 23 2 24 2 
12 2 13 2 25 2 26 2 
14 2 15 2 27 2 28 2 
16 2 17 2 29 2 30 2 
18 2 19 2 31 2 32 2 
20 2 21 2 33 2 34 2 
22 2 23 2 35 2 36 2 
24 2 25 2 37 2 38 2 
28 2 29 2 41 2 42 2 
30 2 31 2 43 2 44 2 
32 2 33 2 45 2 46 2 
34 2 35 2 47 2 48 2 
36 2 37 2 49 2 50 2 
38 2 39 2 51 2 52 2 
40 2 41 2 53 2 54 2 
42 2 43 2 55 2 56 2 
44 2 45 2 57 2 58 2 
46 2 47 2 59 2 60 2 
48 2 49 2 61 2 62 2 
50 2 51 2 63 2 64 2 
54 2 55 2 67 2 68 2 
56 2 57 2 69 2 70 2 
58 2 59 2 71 2 72 2 
60 2 61 2 73 2 74 2 
62 2 63 2 75 2 76 2 
64 2 65 2 77 2 78 2 
66 2 67 2 79 2 80 2 
68 2 69 2 81 2 82 2 
70 2 71 2 83 2 84 2 
72 2 73 2 85 2 86 2 
74 2 75 2 87 2 88 2 
76 2 77 2 89 2 90 2 
80 2 81 2 93 2 94 2 
82 2 83 2 95 2 96 2 
84 2 85 2 97 2 98 2 
86 2 87 2 99 2 100 2 
88 2 89 2 101 2 102 2 
90 2 91 2 103 2 104 2 
92 2 93 2 105 2 106 2 
94 2 95 2 107 2 108 2 
96 2 97 2 109 2 110 2 
98 2 99 2 111 2 112 2 
100 2 101 2 113 2 114 2 
102 2 103 2 115 2 116 2 
106 2 107 2 119 2 120 2 
108 2 109 2 121 2 122 2 
110 2 111 2 123 2 124 2 
112 2 113 2 125 2 126 2 
114 2 115 2 127 2 128 2 
116 2 117 2 129 2 130 2 
118 2 119 2 131 2 132 2 
120 2 121 2 133 2 134 2 
122 2 123 2 135 2 136 2 
124 2 125 2 137 2 138 2 
126 2 127 2 139 2 140 2 
128 2 129 2 141 2 142 2 
132 2 133 2 145 2 146 2 
134 2 135 2 147 2 148 2 
136 2 137 2 149 2 150 2 
138 2 139 2 151 2 152 2 
140 2 141 2 153 2 154 2 
142 2 143 2 155 2 156 2 
144 2 145 2 157 2 158 2 
146 2 147 2 159 2 160 2 
148 2 149 2 161 2 162 2 
150 2 151 2 163 2 164 2 
152 2 153 2 165 2 166 2 
154 2 155 2 167 2 168 2 
158 2 159 2 0 0 0 0 
160 2 161 2 0 0 0 0 
162 2 163 2 0 0 0 0 
164 2 165 2 0 0 0 0 
166 2 167 2 0 0 0 0 
168 2 169 2 0 0 0 0 
