121 120
4 4
2 3 3 3 3 3 3 3 3 3 2 3 4 4 4 4 4 4 4 4 4 3 3 4 4 4 4 4 4 4 4 4 3 3 4 4 4 4 4 4 4 4 4 3 3 4 4 4 4 4 4 4 4 4 3 3 4 4 4 4 4 4 4 4 4 3 3 4 4 4 4 4 4 4 4 4 3 3 4 4 4 4 4 4 4 4 4 3 3 4 4 4 4 4 4 4 4 4 3 3 4 4 4 4 4 4 4 4 4 3 2 3 3 3 3 3 3 3 3 3 2 
2 2 2 2 2 4 4 4 4 4 4 4 4 4 4 2 2 4 4 4 4 4 4 4 4 4 4 4 4 4 4 4 4 4 4 4 4 2 2 4 4 4 4 4 4 4 4 4 4 4 4 4 4 4 4 4 4 4 4 2 2 4 4 4 4 4 4 4 4 4 4 4 4 4 4 4 4 4 4 4 4 2 2 4 4 4 4 4 4 4 4 4 4 4 4 4 4 4 4 4 4 4 4 2 2 4 4 4 4 4 4 4 4 4 4 2 2 2 2 2 
1 1 	6 2 	0 0 	0 0 	
1 1 	6 2 	7 1 	0 0 	
2 1 	7 1 	8 2 	0 0 	
2 1 	8 2 	9 1 	0 0 	
3 1 	9 1 	10 2 	0 0 	
3 1 	10 2 	11 1 	0 0 	
4 1 	11 1 	12 2 	0 0 	
4 1 	12 2 	13 1 	0 0 	
5 1 	13 1 	14 2 	0 0 	
5 1 	14 2 	15 1 	0 0 	
15 1 	16 2 	0 0 	0 0 	
6 2 	17 2 	18 1 	0 0 	
6 2 	7 1 	18 1 	19 2 	
7 1 	8 2 	19 2 	20 1 	
8 2 	9 1 	20 1 	21 2 	
9 1 	10 2 	21 2 	22 1 	
10 2 	11 1 	22 1 	23 2 	
11 1 	12 2 	23 2 	24 1 	
12 2 	13 1 	24 1 	25 2 	
13 1 	14 2 	25 2 	26 1 	
14 2 	15 1 	26 1 	27 2 	
15 1 	16 2 	27 2 	0 0 	
17 2 	18 1 	28 2 	0 0 	
18 1 	19 2 	28 2 	29 1 	
19 2 	20 1 	29 1 	30 2 	
20 1 	21 2 	30 2 	31 1 	
21 2 	22 1 	31 1 	32 2 	
22 1 	23 2 	32 2 	33 1 	
23 2 	24 1 	33 1 	34 2 	
24 1 	25 2 	34 2 	35 1 	
25 2 	26 1 	35 1 	36 2 	
26 1 	27 2 	36 2 	37 1 	
27 2 	37 1 	38 2 	0 0 	
28 2 	39 2 	40 1 	0 0 	
28 2 	29 1 	40 1 	41 2 	
29 1 	30 2 	41 2 	42 1 	
30 2 	31 1 	42 1 	43 2 	
31 1 	32 2 	43 2 	44 1 	
32 2 	33 1 	44 1 	45 2 	
33 1 	34 2 	45 2 	46 1 	
34 2 	35 1 	46 1 	47 2 	
35 1 	36 2 	47 2 	48 1 	
36 2 	37 1 	48 1 	49 2 	
37 1 	38 2 	49 2 	0 0 	
39 2 	40 1 	50 2 	0 0 	
40 1 	41 2 	50 2 	51 1 	
41 2 	42 1 	51 1 	52 2 	
42 1 	43 2 	52 2 	53 1 	
43 2 	44 1 	53 1 	54 2 	
44 1 	45 2 	54 2 	55 1 	
45 2 	46 1 	55 1 	56 2 	
46 1 	47 2 	56 2 	57 1 	
47 2 	48 1 	57 1 	58 2 	
48 1 	49 2 	58 2 	59 1 	
49 2 	59 1 	60 2 	0 0 	
50 2 	61 2 	62 1 	0 0 	
50 2 	51 1 	62 1 	63 2 	
51 1 	52 2 	63 2 	64 1 	
52 2 	53 1 	64 1 	65 2 	
53 1 	54 2 	65 2 	66 1 	
54 2 	55 1 	66 1 	67 2 	
55 1 	56 2 	67 2 	68 1 	
56 2 	57 1 	68 1 	69 2 	
57 1 	58 2 	69 2 	70 1 	
58 2 	59 1 	70 1 	71 2 	
59 1 	60 2 	71 2 	0 0 	
61 2 	62 1 	72 2 	0 0 	
62 1 	63 2 	72 2 	73 1 	
63 2 	64 1 	73 1 	74 2 	
64 1 	65 2 	74 2 	75 1 	
65 2 	66 1 	75 1 	76 2 	
66 1 	67 2 	76 2 	77 1 	
67 2 	68 1 	77 1 	78 2 	
68 1 	69 2 	78 2 	79 1 	
69 2 	70 1 	79 1 	80 2 	
70 1 	71 2 	80 2 	81 1 	
71 2 	81 1 	82 2 	0 0 	
72 2 	83 2 	84 1 	0 0 	
72 2 	73 1 	84 1 	85 2 	
73 1 	74 2 	85 2 	86 1 	
74 2 	75 1 	86 1 	87 2 	
75 1 	76 2 	87 2 	88 1 	
76 2 	77 1 	88 1 	89 2 	
77 1 	78 2 	89 2 	90 1 	
78 2 	79 1 	90 1 	91 2 	
79 1 	80 2 	91 2 	92 1 	
80 2 	81 1 	92 1 	93 2 	
81 1 	82 2 	93 2 	0 0 	
83 2 	84 1 	94 2 	0 0 	
84 1 	85 2 	94 2 	95 1 	
85 2 	86 1 	95 1 	96 2 	
86 1 	87 2 	96 2 	97 1 	
87 2 	88 1 	97 1 	98 2 	
88 1 	89 2 	98 2 	99 1 	
89 2 	90 1 	99 1 	100 2 	
90 1 	91 2 	100 2 	101 1 	
91 2 	92 1 	101 1 	102 2 	
92 1 	93 2 	102 2 	103 1 	
93 2 	103 1 	104 2 	0 0 	
94 2 	105 2 	106 1 	0 0 	
94 2 	95 1 	106 1 	107 2 	
95 1 	96 2 	107 2 	108 1 	
96 2 	97 1 	108 1 	109 2 	
97 1 	98 2 	109 2 	110 1 	
98 2 	99 1 	110 1 	111 2 	
99 1 	100 2 	111 2 	112 1 	
100 2 	101 1 	112 1 	113 2 	
101 1 	102 2 	113 2 	114 1 	
102 2 	103 1 	114 1 	115 2 	
103 1 	104 2 	115 2 	0 0 	
105 2 	106 1 	0 0 	0 0 	
106 1 	107 2 	116 1 	0 0 	
107 2 	108 1 	116 1 	0 0 	
108 1 	109 2 	117 1 	0 0 	
109 2 	110 1 	117 1 	0 0 	
110 1 	111 2 	118 1 	0 0 	
111 2 	112 1 	118 1 	0 0 	
112 1 	113 2 	119 1 	0 0 	
113 2 	114 1 	119 1 	0 0 	
114 1 	115 2 	120 1 	0 0 	
115 2 	120 1 	0 0 	0 0 	
1 1 	2 1 	0 0 	0 0 	
3 1 	4 1 	0 0 	0 0 	
5 1 	6 1 	0 0 	0 0 	
7 1 	8 1 	0 0 	0 0 	
9 1 	10 1 	0 0 	0 0 	
1 2 	2 2 	12 2 	13 2 	
2 1 	3 1 	13 1 	14 1 	
3 2 	4 2 	14 2 	15 2 	
4 1 	5 1 	15 1 	16 1 	
5 2 	6 2 	16 2 	17 2 	
6 1 	7 1 	17 1 	18 1 	
7 2 	8 2 	18 2 	19 2 	
8 1 	9 1 	19 1 	20 1 	
9 2 	10 2 	20 2 	21 2 	
10 1 	11 1 	21 1 	22 1 	
11 2 	22 2 	0 0 	0 0 	
12 2 	23 2 	0 0 	0 0 	
12 1 	13 1 	23 1 	24 1 	
13 2 	14 2 	24 2 	25 2 	
14 1 	15 1 	25 1 	26 1 	
15 2 	16 2 	26 2 	27 2 	
16 1 	17 1 	27 1 	28 1 	
17 2 	18 2 	28 2 	29 2 	
18 1 	19 1 	29 1 	30 1 	
19 2 	20 2 	30 2 	31 2 	
20 1 	21 1 	31 1 	32 1 	
21 2 	22 2 	32 2 	33 2 	
23 2 	24 2 	34 2 	35 2 	
24 1 	25 1 	35 1 	36 1 	
25 2 	26 2 	36 2 	37 2 	
26 1 	27 1 	37 1 	38 1 	
27 2 	28 2 	38 2 	39 2 	
28 1 	29 1 	39 1 	40 1 	
29 2 	30 2 	40 2 	41 2 	
30 1 	31 1 	41 1 	42 1 	
31 2 	32 2 	42 2 	43 2 	
32 1 	33 1 	43 1 	44 1 	
33 2 	44 2 	0 0 	0 0 	
34 2 	45 2 	0 0 	0 0 	
34 1 	35 1 	45 1 	46 1 	
35 2 	36 2 	46 2 	47 2 	
36 1 	37 1 	47 1 	48 1 	
37 2 	38 2 	48 2 	49 2 	
38 1 	39 1 	49 1 	50 1 	
39 2 	40 2 	50 2 	51 2 	
40 1 	41 1 	51 1 	52 1 	
41 2 	42 2 	52 2 	53 2 	
42 1 	43 1 	53 1 	54 1 	
43 2 	44 2 	54 2 	55 2 	
45 2 	46 2 	56 2 	57 2 	
46 1 	47 1 	57 1 	58 1 	
47 2 	48 2 	58 2 	59 2 	
48 1 	49 1 	59 1 	60 1 	
49 2 	50 2 	60 2 	61 2 	
50 1 	51 1 	61 1 	62 1 	
51 2 	52 2 	62 2 	63 2 	
52 1 	53 1 	63 1 	64 1 	
53 2 	54 2 	64 2 	65 2 	
54 1 	55 1 	65 1 	66 1 	
55 2 	66 2 	0 0 	0 0 	
56 2 	67 2 	0 0 	0 0 	
56 1 	57 1 	67 1 	68 1 	
57 2 	58 2 	68 2 	69 2 	
58 1 	59 1 	69 1 	70 1 	
59 2 	60 2 	70 2 	71 2 	
60 1 	61 1 	71 1 	72 1 	
61 2 	62 2 	72 2 	73 2 	
62 1 	63 1 	73 1 	74 1 	
63 2 	64 2 	74 2 	75 2 	
64 1 	65 1 	75 1 	76 1 	
65 2 	66 2 	76 2 	77 2 	
67 2 	68 2 	78 2 	79 2 	
68 1 	69 1 	79 1 	80 1 	
69 2 	70 2 	80 2 	81 2 	
70 1 	71 1 	81 1 	82 1 	
71 2 	72 2 	82 2 	83 2 	
72 1 	73 1 	83 1 	84 1 	
73 2 	74 2 	84 2 	85 2 	
74 1 	75 1 	85 1 	86 1 	
75 2 	76 2 	86 2 	87 2 	
76 1 	77 1 	87 1 	88 1 	
77 2 	88 2 	0 0 	0 0 	
78 2 	89 2 	0 0 	0 0 	
78 1 	79 1 	89 1 	90 1 	
79 2 	80 2 	90 2 	91 2 	
80 1 	81 1 	91 1 	92 1 	
81 2 	82 2 	92 2 	93 2 	
82 1 	83 1 	93 1 	94 1 	
83 2 	84 2 	94 2 	95 2 	
84 1 	85 1 	95 1 	96 1 	
85 2 	86 2 	96 2 	97 2 	
86 1 	87 1 	97 1 	98 1 	
87 2 	88 2 	98 2 	99 2 	
89 2 	90 2 	100 2 	101 2 	
90 1 	91 1 	101 1 	102 1 	
91 2 	92 2 	102 2 	103 2 	
92 1 	93 1 	103 1 	104 1 	
93 2 	94 2 	104 2 	105 2 	
94 1 	95 1 	105 1 	106 1 	
95 2 	96 2 	106 2 	107 2 	
96 1 	97 1 	107 1 	108 1 	
97 2 	98 2 	108 2 	109 2 	
98 1 	99 1 	109 1 	110 1 	
99 2 	110 2 	0 0 	0 0 	
100 2 	111 2 	0 0 	0 0 	
100 1 	101 1 	111 1 	112 1 	
101 2 	102 2 	112 2 	113 2 	
102 1 	103 1 	113 1 	114 1 	
103 2 	104 2 	114 2 	115 2 	
104 1 	105 1 	115 1 	116 1 	
105 2 	106 2 	116 2 	117 2 	
106 1 	107 1 	117 1 	118 1 	
107 2 	108 2 	118 2 	119 2 	
108 1 	109 1 	119 1 	120 1 	
109 2 	110 2 	120 2 	121 2 	
112 1 	113 1 	0 0 	0 0 	
114 1 	115 1 	0 0 	0 0 	
116 1 	117 1 	0 0 	0 0 	
118 1 	119 1 	0 0 	0 0 	
120 1 	121 1 	0 0 	0 0 	
