121 120 4 4
2 3 3 3 3 3 3 3 3 3 2 3 4 4 4 4 4 4 4 4 4 3 3 4 4 4 4 4 4 4 4 4 3 3 4 4 4 4 4 4 4 4 4 3 3 4 4 4 4 4 4 4 4 4 3 3 4 4 4 4 4 4 4 4 4 3 3 4 4 4 4 4 4 4 4 4 3 3 4 4 4 4 4 4 4 4 4 3 3 4 4 4 4 4 4 4 4 4 3 3 4 4 4 4 4 4 4 4 4 3 2 3 3 3 3 3 3 3 3 3 2 
4 4 4 4 4 2 2 4 4 4 4 4 4 4 4 4 4 2 2 4 4 4 4 4 4 4 4 4 4 2 2 4 4 4 4 4 4 4 4 4 4 2 2 4 4 4 4 4 4 4 4 4 4 2 2 4 4 4 4 4 2 2 2 2 2 4 4 4 4 4 4 4 4 4 4 4 4 4 4 4 4 4 4 4 4 4 4 4 4 4 4 4 4 4 4 4 4 4 4 4 4 4 4 4 4 4 4 4 4 4 4 4 4 4 4 2 2 2 2 2 
1 1 61 2 0 0 0 0 
1 1 61 2 66 2 0 0 
2 1 62 2 66 2 0 0 
2 1 62 2 67 2 0 0 
3 1 63 2 67 2 0 0 
3 1 63 2 68 2 0 0 
4 1 64 2 68 2 0 0 
4 1 64 2 69 2 0 0 
5 1 65 2 69 2 0 0 
5 1 65 2 70 2 0 0 
6 1 70 2 0 0 0 0 
1 1 7 1 71 2 0 0 
1 1 8 1 66 2 71 2 
2 1 8 1 66 2 72 2 
2 1 9 1 67 2 72 2 
3 1 9 1 67 2 73 2 
3 1 10 1 68 2 73 2 
4 1 10 1 68 2 74 2 
4 1 11 1 69 2 74 2 
5 1 11 1 69 2 75 2 
5 1 12 1 70 2 75 2 
6 1 12 1 70 2 0 0 
7 1 13 1 71 2 0 0 
8 1 13 1 71 2 76 2 
8 1 14 1 72 2 76 2 
9 1 14 1 72 2 77 2 
9 1 15 1 73 2 77 2 
10 1 15 1 73 2 78 2 
10 1 16 1 74 2 78 2 
11 1 16 1 74 2 79 2 
11 1 17 1 75 2 79 2 
12 1 17 1 75 2 80 2 
12 1 18 1 80 2 0 0 
13 1 19 1 81 2 0 0 
13 1 20 1 76 2 81 2 
14 1 20 1 76 2 82 2 
14 1 21 1 77 2 82 2 
15 1 21 1 77 2 83 2 
15 1 22 1 78 2 83 2 
16 1 22 1 78 2 84 2 
16 1 23 1 79 2 84 2 
17 1 23 1 79 2 85 2 
17 1 24 1 80 2 85 2 
18 1 24 1 80 2 0 0 
19 1 25 1 81 2 0 0 
20 1 25 1 81 2 86 2 
20 1 26 1 82 2 86 2 
21 1 26 1 82 2 87 2 
21 1 27 1 83 2 87 2 
22 1 27 1 83 2 88 2 
22 1 28 1 84 2 88 2 
23 1 28 1 84 2 89 2 
23 1 29 1 85 2 89 2 
24 1 29 1 85 2 90 2 
24 1 30 1 90 2 0 0 
25 1 31 1 91 2 0 0 
25 1 32 1 86 2 91 2 
26 1 32 1 86 2 92 2 
26 1 33 1 87 2 92 2 
27 1 33 1 87 2 93 2 
27 1 34 1 88 2 93 2 
28 1 34 1 88 2 94 2 
28 1 35 1 89 2 94 2 
29 1 35 1 89 2 95 2 
29 1 36 1 90 2 95 2 
30 1 36 1 90 2 0 0 
31 1 37 1 91 2 0 0 
32 1 37 1 91 2 96 2 
32 1 38 1 92 2 96 2 
33 1 38 1 92 2 97 2 
33 1 39 1 93 2 97 2 
34 1 39 1 93 2 98 2 
34 1 40 1 94 2 98 2 
35 1 40 1 94 2 99 2 
35 1 41 1 95 2 99 2 
36 1 41 1 95 2 100 2 
36 1 42 1 100 2 0 0 
37 1 43 1 101 2 0 0 
37 1 44 1 96 2 101 2 
38 1 44 1 96 2 102 2 
38 1 45 1 97 2 102 2 
39 1 45 1 97 2 103 2 
39 1 46 1 98 2 103 2 
40 1 46 1 98 2 104 2 
40 1 47 1 99 2 104 2 
41 1 47 1 99 2 105 2 
41 1 48 1 100 2 105 2 
42 1 48 1 100 2 0 0 
43 1 49 1 101 2 0 0 
44 1 49 1 101 2 106 2 
44 1 50 1 102 2 106 2 
45 1 50 1 102 2 107 2 
45 1 51 1 103 2 107 2 
46 1 51 1 103 2 108 2 
46 1 52 1 104 2 108 2 
47 1 52 1 104 2 109 2 
47 1 53 1 105 2 109 2 
48 1 53 1 105 2 110 2 
48 1 54 1 110 2 0 0 
49 1 55 1 111 2 0 0 
49 1 56 1 106 2 111 2 
50 1 56 1 106 2 112 2 
50 1 57 1 107 2 112 2 
51 1 57 1 107 2 113 2 
51 1 58 1 108 2 113 2 
52 1 58 1 108 2 114 2 
52 1 59 1 109 2 114 2 
53 1 59 1 109 2 115 2 
53 1 60 1 110 2 115 2 
54 1 60 1 110 2 0 0 
55 1 111 2 0 0 0 0 
56 1 111 2 116 2 0 0 
56 1 112 2 116 2 0 0 
57 1 112 2 117 2 0 0 
57 1 113 2 117 2 0 0 
58 1 113 2 118 2 0 0 
58 1 114 2 118 2 0 0 
59 1 114 2 119 2 0 0 
59 1 115 2 119 2 0 0 
60 1 115 2 120 2 0 0 
60 1 120 2 0 0 0 0 
1 1 2 1 12 1 13 1 
3 1 4 1 14 1 15 1 
5 1 6 1 16 1 17 1 
7 1 8 1 18 1 19 1 
9 1 10 1 20 1 21 1 
11 1 22 1 0 0 0 0 
12 1 23 1 0 0 0 0 
13 1 14 1 24 1 25 1 
15 1 16 1 26 1 27 1 
17 1 18 1 28 1 29 1 
19 1 20 1 30 1 31 1 
21 1 22 1 32 1 33 1 
23 1 24 1 34 1 35 1 
25 1 26 1 36 1 37 1 
27 1 28 1 38 1 39 1 
29 1 30 1 40 1 41 1 
31 1 32 1 42 1 43 1 
33 1 44 1 0 0 0 0 
34 1 45 1 0 0 0 0 
35 1 36 1 46 1 47 1 
37 1 38 1 48 1 49 1 
39 1 40 1 50 1 51 1 
41 1 42 1 52 1 53 1 
43 1 44 1 54 1 55 1 
45 1 46 1 56 1 57 1 
47 1 48 1 58 1 59 1 
49 1 50 1 60 1 61 1 
51 1 52 1 62 1 63 1 
53 1 54 1 64 1 65 1 
55 1 66 1 0 0 0 0 
56 1 67 1 0 0 0 0 
57 1 58 1 68 1 69 1 
59 1 60 1 70 1 71 1 
61 1 62 1 72 1 73 1 
63 1 64 1 74 1 75 1 
65 1 66 1 76 1 77 1 
67 1 68 1 78 1 79 1 
69 1 70 1 80 1 81 1 
71 1 72 1 82 1 83 1 
73 1 74 1 84 1 85 1 
75 1 76 1 86 1 87 1 
77 1 88 1 0 0 0 0 
78 1 89 1 0 0 0 0 
79 1 80 1 90 1 91 1 
81 1 82 1 92 1 93 1 
83 1 84 1 94 1 95 1 
85 1 86 1 96 1 97 1 
87 1 88 1 98 1 99 1 
89 1 90 1 100 1 101 1 
91 1 92 1 102 1 103 1 
93 1 94 1 104 1 105 1 
95 1 96 1 106 1 107 1 
97 1 98 1 108 1 109 1 
99 1 110 1 0 0 0 0 
100 1 111 1 0 0 0 0 
101 1 102 1 112 1 113 1 
103 1 104 1 114 1 115 1 
105 1 106 1 116 1 117 1 
107 1 108 1 118 1 119 1 
109 1 110 1 120 1 121 1 
1 2 2 2 0 0 0 0 
3 2 4 2 0 0 0 0 
5 2 6 2 0 0 0 0 
7 2 8 2 0 0 0 0 
9 2 10 2 0 0 0 0 
2 2 3 2 13 2 14 2 
4 2 5 2 15 2 16 2 
6 2 7 2 17 2 18 2 
8 2 9 2 19 2 20 2 
10 2 11 2 21 2 22 2 
12 2 13 2 23 2 24 2 
14 2 15 2 25 2 26 2 
16 2 17 2 27 2 28 2 
18 2 19 2 29 2 30 2 
20 2 21 2 31 2 32 2 
24 2 25 2 35 2 36 2 
26 2 27 2 37 2 38 2 
28 2 29 2 39 2 40 2 
30 2 31 2 41 2 42 2 
32 2 33 2 43 2 44 2 
34 2 35 2 45 2 46 2 
36 2 37 2 47 2 48 2 
38 2 39 2 49 2 50 2 
40 2 41 2 51 2 52 2 
42 2 43 2 53 2 54 2 
46 2 47 2 57 2 58 2 
48 2 49 2 59 2 60 2 
50 2 51 2 61 2 62 2 
52 2 53 2 63 2 64 2 
54 2 55 2 65 2 66 2 
56 2 57 2 67 2 68 2 
58 2 59 2 69 2 70 2 
60 2 61 2 71 2 72 2 
62 2 63 2 73 2 74 2 
64 2 65 2 75 2 76 2 
68 2 69 2 79 2 80 2 
70 2 71 2 81 2 82 2 
72 2 73 2 83 2 84 2 
74 2 75 2 85 2 86 2 
76 2 77 2 87 2 88 2 
78 2 79 2 89 2 90 2 
80 2 81 2 91 2 92 2 
82 2 83 2 93 2 94 2 
84 2 85 2 95 2 96 2 
86 2 87 2 97 2 98 2 
90 2 91 2 101 2 102 2 
92 2 93 2 103 2 104 2 
94 2 95 2 105 2 106 2 
96 2 97 2 107 2 108 2 
98 2 99 2 109 2 110 2 
100 2 101 2 111 2 112 2 
102 2 103 2 113 2 114 2 
104 2 105 2 115 2 116 2 
106 2 107 2 117 2 118 2 
108 2 109 2 119 2 120 2 
112 2 113 2 0 0 0 0 
114 2 115 2 0 0 0 0 
116 2 117 2 0 0 0 0 
118 2 119 2 0 0 0 0 
120 2 121 2 0 0 0 0 
