81 80 4 4
2 3 3 3 3 3 3 3 2 3 4 4 4 4 4 4 4 3 3 4 4 4 4 4 4 4 3 3 4 4 4 4 4 4 4 3 3 4 4 4 4 4 4 4 3 3 4 4 4 4 4 4 4 3 3 4 4 4 4 4 4 4 3 3 4 4 4 4 4 4 4 3 2 3 3 3 3 3 3 3 2 
4 4 4 4 2 2 4 4 4 4 4 4 4 4 2 2 4 4 4 4 4 4 4 4 2 2 4 4 4 4 4 4 4 4 2 2 4 4 4 4 2 2 2 2 4 4 4 4 4 4 4 4 4 4 4 4 4 4 4 4 4 4 4 4 4 4 4 4 4 4 4 4 4 4 4 4 2 2 2 2 
1 1 41 2 0 0 0 0 
1 1 41 2 45 2 0 0 
2 1 42 2 45 2 0 0 
2 1 42 2 46 2 0 0 
3 1 43 2 46 2 0 0 
3 1 43 2 47 2 0 0 
4 1 44 2 47 2 0 0 
4 1 44 2 48 2 0 0 
5 1 48 2 0 0 0 0 
1 1 6 1 49 2 0 0 
1 1 7 1 45 2 49 2 
2 1 7 1 45 2 50 2 
2 1 8 1 46 2 50 2 
3 1 8 1 46 2 51 2 
3 1 9 1 47 2 51 2 
4 1 9 1 47 2 52 2 
4 1 10 1 48 2 52 2 
5 1 10 1 48 2 0 0 
6 1 11 1 49 2 0 0 
7 1 11 1 49 2 53 2 
7 1 12 1 50 2 53 2 
8 1 12 1 50 2 54 2 
8 1 13 1 51 2 54 2 
9 1 13 1 51 2 55 2 
9 1 14 1 52 2 55 2 
10 1 14 1 52 2 56 2 
10 1 15 1 56 2 0 0 
11 1 16 1 57 2 0 0 
11 1 17 1 53 2 57 2 
12 1 17 1 53 2 58 2 
12 1 18 1 54 2 58 2 
13 1 18 1 54 2 59 2 
13 1 19 1 55 2 59 2 
14 1 19 1 55 2 60 2 
14 1 20 1 56 2 60 2 
15 1 20 1 56 2 0 0 
16 1 21 1 57 2 0 0 
17 1 21 1 57 2 61 2 
17 1 22 1 58 2 61 2 
18 1 22 1 58 2 62 2 
18 1 23 1 59 2 62 2 
19 1 23 1 59 2 63 2 
19 1 24 1 60 2 63 2 
20 1 24 1 60 2 64 2 
20 1 25 1 64 2 0 0 
21 1 26 1 65 2 0 0 
21 1 27 1 61 2 65 2 
22 1 27 1 61 2 66 2 
22 1 28 1 62 2 66 2 
23 1 28 1 62 2 67 2 
23 1 29 1 63 2 67 2 
24 1 29 1 63 2 68 2 
24 1 30 1 64 2 68 2 
25 1 30 1 64 2 0 0 
26 1 31 1 65 2 0 0 
27 1 31 1 65 2 69 2 
27 1 32 1 66 2 69 2 
28 1 32 1 66 2 70 2 
28 1 33 1 67 2 70 2 
29 1 33 1 67 2 71 2 
29 1 34 1 68 2 71 2 
30 1 34 1 68 2 72 2 
30 1 35 1 72 2 0 0 
31 1 36 1 73 2 0 0 
31 1 37 1 69 2 73 2 
32 1 37 1 69 2 74 2 
32 1 38 1 70 2 74 2 
33 1 38 1 70 2 75 2 
33 1 39 1 71 2 75 2 
34 1 39 1 71 2 76 2 
34 1 40 1 72 2 76 2 
35 1 40 1 72 2 0 0 
36 1 73 2 0 0 0 0 
37 1 73 2 77 2 0 0 
37 1 74 2 77 2 0 0 
38 1 74 2 78 2 0 0 
38 1 75 2 78 2 0 0 
39 1 75 2 79 2 0 0 
39 1 76 2 79 2 0 0 
40 1 76 2 80 2 0 0 
40 1 80 2 0 0 0 0 
1 1 2 1 10 1 11 1 
3 1 4 1 12 1 13 1 
5 1 6 1 14 1 15 1 
7 1 8 1 16 1 17 1 
9 1 18 1 0 0 0 0 
10 1 19 1 0 0 0 0 
11 1 12 1 20 1 21 1 
13 1 14 1 22 1 23 1 
15 1 16 1 24 1 25 1 
17 1 18 1 26 1 27 1 
19 1 20 1 28 1 29 1 
21 1 22 1 30 1 31 1 
23 1 24 1 32 1 33 1 
25 1 26 1 34 1 35 1 
27 1 36 1 0 0 0 0 
28 1 37 1 0 0 0 0 
29 1 30 1 38 1 39 1 
31 1 32 1 40 1 41 1 
33 1 34 1 42 1 43 1 
35 1 36 1 44 1 45 1 
37 1 38 1 46 1 47 1 
39 1 40 1 48 1 49 1 
41 1 42 1 50 1 51 1 
43 1 44 1 52 1 53 1 
45 1 54 1 0 0 0 0 
46 1 55 1 0 0 0 0 
47 1 48 1 56 1 57 1 
49 1 50 1 58 1 59 1 
51 1 52 1 60 1 61 1 
53 1 54 1 62 1 63 1 
55 1 56 1 64 1 65 1 
57 1 58 1 66 1 67 1 
59 1 60 1 68 1 69 1 
61 1 62 1 70 1 71 1 
63 1 72 1 0 0 0 0 
64 1 73 1 0 0 0 0 
65 1 66 1 74 1 75 1 
67 1 68 1 76 1 77 1 
69 1 70 1 78 1 79 1 
71 1 72 1 80 1 81 1 
1 2 2 2 0 0 0 0 
3 2 4 2 0 0 0 0 
5 2 6 2 0 0 0 0 
7 2 8 2 0 0 0 0 
2 2 3 2 11 2 12 2 
4 2 5 2 13 2 14 2 
6 2 7 2 15 2 16 2 
8 2 9 2 17 2 18 2 
10 2 11 2 19 2 20 2 
12 2 13 2 21 2 22 2 
14 2 15 2 23 2 24 2 
16 2 17 2 25 2 26 2 
20 2 21 2 29 2 30 2 
22 2 23 2 31 2 32 2 
24 2 25 2 33 2 34 2 
26 2 27 2 35 2 36 2 
28 2 29 2 37 2 38 2 
30 2 31 2 39 2 40 2 
32 2 33 2 41 2 42 2 
34 2 35 2 43 2 44 2 
38 2 39 2 47 2 48 2 
40 2 41 2 49 2 50 2 
42 2 43 2 51 2 52 2 
44 2 45 2 53 2 54 2 
46 2 47 2 55 2 56 2 
48 2 49 2 57 2 58 2 
50 2 51 2 59 2 60 2 
52 2 53 2 61 2 62 2 
56 2 57 2 65 2 66 2 
58 2 59 2 67 2 68 2 
60 2 61 2 69 2 70 2 
62 2 63 2 71 2 72 2 
64 2 65 2 73 2 74 2 
66 2 67 2 75 2 76 2 
68 2 69 2 77 2 78 2 
70 2 71 2 79 2 80 2 
74 2 75 2 0 0 0 0 
76 2 77 2 0 0 0 0 
78 2 79 2 0 0 0 0 
80 2 81 2 0 0 0 0 
