169 168
4 4
2 3 3 3 3 3 3 3 3 3 3 3 2 3 4 4 4 4 4 4 4 4 4 4 4 3 3 4 4 4 4 4 4 4 4 4 4 4 3 3 4 4 4 4 4 4 4 4 4 4 4 3 3 4 4 4 4 4 4 4 4 4 4 4 3 3 4 4 4 4 4 4 4 4 4 4 4 3 3 4 4 4 4 4 4 4 4 4 4 4 3 3 4 4 4 4 4 4 4 4 4 4 4 3 3 4 4 4 4 4 4 4 4 4 4 4 3 3 4 4 4 4 4 4 4 4 4 4 4 3 3 4 4 4 4 4 4 4 4 4 4 4 3 3 4 4 4 4 4 4 4 4 4 4 4 3 2 3 3 3 3 3 3 3 3 3 3 3 2 
2 2 2 2 2 2 4 4 4 4 4 4 4 4 4 4 4 4 2 2 4 4 4 4 4 4 4 4 4 4 4 4 4 4 4 4 4 4 4 4 4 4 4 4 2 2 4 4 4 4 4 4 4 4 4 4 4 4 4 4 4 4 4 4 4 4 4 4 4 4 2 2 4 4 4 4 4 4 4 4 4 4 4 4 4 4 4 4 4 4 4 4 4 4 4 4 2 2 4 4 4 4 4 4 4 4 4 4 4 4 4 4 4 4 4 4 4 4 4 4 4 4 2 2 4 4 4 4 4 4 4 4 4 4 4 4 4 4 4 4 4 4 4 4 4 4 4 4 2 2 4 4 4 4 4 4 4 4 4 4 4 4 2 2 2 2 2 2 
1 1 	7 2 	0 0 	0 0 	
1 1 	7 2 	8 1 	0 0 	
2 1 	8 1 	9 2 	0 0 	
2 1 	9 2 	10 1 	0 0 	
3 1 	10 1 	11 2 	0 0 	
3 1 	11 2 	12 1 	0 0 	
4 1 	12 1 	13 2 	0 0 	
4 1 	13 2 	14 1 	0 0 	
5 1 	14 1 	15 2 	0 0 	
5 1 	15 2 	16 1 	0 0 	
6 1 	16 1 	17 2 	0 0 	
6 1 	17 2 	18 1 	0 0 	
18 1 	19 2 	0 0 	0 0 	
7 2 	20 2 	21 1 	0 0 	
7 2 	8 1 	21 1 	22 2 	
8 1 	9 2 	22 2 	23 1 	
9 2 	10 1 	23 1 	24 2 	
10 1 	11 2 	24 2 	25 1 	
11 2 	12 1 	25 1 	26 2 	
12 1 	13 2 	26 2 	27 1 	
13 2 	14 1 	27 1 	28 2 	
14 1 	15 2 	28 2 	29 1 	
15 2 	16 1 	29 1 	30 2 	
16 1 	17 2 	30 2 	31 1 	
17 2 	18 1 	31 1 	32 2 	
18 1 	19 2 	32 2 	0 0 	
20 2 	21 1 	33 2 	0 0 	
21 1 	22 2 	33 2 	34 1 	
22 2 	23 1 	34 1 	35 2 	
23 1 	24 2 	35 2 	36 1 	
24 2 	25 1 	36 1 	37 2 	
25 1 	26 2 	37 2 	38 1 	
26 2 	27 1 	38 1 	39 2 	
27 1 	28 2 	39 2 	40 1 	
28 2 	29 1 	40 1 	41 2 	
29 1 	30 2 	41 2 	42 1 	
30 2 	31 1 	42 1 	43 2 	
31 1 	32 2 	43 2 	44 1 	
32 2 	44 1 	45 2 	0 0 	
33 2 	46 2 	47 1 	0 0 	
33 2 	34 1 	47 1 	48 2 	
34 1 	35 2 	48 2 	49 1 	
35 2 	36 1 	49 1 	50 2 	
36 1 	37 2 	50 2 	51 1 	
37 2 	38 1 	51 1 	52 2 	
38 1 	39 2 	52 2 	53 1 	
39 2 	40 1 	53 1 	54 2 	
40 1 	41 2 	54 2 	55 1 	
41 2 	42 1 	55 1 	56 2 	
42 1 	43 2 	56 2 	57 1 	
43 2 	44 1 	57 1 	58 2 	
44 1 	45 2 	58 2 	0 0 	
46 2 	47 1 	59 2 	0 0 	
47 1 	48 2 	59 2 	60 1 	
48 2 	49 1 	60 1 	61 2 	
49 1 	50 2 	61 2 	62 1 	
50 2 	51 1 	62 1 	63 2 	
51 1 	52 2 	63 2 	64 1 	
52 2 	53 1 	64 1 	65 2 	
53 1 	54 2 	65 2 	66 1 	
54 2 	55 1 	66 1 	67 2 	
55 1 	56 2 	67 2 	68 1 	
56 2 	57 1 	68 1 	69 2 	
57 1 	58 2 	69 2 	70 1 	
58 2 	70 1 	71 2 	0 0 	
59 2 	72 2 	73 1 	0 0 	
59 2 	60 1 	73 1 	74 2 	
60 1 	61 2 	74 2 	75 1 	
61 2 	62 1 	75 1 	76 2 	
62 1 	63 2 	76 2 	77 1 	
63 2 	64 1 	77 1 	78 2 	
64 1 	65 2 	78 2 	79 1 	
65 2 	66 1 	79 1 	80 2 	
66 1 	67 2 	80 2 	81 1 	
67 2 	68 1 	81 1 	82 2 	
68 1 	69 2 	82 2 	83 1 	
69 2 	70 1 	83 1 	84 2 	
70 1 	71 2 	84 2 	0 0 	
72 2 	73 1 	85 2 	0 0 	
73 1 	74 2 	85 2 	86 1 	
74 2 	75 1 	86 1 	87 2 	
75 1 	76 2 	87 2 	88 1 	
76 2 	77 1 	88 1 	89 2 	
77 1 	78 2 	89 2 	90 1 	
78 2 	79 1 	90 1 	91 2 	
79 1 	80 2 	91 2 	92 1 	
80 2 	81 1 	92 1 	93 2 	
81 1 	82 2 	93 2 	94 1 	
82 2 	83 1 	94 1 	95 2 	
83 1 	84 2 	95 2 	96 1 	
84 2 	96 1 	97 2 	0 0 	
85 2 	98 2 	99 1 	0 0 	
85 2 	86 1 	99 1 	100 2 	
86 1 	87 2 	100 2 	101 1 	
87 2 	88 1 	101 1 	102 2 	
88 1 	89 2 	102 2 	103 1 	
89 2 	90 1 	103 1 	104 2 	
90 1 	91 2 	104 2 	105 1 	
91 2 	92 1 	105 1 	106 2 	
92 1 	93 2 	106 2 	107 1 	
93 2 	94 1 	107 1 	108 2 	
94 1 	95 2 	108 2 	109 1 	
95 2 	96 1 	109 1 	110 2 	
96 1 	97 2 	110 2 	0 0 	
98 2 	99 1 	111 2 	0 0 	
99 1 	100 2 	111 2 	112 1 	
100 2 	101 1 	112 1 	113 2 	
101 1 	102 2 	113 2 	114 1 	
102 2 	103 1 	114 1 	115 2 	
103 1 	104 2 	115 2 	116 1 	
104 2 	105 1 	116 1 	117 2 	
105 1 	106 2 	117 2 	118 1 	
106 2 	107 1 	118 1 	119 2 	
107 1 	108 2 	119 2 	120 1 	
108 2 	109 1 	120 1 	121 2 	
109 1 	110 2 	121 2 	122 1 	
110 2 	122 1 	123 2 	0 0 	
111 2 	124 2 	125 1 	0 0 	
111 2 	112 1 	125 1 	126 2 	
112 1 	113 2 	126 2 	127 1 	
113 2 	114 1 	127 1 	128 2 	
114 1 	115 2 	128 2 	129 1 	
115 2 	116 1 	129 1 	130 2 	
116 1 	117 2 	130 2 	131 1 	
117 2 	118 1 	131 1 	132 2 	
118 1 	119 2 	132 2 	133 1 	
119 2 	120 1 	133 1 	134 2 	
120 1 	121 2 	134 2 	135 1 	
121 2 	122 1 	135 1 	136 2 	
122 1 	123 2 	136 2 	0 0 	
124 2 	125 1 	137 2 	0 0 	
125 1 	126 2 	137 2 	138 1 	
126 2 	127 1 	138 1 	139 2 	
127 1 	128 2 	139 2 	140 1 	
128 2 	129 1 	140 1 	141 2 	
129 1 	130 2 	141 2 	142 1 	
130 2 	131 1 	142 1 	143 2 	
131 1 	132 2 	143 2 	144 1 	
132 2 	133 1 	144 1 	145 2 	
133 1 	134 2 	145 2 	146 1 	
134 2 	135 1 	146 1 	147 2 	
135 1 	136 2 	147 2 	148 1 	
136 2 	148 1 	149 2 	0 0 	
137 2 	150 2 	151 1 	0 0 	
137 2 	138 1 	151 1 	152 2 	
138 1 	139 2 	152 2 	153 1 	
139 2 	140 1 	153 1 	154 2 	
140 1 	141 2 	154 2 	155 1 	
141 2 	142 1 	155 1 	156 2 	
142 1 	143 2 	156 2 	157 1 	
143 2 	144 1 	157 1 	158 2 	
144 1 	145 2 	158 2 	159 1 	
145 2 	146 1 	159 1 	160 2 	
146 1 	147 2 	160 2 	161 1 	
147 2 	148 1 	161 1 	162 2 	
148 1 	149 2 	162 2 	0 0 	
150 2 	151 1 	0 0 	0 0 	
151 1 	152 2 	163 1 	0 0 	
152 2 	153 1 	163 1 	0 0 	
153 1 	154 2 	164 1 	0 0 	
154 2 	155 1 	164 1 	0 0 	
155 1 	156 2 	165 1 	0 0 	
156 2 	157 1 	165 1 	0 0 	
157 1 	158 2 	166 1 	0 0 	
158 2 	159 1 	166 1 	0 0 	
159 1 	160 2 	167 1 	0 0 	
160 2 	161 1 	167 1 	0 0 	
161 1 	162 2 	168 1 	0 0 	
162 2 	168 1 	0 0 	0 0 	
1 1 	2 1 	0 0 	0 0 	
3 1 	4 1 	0 0 	0 0 	
5 1 	6 1 	0 0 	0 0 	
7 1 	8 1 	0 0 	0 0 	
9 1 	10 1 	0 0 	0 0 	
11 1 	12 1 	0 0 	0 0 	
1 2 	2 2 	14 2 	15 2 	
2 1 	3 1 	15 1 	16 1 	
3 2 	4 2 	16 2 	17 2 	
4 1 	5 1 	17 1 	18 1 	
5 2 	6 2 	18 2 	19 2 	
6 1 	7 1 	19 1 	20 1 	
7 2 	8 2 	20 2 	21 2 	
8 1 	9 1 	21 1 	22 1 	
9 2 	10 2 	22 2 	23 2 	
10 1 	11 1 	23 1 	24 1 	
11 2 	12 2 	24 2 	25 2 	
12 1 	13 1 	25 1 	26 1 	
13 2 	26 2 	0 0 	0 0 	
14 2 	27 2 	0 0 	0 0 	
14 1 	15 1 	27 1 	28 1 	
15 2 	16 2 	28 2 	29 2 	
16 1 	17 1 	29 1 	30 1 	
17 2 	18 2 	30 2 	31 2 	
18 1 	19 1 	31 1 	32 1 	
19 2 	20 2 	32 2 	33 2 	
20 1 	21 1 	33 1 	34 1 	
21 2 	22 2 	34 2 	35 2 	
22 1 	23 1 	35 1 	36 1 	
23 2 	24 2 	36 2 	37 2 	
24 1 	25 1 	37 1 	38 1 	
25 2 	26 2 	38 2 	39 2 	
27 2 	28 2 	40 2 	41 2 	
28 1 	29 1 	41 1 	42 1 	
29 2 	30 2 	42 2 	43 2 	
30 1 	31 1 	43 1 	44 1 	
31 2 	32 2 	44 2 	45 2 	
32 1 	33 1 	45 1 	46 1 	
33 2 	34 2 	46 2 	47 2 	
34 1 	35 1 	47 1 	48 1 	
35 2 	36 2 	48 2 	49 2 	
36 1 	37 1 	49 1 	50 1 	
37 2 	38 2 	50 2 	51 2 	
38 1 	39 1 	51 1 	52 1 	
39 2 	52 2 	0 0 	0 0 	
40 2 	53 2 	0 0 	0 0 	
40 1 	41 1 	53 1 	54 1 	
41 2 	42 2 	54 2 	55 2 	
42 1 	43 1 	55 1 	56 1 	
43 2 	44 2 	56 2 	57 2 	
44 1 	45 1 	57 1 	58 1 	
45 2 	46 2 	58 2 	59 2 	
46 1 	47 1 	59 1 	60 1 	
47 2 	48 2 	60 2 	61 2 	
48 1 	49 1 	61 1 	62 1 	
49 2 	50 2 	62 2 	63 2 	
50 1 	51 1 	63 1 	64 1 	
51 2 	52 2 	64 2 	65 2 	
53 2 	54 2 	66 2 	67 2 	
54 1 	55 1 	67 1 	68 1 	
55 2 	56 2 	68 2 	69 2 	
56 1 	57 1 	69 1 	70 1 	
57 2 	58 2 	70 2 	71 2 	
58 1 	59 1 	71 1 	72 1 	
59 2 	60 2 	72 2 	73 2 	
60 1 	61 1 	73 1 	74 1 	
61 2 	62 2 	74 2 	75 2 	
62 1 	63 1 	75 1 	76 1 	
63 2 	64 2 	76 2 	77 2 	
64 1 	65 1 	77 1 	78 1 	
65 2 	78 2 	0 0 	0 0 	
66 2 	79 2 	0 0 	0 0 	
66 1 	67 1 	79 1 	80 1 	
67 2 	68 2 	80 2 	81 2 	
68 1 	69 1 	81 1 	82 1 	
69 2 	70 2 	82 2 	83 2 	
70 1 	71 1 	83 1 	84 1 	
71 2 	72 2 	84 2 	85 2 	
72 1 	73 1 	85 1 	86 1 	
73 2 	74 2 	86 2 	87 2 	
74 1 	75 1 	87 1 	88 1 	
75 2 	76 2 	88 2 	89 2 	
76 1 	77 1 	89 1 	90 1 	
77 2 	78 2 	90 2 	91 2 	
79 2 	80 2 	92 2 	93 2 	
80 1 	81 1 	93 1 	94 1 	
81 2 	82 2 	94 2 	95 2 	
82 1 	83 1 	95 1 	96 1 	
83 2 	84 2 	96 2 	97 2 	
84 1 	85 1 	97 1 	98 1 	
85 2 	86 2 	98 2 	99 2 	
86 1 	87 1 	99 1 	100 1 	
87 2 	88 2 	100 2 	101 2 	
88 1 	89 1 	101 1 	102 1 	
89 2 	90 2 	102 2 	103 2 	
90 1 	91 1 	103 1 	104 1 	
91 2 	104 2 	0 0 	0 0 	
92 2 	105 2 	0 0 	0 0 	
92 1 	93 1 	105 1 	106 1 	
93 2 	94 2 	106 2 	107 2 	
94 1 	95 1 	107 1 	108 1 	
95 2 	96 2 	108 2 	109 2 	
96 1 	97 1 	109 1 	110 1 	
97 2 	98 2 	110 2 	111 2 	
98 1 	99 1 	111 1 	112 1 	
99 2 	100 2 	112 2 	113 2 	
100 1 	101 1 	113 1 	114 1 	
101 2 	102 2 	114 2 	115 2 	
102 1 	103 1 	115 1 	116 1 	
103 2 	104 2 	116 2 	117 2 	
105 2 	106 2 	118 2 	119 2 	
106 1 	107 1 	119 1 	120 1 	
107 2 	108 2 	120 2 	121 2 	
108 1 	109 1 	121 1 	122 1 	
109 2 	110 2 	122 2 	123 2 	
110 1 	111 1 	123 1 	124 1 	
111 2 	112 2 	124 2 	125 2 	
112 1 	113 1 	125 1 	126 1 	
113 2 	114 2 	126 2 	127 2 	
114 1 	115 1 	127 1 	128 1 	
115 2 	116 2 	128 2 	129 2 	
116 1 	117 1 	129 1 	130 1 	
117 2 	130 2 	0 0 	0 0 	
118 2 	131 2 	0 0 	0 0 	
118 1 	119 1 	131 1 	132 1 	
119 2 	120 2 	132 2 	133 2 	
120 1 	121 1 	133 1 	134 1 	
121 2 	122 2 	134 2 	135 2 	
122 1 	123 1 	135 1 	136 1 	
123 2 	124 2 	136 2 	137 2 	
124 1 	125 1 	137 1 	138 1 	
125 2 	126 2 	138 2 	139 2 	
126 1 	127 1 	139 1 	140 1 	
127 2 	128 2 	140 2 	141 2 	
128 1 	129 1 	141 1 	142 1 	
129 2 	130 2 	142 2 	143 2 	
131 2 	132 2 	144 2 	145 2 	
132 1 	133 1 	145 1 	146 1 	
133 2 	134 2 	146 2 	147 2 	
134 1 	135 1 	147 1 	148 1 	
135 2 	136 2 	148 2 	149 2 	
136 1 	137 1 	149 1 	150 1 	
137 2 	138 2 	150 2 	151 2 	
138 1 	139 1 	151 1 	152 1 	
139 2 	140 2 	152 2 	153 2 	
140 1 	141 1 	153 1 	154 1 	
141 2 	142 2 	154 2 	155 2 	
142 1 	143 1 	155 1 	156 1 	
143 2 	156 2 	0 0 	0 0 	
144 2 	157 2 	0 0 	0 0 	
144 1 	145 1 	157 1 	158 1 	
145 2 	146 2 	158 2 	159 2 	
146 1 	147 1 	159 1 	160 1 	
147 2 	148 2 	160 2 	161 2 	
148 1 	149 1 	161 1 	162 1 	
149 2 	150 2 	162 2 	163 2 	
150 1 	151 1 	163 1 	164 1 	
151 2 	152 2 	164 2 	165 2 	
152 1 	153 1 	165 1 	166 1 	
153 2 	154 2 	166 2 	167 2 	
154 1 	155 1 	167 1 	168 1 	
155 2 	156 2 	168 2 	169 2 	
158 1 	159 1 	0 0 	0 0 	
160 1 	161 1 	0 0 	0 0 	
162 1 	163 1 	0 0 	0 0 	
164 1 	165 1 	0 0 	0 0 	
166 1 	167 1 	0 0 	0 0 	
168 1 	169 1 	0 0 	0 0 	
