49 48 4 4
2 3 3 3 3 3 2 3 4 4 4 4 4 3 3 4 4 4 4 4 3 3 4 4 4 4 4 3 3 4 4 4 4 4 3 3 4 4 4 4 4 3 2 3 3 3 3 3 2 
4 4 4 2 2 4 4 4 4 4 4 2 2 4 4 4 4 4 4 2 2 4 4 4 2 2 2 4 4 4 4 4 4 4 4 4 4 4 4 4 4 4 4 4 4 2 2 2 
1 1 25 2 0 0 0 0 
1 1 25 2 28 2 0 0 
2 1 26 2 28 2 0 0 
2 1 26 2 29 2 0 0 
3 1 27 2 29 2 0 0 
3 1 27 2 30 2 0 0 
4 1 30 2 0 0 0 0 
1 1 5 1 31 2 0 0 
1 1 6 1 28 2 31 2 
2 1 6 1 28 2 32 2 
2 1 7 1 29 2 32 2 
3 1 7 1 29 2 33 2 
3 1 8 1 30 2 33 2 
4 1 8 1 30 2 0 0 
5 1 9 1 31 2 0 0 
6 1 9 1 31 2 34 2 
6 1 10 1 32 2 34 2 
7 1 10 1 32 2 35 2 
7 1 11 1 33 2 35 2 
8 1 11 1 33 2 36 2 
8 1 12 1 36 2 0 0 
9 1 13 1 37 2 0 0 
9 1 14 1 34 2 37 2 
10 1 14 1 34 2 38 2 
10 1 15 1 35 2 38 2 
11 1 15 1 35 2 39 2 
11 1 16 1 36 2 39 2 
12 1 16 1 36 2 0 0 
13 1 17 1 37 2 0 0 
14 1 17 1 37 2 40 2 
14 1 18 1 38 2 40 2 
15 1 18 1 38 2 41 2 
15 1 19 1 39 2 41 2 
16 1 19 1 39 2 42 2 
16 1 20 1 42 2 0 0 
17 1 21 1 43 2 0 0 
17 1 22 1 40 2 43 2 
18 1 22 1 40 2 44 2 
18 1 23 1 41 2 44 2 
19 1 23 1 41 2 45 2 
19 1 24 1 42 2 45 2 
20 1 24 1 42 2 0 0 
21 1 43 2 0 0 0 0 
22 1 43 2 46 2 0 0 
22 1 44 2 46 2 0 0 
23 1 44 2 47 2 0 0 
23 1 45 2 47 2 0 0 
24 1 45 2 48 2 0 0 
24 1 48 2 0 0 0 0 
1 1 2 1 8 1 9 1 
3 1 4 1 10 1 11 1 
5 1 6 1 12 1 13 1 
7 1 14 1 0 0 0 0 
8 1 15 1 0 0 0 0 
9 1 10 1 16 1 17 1 
11 1 12 1 18 1 19 1 
13 1 14 1 20 1 21 1 
15 1 16 1 22 1 23 1 
17 1 18 1 24 1 25 1 
19 1 20 1 26 1 27 1 
21 1 28 1 0 0 0 0 
22 1 29 1 0 0 0 0 
23 1 24 1 30 1 31 1 
25 1 26 1 32 1 33 1 
27 1 28 1 34 1 35 1 
29 1 30 1 36 1 37 1 
31 1 32 1 38 1 39 1 
33 1 34 1 40 1 41 1 
35 1 42 1 0 0 0 0 
36 1 43 1 0 0 0 0 
37 1 38 1 44 1 45 1 
39 1 40 1 46 1 47 1 
41 1 42 1 48 1 49 1 
1 2 2 2 0 0 0 0 
3 2 4 2 0 0 0 0 
5 2 6 2 0 0 0 0 
2 2 3 2 9 2 10 2 
4 2 5 2 11 2 12 2 
6 2 7 2 13 2 14 2 
8 2 9 2 15 2 16 2 
10 2 11 2 17 2 18 2 
12 2 13 2 19 2 20 2 
16 2 17 2 23 2 24 2 
18 2 19 2 25 2 26 2 
20 2 21 2 27 2 28 2 
22 2 23 2 29 2 30 2 
24 2 25 2 31 2 32 2 
26 2 27 2 33 2 34 2 
30 2 31 2 37 2 38 2 
32 2 33 2 39 2 40 2 
34 2 35 2 41 2 42 2 
36 2 37 2 43 2 44 2 
38 2 39 2 45 2 46 2 
40 2 41 2 47 2 48 2 
44 2 45 2 0 0 0 0 
46 2 47 2 0 0 0 0 
48 2 49 2 0 0 0 0 
