961 960 4 4
2 3 3 3 3 3 3 3 3 3 3 3 3 3 3 3 3 3 3 3 3 3 3 3 3 3 3 3 3 3 2 3 4 4 4 4 4 4 4 4 4 4 4 4 4 4 4 4 4 4 4 4 4 4 4 4 4 4 4 4 4 3 3 4 4 4 4 4 4 4 4 4 4 4 4 4 4 4 4 4 4 4 4 4 4 4 4 4 4 4 4 4 3 3 4 4 4 4 4 4 4 4 4 4 4 4 4 4 4 4 4 4 4 4 4 4 4 4 4 4 4 4 4 3 3 4 4 4 4 4 4 4 4 4 4 4 4 4 4 4 4 4 4 4 4 4 4 4 4 4 4 4 4 4 3 3 4 4 4 4 4 4 4 4 4 4 4 4 4 4 4 4 4 4 4 4 4 4 4 4 4 4 4 4 4 3 3 4 4 4 4 4 4 4 4 4 4 4 4 4 4 4 4 4 4 4 4 4 4 4 4 4 4 4 4 4 3 3 4 4 4 4 4 4 4 4 4 4 4 4 4 4 4 4 4 4 4 4 4 4 4 4 4 4 4 4 4 3 3 4 4 4 4 4 4 4 4 4 4 4 4 4 4 4 4 4 4 4 4 4 4 4 4 4 4 4 4 4 3 3 4 4 4 4 4 4 4 4 4 4 4 4 4 4 4 4 4 4 4 4 4 4 4 4 4 4 4 4 4 3 3 4 4 4 4 4 4 4 4 4 4 4 4 4 4 4 4 4 4 4 4 4 4 4 4 4 4 4 4 4 3 3 4 4 4 4 4 4 4 4 4 4 4 4 4 4 4 4 4 4 4 4 4 4 4 4 4 4 4 4 4 3 3 4 4 4 4 4 4 4 4 4 4 4 4 4 4 4 4 4 4 4 4 4 4 4 4 4 4 4 4 4 3 3 4 4 4 4 4 4 4 4 4 4 4 4 4 4 4 4 4 4 4 4 4 4 4 4 4 4 4 4 4 3 3 4 4 4 4 4 4 4 4 4 4 4 4 4 4 4 4 4 4 4 4 4 4 4 4 4 4 4 4 4 3 3 4 4 4 4 4 4 4 4 4 4 4 4 4 4 4 4 4 4 4 4 4 4 4 4 4 4 4 4 4 3 3 4 4 4 4 4 4 4 4 4 4 4 4 4 4 4 4 4 4 4 4 4 4 4 4 4 4 4 4 4 3 3 4 4 4 4 4 4 4 4 4 4 4 4 4 4 4 4 4 4 4 4 4 4 4 4 4 4 4 4 4 3 3 4 4 4 4 4 4 4 4 4 4 4 4 4 4 4 4 4 4 4 4 4 4 4 4 4 4 4 4 4 3 3 4 4 4 4 4 4 4 4 4 4 4 4 4 4 4 4 4 4 4 4 4 4 4 4 4 4 4 4 4 3 3 4 4 4 4 4 4 4 4 4 4 4 4 4 4 4 4 4 4 4 4 4 4 4 4 4 4 4 4 4 3 3 4 4 4 4 4 4 4 4 4 4 4 4 4 4 4 4 4 4 4 4 4 4 4 4 4 4 4 4 4 3 3 4 4 4 4 4 4 4 4 4 4 4 4 4 4 4 4 4 4 4 4 4 4 4 4 4 4 4 4 4 3 3 4 4 4 4 4 4 4 4 4 4 4 4 4 4 4 4 4 4 4 4 4 4 4 4 4 4 4 4 4 3 3 4 4 4 4 4 4 4 4 4 4 4 4 4 4 4 4 4 4 4 4 4 4 4 4 4 4 4 4 4 3 3 4 4 4 4 4 4 4 4 4 4 4 4 4 4 4 4 4 4 4 4 4 4 4 4 4 4 4 4 4 3 3 4 4 4 4 4 4 4 4 4 4 4 4 4 4 4 4 4 4 4 4 4 4 4 4 4 4 4 4 4 3 3 4 4 4 4 4 4 4 4 4 4 4 4 4 4 4 4 4 4 4 4 4 4 4 4 4 4 4 4 4 3 3 4 4 4 4 4 4 4 4 4 4 4 4 4 4 4 4 4 4 4 4 4 4 4 4 4 4 4 4 4 3 3 4 4 4 4 4 4 4 4 4 4 4 4 4 4 4 4 4 4 4 4 4 4 4 4 4 4 4 4 4 3 2 3 3 3 3 3 3 3 3 3 3 3 3 3 3 3 3 3 3 3 3 3 3 3 3 3 3 3 3 3 2 
4 4 4 4 4 4 4 4 4 4 4 4 4 4 4 2 2 4 4 4 4 4 4 4 4 4 4 4 4 4 4 4 4 4 4 4 4 4 4 4 4 4 4 4 4 4 4 2 2 4 4 4 4 4 4 4 4 4 4 4 4 4 4 4 4 4 4 4 4 4 4 4 4 4 4 4 4 4 4 2 2 4 4 4 4 4 4 4 4 4 4 4 4 4 4 4 4 4 4 4 4 4 4 4 4 4 4 4 4 4 4 2 2 4 4 4 4 4 4 4 4 4 4 4 4 4 4 4 4 4 4 4 4 4 4 4 4 4 4 4 4 4 4 2 2 4 4 4 4 4 4 4 4 4 4 4 4 4 4 4 4 4 4 4 4 4 4 4 4 4 4 4 4 4 4 2 2 4 4 4 4 4 4 4 4 4 4 4 4 4 4 4 4 4 4 4 4 4 4 4 4 4 4 4 4 4 4 2 2 4 4 4 4 4 4 4 4 4 4 4 4 4 4 4 4 4 4 4 4 4 4 4 4 4 4 4 4 4 4 2 2 4 4 4 4 4 4 4 4 4 4 4 4 4 4 4 4 4 4 4 4 4 4 4 4 4 4 4 4 4 4 2 2 4 4 4 4 4 4 4 4 4 4 4 4 4 4 4 4 4 4 4 4 4 4 4 4 4 4 4 4 4 4 2 2 4 4 4 4 4 4 4 4 4 4 4 4 4 4 4 4 4 4 4 4 4 4 4 4 4 4 4 4 4 4 2 2 4 4 4 4 4 4 4 4 4 4 4 4 4 4 4 4 4 4 4 4 4 4 4 4 4 4 4 4 4 4 2 2 4 4 4 4 4 4 4 4 4 4 4 4 4 4 4 4 4 4 4 4 4 4 4 4 4 4 4 4 4 4 2 2 4 4 4 4 4 4 4 4 4 4 4 4 4 4 4 4 4 4 4 4 4 4 4 4 4 4 4 4 4 4 2 2 4 4 4 4 4 4 4 4 4 4 4 4 4 4 4 4 4 4 4 4 4 4 4 4 4 4 4 4 4 4 2 2 4 4 4 4 4 4 4 4 4 4 4 4 4 4 4 2 2 2 2 2 2 2 2 2 2 2 2 2 2 2 4 4 4 4 4 4 4 4 4 4 4 4 4 4 4 4 4 4 4 4 4 4 4 4 4 4 4 4 4 4 4 4 4 4 4 4 4 4 4 4 4 4 4 4 4 4 4 4 4 4 4 4 4 4 4 4 4 4 4 4 4 4 4 4 4 4 4 4 4 4 4 4 4 4 4 4 4 4 4 4 4 4 4 4 4 4 4 4 4 4 4 4 4 4 4 4 4 4 4 4 4 4 4 4 4 4 4 4 4 4 4 4 4 4 4 4 4 4 4 4 4 4 4 4 4 4 4 4 4 4 4 4 4 4 4 4 4 4 4 4 4 4 4 4 4 4 4 4 4 4 4 4 4 4 4 4 4 4 4 4 4 4 4 4 4 4 4 4 4 4 4 4 4 4 4 4 4 4 4 4 4 4 4 4 4 4 4 4 4 4 4 4 4 4 4 4 4 4 4 4 4 4 4 4 4 4 4 4 4 4 4 4 4 4 4 4 4 4 4 4 4 4 4 4 4 4 4 4 4 4 4 4 4 4 4 4 4 4 4 4 4 4 4 4 4 4 4 4 4 4 4 4 4 4 4 4 4 4 4 4 4 4 4 4 4 4 4 4 4 4 4 4 4 4 4 4 4 4 4 4 4 4 4 4 4 4 4 4 4 4 4 4 4 4 4 4 4 4 4 4 4 4 4 4 4 4 4 4 4 4 4 4 4 4 4 4 4 4 4 4 4 4 4 4 4 4 4 4 4 4 4 4 4 4 4 4 4 4 4 4 4 4 4 4 4 4 4 4 4 4 4 4 4 4 4 4 4 4 4 4 4 4 4 4 4 4 4 4 4 4 4 4 4 4 4 4 4 4 4 4 4 4 4 4 4 4 4 4 4 4 4 4 4 4 4 4 4 4 4 4 4 4 4 4 4 4 4 4 4 4 4 4 4 4 4 4 4 4 4 4 4 4 4 4 4 4 4 4 4 4 4 4 4 4 4 4 4 4 4 4 4 4 4 4 4 4 4 4 4 4 2 2 2 2 2 2 2 2 2 2 2 2 2 2 2 
1 1 481 2 0 0 0 0 
1 1 481 2 496 2 0 0 
2 1 482 2 496 2 0 0 
2 1 482 2 497 2 0 0 
3 1 483 2 497 2 0 0 
3 1 483 2 498 2 0 0 
4 1 484 2 498 2 0 0 
4 1 484 2 499 2 0 0 
5 1 485 2 499 2 0 0 
5 1 485 2 500 2 0 0 
6 1 486 2 500 2 0 0 
6 1 486 2 501 2 0 0 
7 1 487 2 501 2 0 0 
7 1 487 2 502 2 0 0 
8 1 488 2 502 2 0 0 
8 1 488 2 503 2 0 0 
9 1 489 2 503 2 0 0 
9 1 489 2 504 2 0 0 
10 1 490 2 504 2 0 0 
10 1 490 2 505 2 0 0 
11 1 491 2 505 2 0 0 
11 1 491 2 506 2 0 0 
12 1 492 2 506 2 0 0 
12 1 492 2 507 2 0 0 
13 1 493 2 507 2 0 0 
13 1 493 2 508 2 0 0 
14 1 494 2 508 2 0 0 
14 1 494 2 509 2 0 0 
15 1 495 2 509 2 0 0 
15 1 495 2 510 2 0 0 
16 1 510 2 0 0 0 0 
1 1 17 1 511 2 0 0 
1 1 18 1 496 2 511 2 
2 1 18 1 496 2 512 2 
2 1 19 1 497 2 512 2 
3 1 19 1 497 2 513 2 
3 1 20 1 498 2 513 2 
4 1 20 1 498 2 514 2 
4 1 21 1 499 2 514 2 
5 1 21 1 499 2 515 2 
5 1 22 1 500 2 515 2 
6 1 22 1 500 2 516 2 
6 1 23 1 501 2 516 2 
7 1 23 1 501 2 517 2 
7 1 24 1 502 2 517 2 
8 1 24 1 502 2 518 2 
8 1 25 1 503 2 518 2 
9 1 25 1 503 2 519 2 
9 1 26 1 504 2 519 2 
10 1 26 1 504 2 520 2 
10 1 27 1 505 2 520 2 
11 1 27 1 505 2 521 2 
11 1 28 1 506 2 521 2 
12 1 28 1 506 2 522 2 
12 1 29 1 507 2 522 2 
13 1 29 1 507 2 523 2 
13 1 30 1 508 2 523 2 
14 1 30 1 508 2 524 2 
14 1 31 1 509 2 524 2 
15 1 31 1 509 2 525 2 
15 1 32 1 510 2 525 2 
16 1 32 1 510 2 0 0 
17 1 33 1 511 2 0 0 
18 1 33 1 511 2 526 2 
18 1 34 1 512 2 526 2 
19 1 34 1 512 2 527 2 
19 1 35 1 513 2 527 2 
20 1 35 1 513 2 528 2 
20 1 36 1 514 2 528 2 
21 1 36 1 514 2 529 2 
21 1 37 1 515 2 529 2 
22 1 37 1 515 2 530 2 
22 1 38 1 516 2 530 2 
23 1 38 1 516 2 531 2 
23 1 39 1 517 2 531 2 
24 1 39 1 517 2 532 2 
24 1 40 1 518 2 532 2 
25 1 40 1 518 2 533 2 
25 1 41 1 519 2 533 2 
26 1 41 1 519 2 534 2 
26 1 42 1 520 2 534 2 
27 1 42 1 520 2 535 2 
27 1 43 1 521 2 535 2 
28 1 43 1 521 2 536 2 
28 1 44 1 522 2 536 2 
29 1 44 1 522 2 537 2 
29 1 45 1 523 2 537 2 
30 1 45 1 523 2 538 2 
30 1 46 1 524 2 538 2 
31 1 46 1 524 2 539 2 
31 1 47 1 525 2 539 2 
32 1 47 1 525 2 540 2 
32 1 48 1 540 2 0 0 
33 1 49 1 541 2 0 0 
33 1 50 1 526 2 541 2 
34 1 50 1 526 2 542 2 
34 1 51 1 527 2 542 2 
35 1 51 1 527 2 543 2 
35 1 52 1 528 2 543 2 
36 1 52 1 528 2 544 2 
36 1 53 1 529 2 544 2 
37 1 53 1 529 2 545 2 
37 1 54 1 530 2 545 2 
38 1 54 1 530 2 546 2 
38 1 55 1 531 2 546 2 
39 1 55 1 531 2 547 2 
39 1 56 1 532 2 547 2 
40 1 56 1 532 2 548 2 
40 1 57 1 533 2 548 2 
41 1 57 1 533 2 549 2 
41 1 58 1 534 2 549 2 
42 1 58 1 534 2 550 2 
42 1 59 1 535 2 550 2 
43 1 59 1 535 2 551 2 
43 1 60 1 536 2 551 2 
44 1 60 1 536 2 552 2 
44 1 61 1 537 2 552 2 
45 1 61 1 537 2 553 2 
45 1 62 1 538 2 553 2 
46 1 62 1 538 2 554 2 
46 1 63 1 539 2 554 2 
47 1 63 1 539 2 555 2 
47 1 64 1 540 2 555 2 
48 1 64 1 540 2 0 0 
49 1 65 1 541 2 0 0 
50 1 65 1 541 2 556 2 
50 1 66 1 542 2 556 2 
51 1 66 1 542 2 557 2 
51 1 67 1 543 2 557 2 
52 1 67 1 543 2 558 2 
52 1 68 1 544 2 558 2 
53 1 68 1 544 2 559 2 
53 1 69 1 545 2 559 2 
54 1 69 1 545 2 560 2 
54 1 70 1 546 2 560 2 
55 1 70 1 546 2 561 2 
55 1 71 1 547 2 561 2 
56 1 71 1 547 2 562 2 
56 1 72 1 548 2 562 2 
57 1 72 1 548 2 563 2 
57 1 73 1 549 2 563 2 
58 1 73 1 549 2 564 2 
58 1 74 1 550 2 564 2 
59 1 74 1 550 2 565 2 
59 1 75 1 551 2 565 2 
60 1 75 1 551 2 566 2 
60 1 76 1 552 2 566 2 
61 1 76 1 552 2 567 2 
61 1 77 1 553 2 567 2 
62 1 77 1 553 2 568 2 
62 1 78 1 554 2 568 2 
63 1 78 1 554 2 569 2 
63 1 79 1 555 2 569 2 
64 1 79 1 555 2 570 2 
64 1 80 1 570 2 0 0 
65 1 81 1 571 2 0 0 
65 1 82 1 556 2 571 2 
66 1 82 1 556 2 572 2 
66 1 83 1 557 2 572 2 
67 1 83 1 557 2 573 2 
67 1 84 1 558 2 573 2 
68 1 84 1 558 2 574 2 
68 1 85 1 559 2 574 2 
69 1 85 1 559 2 575 2 
69 1 86 1 560 2 575 2 
70 1 86 1 560 2 576 2 
70 1 87 1 561 2 576 2 
71 1 87 1 561 2 577 2 
71 1 88 1 562 2 577 2 
72 1 88 1 562 2 578 2 
72 1 89 1 563 2 578 2 
73 1 89 1 563 2 579 2 
73 1 90 1 564 2 579 2 
74 1 90 1 564 2 580 2 
74 1 91 1 565 2 580 2 
75 1 91 1 565 2 581 2 
75 1 92 1 566 2 581 2 
76 1 92 1 566 2 582 2 
76 1 93 1 567 2 582 2 
77 1 93 1 567 2 583 2 
77 1 94 1 568 2 583 2 
78 1 94 1 568 2 584 2 
78 1 95 1 569 2 584 2 
79 1 95 1 569 2 585 2 
79 1 96 1 570 2 585 2 
80 1 96 1 570 2 0 0 
81 1 97 1 571 2 0 0 
82 1 97 1 571 2 586 2 
82 1 98 1 572 2 586 2 
83 1 98 1 572 2 587 2 
83 1 99 1 573 2 587 2 
84 1 99 1 573 2 588 2 
84 1 100 1 574 2 588 2 
85 1 100 1 574 2 589 2 
85 1 101 1 575 2 589 2 
86 1 101 1 575 2 590 2 
86 1 102 1 576 2 590 2 
87 1 102 1 576 2 591 2 
87 1 103 1 577 2 591 2 
88 1 103 1 577 2 592 2 
88 1 104 1 578 2 592 2 
89 1 104 1 578 2 593 2 
89 1 105 1 579 2 593 2 
90 1 105 1 579 2 594 2 
90 1 106 1 580 2 594 2 
91 1 106 1 580 2 595 2 
91 1 107 1 581 2 595 2 
92 1 107 1 581 2 596 2 
92 1 108 1 582 2 596 2 
93 1 108 1 582 2 597 2 
93 1 109 1 583 2 597 2 
94 1 109 1 583 2 598 2 
94 1 110 1 584 2 598 2 
95 1 110 1 584 2 599 2 
95 1 111 1 585 2 599 2 
96 1 111 1 585 2 600 2 
96 1 112 1 600 2 0 0 
97 1 113 1 601 2 0 0 
97 1 114 1 586 2 601 2 
98 1 114 1 586 2 602 2 
98 1 115 1 587 2 602 2 
99 1 115 1 587 2 603 2 
99 1 116 1 588 2 603 2 
100 1 116 1 588 2 604 2 
100 1 117 1 589 2 604 2 
101 1 117 1 589 2 605 2 
101 1 118 1 590 2 605 2 
102 1 118 1 590 2 606 2 
102 1 119 1 591 2 606 2 
103 1 119 1 591 2 607 2 
103 1 120 1 592 2 607 2 
104 1 120 1 592 2 608 2 
104 1 121 1 593 2 608 2 
105 1 121 1 593 2 609 2 
105 1 122 1 594 2 609 2 
106 1 122 1 594 2 610 2 
106 1 123 1 595 2 610 2 
107 1 123 1 595 2 611 2 
107 1 124 1 596 2 611 2 
108 1 124 1 596 2 612 2 
108 1 125 1 597 2 612 2 
109 1 125 1 597 2 613 2 
109 1 126 1 598 2 613 2 
110 1 126 1 598 2 614 2 
110 1 127 1 599 2 614 2 
111 1 127 1 599 2 615 2 
111 1 128 1 600 2 615 2 
112 1 128 1 600 2 0 0 
113 1 129 1 601 2 0 0 
114 1 129 1 601 2 616 2 
114 1 130 1 602 2 616 2 
115 1 130 1 602 2 617 2 
115 1 131 1 603 2 617 2 
116 1 131 1 603 2 618 2 
116 1 132 1 604 2 618 2 
117 1 132 1 604 2 619 2 
117 1 133 1 605 2 619 2 
118 1 133 1 605 2 620 2 
118 1 134 1 606 2 620 2 
119 1 134 1 606 2 621 2 
119 1 135 1 607 2 621 2 
120 1 135 1 607 2 622 2 
120 1 136 1 608 2 622 2 
121 1 136 1 608 2 623 2 
121 1 137 1 609 2 623 2 
122 1 137 1 609 2 624 2 
122 1 138 1 610 2 624 2 
123 1 138 1 610 2 625 2 
123 1 139 1 611 2 625 2 
124 1 139 1 611 2 626 2 
124 1 140 1 612 2 626 2 
125 1 140 1 612 2 627 2 
125 1 141 1 613 2 627 2 
126 1 141 1 613 2 628 2 
126 1 142 1 614 2 628 2 
127 1 142 1 614 2 629 2 
127 1 143 1 615 2 629 2 
128 1 143 1 615 2 630 2 
128 1 144 1 630 2 0 0 
129 1 145 1 631 2 0 0 
129 1 146 1 616 2 631 2 
130 1 146 1 616 2 632 2 
130 1 147 1 617 2 632 2 
131 1 147 1 617 2 633 2 
131 1 148 1 618 2 633 2 
132 1 148 1 618 2 634 2 
132 1 149 1 619 2 634 2 
133 1 149 1 619 2 635 2 
133 1 150 1 620 2 635 2 
134 1 150 1 620 2 636 2 
134 1 151 1 621 2 636 2 
135 1 151 1 621 2 637 2 
135 1 152 1 622 2 637 2 
136 1 152 1 622 2 638 2 
136 1 153 1 623 2 638 2 
137 1 153 1 623 2 639 2 
137 1 154 1 624 2 639 2 
138 1 154 1 624 2 640 2 
138 1 155 1 625 2 640 2 
139 1 155 1 625 2 641 2 
139 1 156 1 626 2 641 2 
140 1 156 1 626 2 642 2 
140 1 157 1 627 2 642 2 
141 1 157 1 627 2 643 2 
141 1 158 1 628 2 643 2 
142 1 158 1 628 2 644 2 
142 1 159 1 629 2 644 2 
143 1 159 1 629 2 645 2 
143 1 160 1 630 2 645 2 
144 1 160 1 630 2 0 0 
145 1 161 1 631 2 0 0 
146 1 161 1 631 2 646 2 
146 1 162 1 632 2 646 2 
147 1 162 1 632 2 647 2 
147 1 163 1 633 2 647 2 
148 1 163 1 633 2 648 2 
148 1 164 1 634 2 648 2 
149 1 164 1 634 2 649 2 
149 1 165 1 635 2 649 2 
150 1 165 1 635 2 650 2 
150 1 166 1 636 2 650 2 
151 1 166 1 636 2 651 2 
151 1 167 1 637 2 651 2 
152 1 167 1 637 2 652 2 
152 1 168 1 638 2 652 2 
153 1 168 1 638 2 653 2 
153 1 169 1 639 2 653 2 
154 1 169 1 639 2 654 2 
154 1 170 1 640 2 654 2 
155 1 170 1 640 2 655 2 
155 1 171 1 641 2 655 2 
156 1 171 1 641 2 656 2 
156 1 172 1 642 2 656 2 
157 1 172 1 642 2 657 2 
157 1 173 1 643 2 657 2 
158 1 173 1 643 2 658 2 
158 1 174 1 644 2 658 2 
159 1 174 1 644 2 659 2 
159 1 175 1 645 2 659 2 
160 1 175 1 645 2 660 2 
160 1 176 1 660 2 0 0 
161 1 177 1 661 2 0 0 
161 1 178 1 646 2 661 2 
162 1 178 1 646 2 662 2 
162 1 179 1 647 2 662 2 
163 1 179 1 647 2 663 2 
163 1 180 1 648 2 663 2 
164 1 180 1 648 2 664 2 
164 1 181 1 649 2 664 2 
165 1 181 1 649 2 665 2 
165 1 182 1 650 2 665 2 
166 1 182 1 650 2 666 2 
166 1 183 1 651 2 666 2 
167 1 183 1 651 2 667 2 
167 1 184 1 652 2 667 2 
168 1 184 1 652 2 668 2 
168 1 185 1 653 2 668 2 
169 1 185 1 653 2 669 2 
169 1 186 1 654 2 669 2 
170 1 186 1 654 2 670 2 
170 1 187 1 655 2 670 2 
171 1 187 1 655 2 671 2 
171 1 188 1 656 2 671 2 
172 1 188 1 656 2 672 2 
172 1 189 1 657 2 672 2 
173 1 189 1 657 2 673 2 
173 1 190 1 658 2 673 2 
174 1 190 1 658 2 674 2 
174 1 191 1 659 2 674 2 
175 1 191 1 659 2 675 2 
175 1 192 1 660 2 675 2 
176 1 192 1 660 2 0 0 
177 1 193 1 661 2 0 0 
178 1 193 1 661 2 676 2 
178 1 194 1 662 2 676 2 
179 1 194 1 662 2 677 2 
179 1 195 1 663 2 677 2 
180 1 195 1 663 2 678 2 
180 1 196 1 664 2 678 2 
181 1 196 1 664 2 679 2 
181 1 197 1 665 2 679 2 
182 1 197 1 665 2 680 2 
182 1 198 1 666 2 680 2 
183 1 198 1 666 2 681 2 
183 1 199 1 667 2 681 2 
184 1 199 1 667 2 682 2 
184 1 200 1 668 2 682 2 
185 1 200 1 668 2 683 2 
185 1 201 1 669 2 683 2 
186 1 201 1 669 2 684 2 
186 1 202 1 670 2 684 2 
187 1 202 1 670 2 685 2 
187 1 203 1 671 2 685 2 
188 1 203 1 671 2 686 2 
188 1 204 1 672 2 686 2 
189 1 204 1 672 2 687 2 
189 1 205 1 673 2 687 2 
190 1 205 1 673 2 688 2 
190 1 206 1 674 2 688 2 
191 1 206 1 674 2 689 2 
191 1 207 1 675 2 689 2 
192 1 207 1 675 2 690 2 
192 1 208 1 690 2 0 0 
193 1 209 1 691 2 0 0 
193 1 210 1 676 2 691 2 
194 1 210 1 676 2 692 2 
194 1 211 1 677 2 692 2 
195 1 211 1 677 2 693 2 
195 1 212 1 678 2 693 2 
196 1 212 1 678 2 694 2 
196 1 213 1 679 2 694 2 
197 1 213 1 679 2 695 2 
197 1 214 1 680 2 695 2 
198 1 214 1 680 2 696 2 
198 1 215 1 681 2 696 2 
199 1 215 1 681 2 697 2 
199 1 216 1 682 2 697 2 
200 1 216 1 682 2 698 2 
200 1 217 1 683 2 698 2 
201 1 217 1 683 2 699 2 
201 1 218 1 684 2 699 2 
202 1 218 1 684 2 700 2 
202 1 219 1 685 2 700 2 
203 1 219 1 685 2 701 2 
203 1 220 1 686 2 701 2 
204 1 220 1 686 2 702 2 
204 1 221 1 687 2 702 2 
205 1 221 1 687 2 703 2 
205 1 222 1 688 2 703 2 
206 1 222 1 688 2 704 2 
206 1 223 1 689 2 704 2 
207 1 223 1 689 2 705 2 
207 1 224 1 690 2 705 2 
208 1 224 1 690 2 0 0 
209 1 225 1 691 2 0 0 
210 1 225 1 691 2 706 2 
210 1 226 1 692 2 706 2 
211 1 226 1 692 2 707 2 
211 1 227 1 693 2 707 2 
212 1 227 1 693 2 708 2 
212 1 228 1 694 2 708 2 
213 1 228 1 694 2 709 2 
213 1 229 1 695 2 709 2 
214 1 229 1 695 2 710 2 
214 1 230 1 696 2 710 2 
215 1 230 1 696 2 711 2 
215 1 231 1 697 2 711 2 
216 1 231 1 697 2 712 2 
216 1 232 1 698 2 712 2 
217 1 232 1 698 2 713 2 
217 1 233 1 699 2 713 2 
218 1 233 1 699 2 714 2 
218 1 234 1 700 2 714 2 
219 1 234 1 700 2 715 2 
219 1 235 1 701 2 715 2 
220 1 235 1 701 2 716 2 
220 1 236 1 702 2 716 2 
221 1 236 1 702 2 717 2 
221 1 237 1 703 2 717 2 
222 1 237 1 703 2 718 2 
222 1 238 1 704 2 718 2 
223 1 238 1 704 2 719 2 
223 1 239 1 705 2 719 2 
224 1 239 1 705 2 720 2 
224 1 240 1 720 2 0 0 
225 1 241 1 721 2 0 0 
225 1 242 1 706 2 721 2 
226 1 242 1 706 2 722 2 
226 1 243 1 707 2 722 2 
227 1 243 1 707 2 723 2 
227 1 244 1 708 2 723 2 
228 1 244 1 708 2 724 2 
228 1 245 1 709 2 724 2 
229 1 245 1 709 2 725 2 
229 1 246 1 710 2 725 2 
230 1 246 1 710 2 726 2 
230 1 247 1 711 2 726 2 
231 1 247 1 711 2 727 2 
231 1 248 1 712 2 727 2 
232 1 248 1 712 2 728 2 
232 1 249 1 713 2 728 2 
233 1 249 1 713 2 729 2 
233 1 250 1 714 2 729 2 
234 1 250 1 714 2 730 2 
234 1 251 1 715 2 730 2 
235 1 251 1 715 2 731 2 
235 1 252 1 716 2 731 2 
236 1 252 1 716 2 732 2 
236 1 253 1 717 2 732 2 
237 1 253 1 717 2 733 2 
237 1 254 1 718 2 733 2 
238 1 254 1 718 2 734 2 
238 1 255 1 719 2 734 2 
239 1 255 1 719 2 735 2 
239 1 256 1 720 2 735 2 
240 1 256 1 720 2 0 0 
241 1 257 1 721 2 0 0 
242 1 257 1 721 2 736 2 
242 1 258 1 722 2 736 2 
243 1 258 1 722 2 737 2 
243 1 259 1 723 2 737 2 
244 1 259 1 723 2 738 2 
244 1 260 1 724 2 738 2 
245 1 260 1 724 2 739 2 
245 1 261 1 725 2 739 2 
246 1 261 1 725 2 740 2 
246 1 262 1 726 2 740 2 
247 1 262 1 726 2 741 2 
247 1 263 1 727 2 741 2 
248 1 263 1 727 2 742 2 
248 1 264 1 728 2 742 2 
249 1 264 1 728 2 743 2 
249 1 265 1 729 2 743 2 
250 1 265 1 729 2 744 2 
250 1 266 1 730 2 744 2 
251 1 266 1 730 2 745 2 
251 1 267 1 731 2 745 2 
252 1 267 1 731 2 746 2 
252 1 268 1 732 2 746 2 
253 1 268 1 732 2 747 2 
253 1 269 1 733 2 747 2 
254 1 269 1 733 2 748 2 
254 1 270 1 734 2 748 2 
255 1 270 1 734 2 749 2 
255 1 271 1 735 2 749 2 
256 1 271 1 735 2 750 2 
256 1 272 1 750 2 0 0 
257 1 273 1 751 2 0 0 
257 1 274 1 736 2 751 2 
258 1 274 1 736 2 752 2 
258 1 275 1 737 2 752 2 
259 1 275 1 737 2 753 2 
259 1 276 1 738 2 753 2 
260 1 276 1 738 2 754 2 
260 1 277 1 739 2 754 2 
261 1 277 1 739 2 755 2 
261 1 278 1 740 2 755 2 
262 1 278 1 740 2 756 2 
262 1 279 1 741 2 756 2 
263 1 279 1 741 2 757 2 
263 1 280 1 742 2 757 2 
264 1 280 1 742 2 758 2 
264 1 281 1 743 2 758 2 
265 1 281 1 743 2 759 2 
265 1 282 1 744 2 759 2 
266 1 282 1 744 2 760 2 
266 1 283 1 745 2 760 2 
267 1 283 1 745 2 761 2 
267 1 284 1 746 2 761 2 
268 1 284 1 746 2 762 2 
268 1 285 1 747 2 762 2 
269 1 285 1 747 2 763 2 
269 1 286 1 748 2 763 2 
270 1 286 1 748 2 764 2 
270 1 287 1 749 2 764 2 
271 1 287 1 749 2 765 2 
271 1 288 1 750 2 765 2 
272 1 288 1 750 2 0 0 
273 1 289 1 751 2 0 0 
274 1 289 1 751 2 766 2 
274 1 290 1 752 2 766 2 
275 1 290 1 752 2 767 2 
275 1 291 1 753 2 767 2 
276 1 291 1 753 2 768 2 
276 1 292 1 754 2 768 2 
277 1 292 1 754 2 769 2 
277 1 293 1 755 2 769 2 
278 1 293 1 755 2 770 2 
278 1 294 1 756 2 770 2 
279 1 294 1 756 2 771 2 
279 1 295 1 757 2 771 2 
280 1 295 1 757 2 772 2 
280 1 296 1 758 2 772 2 
281 1 296 1 758 2 773 2 
281 1 297 1 759 2 773 2 
282 1 297 1 759 2 774 2 
282 1 298 1 760 2 774 2 
283 1 298 1 760 2 775 2 
283 1 299 1 761 2 775 2 
284 1 299 1 761 2 776 2 
284 1 300 1 762 2 776 2 
285 1 300 1 762 2 777 2 
285 1 301 1 763 2 777 2 
286 1 301 1 763 2 778 2 
286 1 302 1 764 2 778 2 
287 1 302 1 764 2 779 2 
287 1 303 1 765 2 779 2 
288 1 303 1 765 2 780 2 
288 1 304 1 780 2 0 0 
289 1 305 1 781 2 0 0 
289 1 306 1 766 2 781 2 
290 1 306 1 766 2 782 2 
290 1 307 1 767 2 782 2 
291 1 307 1 767 2 783 2 
291 1 308 1 768 2 783 2 
292 1 308 1 768 2 784 2 
292 1 309 1 769 2 784 2 
293 1 309 1 769 2 785 2 
293 1 310 1 770 2 785 2 
294 1 310 1 770 2 786 2 
294 1 311 1 771 2 786 2 
295 1 311 1 771 2 787 2 
295 1 312 1 772 2 787 2 
296 1 312 1 772 2 788 2 
296 1 313 1 773 2 788 2 
297 1 313 1 773 2 789 2 
297 1 314 1 774 2 789 2 
298 1 314 1 774 2 790 2 
298 1 315 1 775 2 790 2 
299 1 315 1 775 2 791 2 
299 1 316 1 776 2 791 2 
300 1 316 1 776 2 792 2 
300 1 317 1 777 2 792 2 
301 1 317 1 777 2 793 2 
301 1 318 1 778 2 793 2 
302 1 318 1 778 2 794 2 
302 1 319 1 779 2 794 2 
303 1 319 1 779 2 795 2 
303 1 320 1 780 2 795 2 
304 1 320 1 780 2 0 0 
305 1 321 1 781 2 0 0 
306 1 321 1 781 2 796 2 
306 1 322 1 782 2 796 2 
307 1 322 1 782 2 797 2 
307 1 323 1 783 2 797 2 
308 1 323 1 783 2 798 2 
308 1 324 1 784 2 798 2 
309 1 324 1 784 2 799 2 
309 1 325 1 785 2 799 2 
310 1 325 1 785 2 800 2 
310 1 326 1 786 2 800 2 
311 1 326 1 786 2 801 2 
311 1 327 1 787 2 801 2 
312 1 327 1 787 2 802 2 
312 1 328 1 788 2 802 2 
313 1 328 1 788 2 803 2 
313 1 329 1 789 2 803 2 
314 1 329 1 789 2 804 2 
314 1 330 1 790 2 804 2 
315 1 330 1 790 2 805 2 
315 1 331 1 791 2 805 2 
316 1 331 1 791 2 806 2 
316 1 332 1 792 2 806 2 
317 1 332 1 792 2 807 2 
317 1 333 1 793 2 807 2 
318 1 333 1 793 2 808 2 
318 1 334 1 794 2 808 2 
319 1 334 1 794 2 809 2 
319 1 335 1 795 2 809 2 
320 1 335 1 795 2 810 2 
320 1 336 1 810 2 0 0 
321 1 337 1 811 2 0 0 
321 1 338 1 796 2 811 2 
322 1 338 1 796 2 812 2 
322 1 339 1 797 2 812 2 
323 1 339 1 797 2 813 2 
323 1 340 1 798 2 813 2 
324 1 340 1 798 2 814 2 
324 1 341 1 799 2 814 2 
325 1 341 1 799 2 815 2 
325 1 342 1 800 2 815 2 
326 1 342 1 800 2 816 2 
326 1 343 1 801 2 816 2 
327 1 343 1 801 2 817 2 
327 1 344 1 802 2 817 2 
328 1 344 1 802 2 818 2 
328 1 345 1 803 2 818 2 
329 1 345 1 803 2 819 2 
329 1 346 1 804 2 819 2 
330 1 346 1 804 2 820 2 
330 1 347 1 805 2 820 2 
331 1 347 1 805 2 821 2 
331 1 348 1 806 2 821 2 
332 1 348 1 806 2 822 2 
332 1 349 1 807 2 822 2 
333 1 349 1 807 2 823 2 
333 1 350 1 808 2 823 2 
334 1 350 1 808 2 824 2 
334 1 351 1 809 2 824 2 
335 1 351 1 809 2 825 2 
335 1 352 1 810 2 825 2 
336 1 352 1 810 2 0 0 
337 1 353 1 811 2 0 0 
338 1 353 1 811 2 826 2 
338 1 354 1 812 2 826 2 
339 1 354 1 812 2 827 2 
339 1 355 1 813 2 827 2 
340 1 355 1 813 2 828 2 
340 1 356 1 814 2 828 2 
341 1 356 1 814 2 829 2 
341 1 357 1 815 2 829 2 
342 1 357 1 815 2 830 2 
342 1 358 1 816 2 830 2 
343 1 358 1 816 2 831 2 
343 1 359 1 817 2 831 2 
344 1 359 1 817 2 832 2 
344 1 360 1 818 2 832 2 
345 1 360 1 818 2 833 2 
345 1 361 1 819 2 833 2 
346 1 361 1 819 2 834 2 
346 1 362 1 820 2 834 2 
347 1 362 1 820 2 835 2 
347 1 363 1 821 2 835 2 
348 1 363 1 821 2 836 2 
348 1 364 1 822 2 836 2 
349 1 364 1 822 2 837 2 
349 1 365 1 823 2 837 2 
350 1 365 1 823 2 838 2 
350 1 366 1 824 2 838 2 
351 1 366 1 824 2 839 2 
351 1 367 1 825 2 839 2 
352 1 367 1 825 2 840 2 
352 1 368 1 840 2 0 0 
353 1 369 1 841 2 0 0 
353 1 370 1 826 2 841 2 
354 1 370 1 826 2 842 2 
354 1 371 1 827 2 842 2 
355 1 371 1 827 2 843 2 
355 1 372 1 828 2 843 2 
356 1 372 1 828 2 844 2 
356 1 373 1 829 2 844 2 
357 1 373 1 829 2 845 2 
357 1 374 1 830 2 845 2 
358 1 374 1 830 2 846 2 
358 1 375 1 831 2 846 2 
359 1 375 1 831 2 847 2 
359 1 376 1 832 2 847 2 
360 1 376 1 832 2 848 2 
360 1 377 1 833 2 848 2 
361 1 377 1 833 2 849 2 
361 1 378 1 834 2 849 2 
362 1 378 1 834 2 850 2 
362 1 379 1 835 2 850 2 
363 1 379 1 835 2 851 2 
363 1 380 1 836 2 851 2 
364 1 380 1 836 2 852 2 
364 1 381 1 837 2 852 2 
365 1 381 1 837 2 853 2 
365 1 382 1 838 2 853 2 
366 1 382 1 838 2 854 2 
366 1 383 1 839 2 854 2 
367 1 383 1 839 2 855 2 
367 1 384 1 840 2 855 2 
368 1 384 1 840 2 0 0 
369 1 385 1 841 2 0 0 
370 1 385 1 841 2 856 2 
370 1 386 1 842 2 856 2 
371 1 386 1 842 2 857 2 
371 1 387 1 843 2 857 2 
372 1 387 1 843 2 858 2 
372 1 388 1 844 2 858 2 
373 1 388 1 844 2 859 2 
373 1 389 1 845 2 859 2 
374 1 389 1 845 2 860 2 
374 1 390 1 846 2 860 2 
375 1 390 1 846 2 861 2 
375 1 391 1 847 2 861 2 
376 1 391 1 847 2 862 2 
376 1 392 1 848 2 862 2 
377 1 392 1 848 2 863 2 
377 1 393 1 849 2 863 2 
378 1 393 1 849 2 864 2 
378 1 394 1 850 2 864 2 
379 1 394 1 850 2 865 2 
379 1 395 1 851 2 865 2 
380 1 395 1 851 2 866 2 
380 1 396 1 852 2 866 2 
381 1 396 1 852 2 867 2 
381 1 397 1 853 2 867 2 
382 1 397 1 853 2 868 2 
382 1 398 1 854 2 868 2 
383 1 398 1 854 2 869 2 
383 1 399 1 855 2 869 2 
384 1 399 1 855 2 870 2 
384 1 400 1 870 2 0 0 
385 1 401 1 871 2 0 0 
385 1 402 1 856 2 871 2 
386 1 402 1 856 2 872 2 
386 1 403 1 857 2 872 2 
387 1 403 1 857 2 873 2 
387 1 404 1 858 2 873 2 
388 1 404 1 858 2 874 2 
388 1 405 1 859 2 874 2 
389 1 405 1 859 2 875 2 
389 1 406 1 860 2 875 2 
390 1 406 1 860 2 876 2 
390 1 407 1 861 2 876 2 
391 1 407 1 861 2 877 2 
391 1 408 1 862 2 877 2 
392 1 408 1 862 2 878 2 
392 1 409 1 863 2 878 2 
393 1 409 1 863 2 879 2 
393 1 410 1 864 2 879 2 
394 1 410 1 864 2 880 2 
394 1 411 1 865 2 880 2 
395 1 411 1 865 2 881 2 
395 1 412 1 866 2 881 2 
396 1 412 1 866 2 882 2 
396 1 413 1 867 2 882 2 
397 1 413 1 867 2 883 2 
397 1 414 1 868 2 883 2 
398 1 414 1 868 2 884 2 
398 1 415 1 869 2 884 2 
399 1 415 1 869 2 885 2 
399 1 416 1 870 2 885 2 
400 1 416 1 870 2 0 0 
401 1 417 1 871 2 0 0 
402 1 417 1 871 2 886 2 
402 1 418 1 872 2 886 2 
403 1 418 1 872 2 887 2 
403 1 419 1 873 2 887 2 
404 1 419 1 873 2 888 2 
404 1 420 1 874 2 888 2 
405 1 420 1 874 2 889 2 
405 1 421 1 875 2 889 2 
406 1 421 1 875 2 890 2 
406 1 422 1 876 2 890 2 
407 1 422 1 876 2 891 2 
407 1 423 1 877 2 891 2 
408 1 423 1 877 2 892 2 
408 1 424 1 878 2 892 2 
409 1 424 1 878 2 893 2 
409 1 425 1 879 2 893 2 
410 1 425 1 879 2 894 2 
410 1 426 1 880 2 894 2 
411 1 426 1 880 2 895 2 
411 1 427 1 881 2 895 2 
412 1 427 1 881 2 896 2 
412 1 428 1 882 2 896 2 
413 1 428 1 882 2 897 2 
413 1 429 1 883 2 897 2 
414 1 429 1 883 2 898 2 
414 1 430 1 884 2 898 2 
415 1 430 1 884 2 899 2 
415 1 431 1 885 2 899 2 
416 1 431 1 885 2 900 2 
416 1 432 1 900 2 0 0 
417 1 433 1 901 2 0 0 
417 1 434 1 886 2 901 2 
418 1 434 1 886 2 902 2 
418 1 435 1 887 2 902 2 
419 1 435 1 887 2 903 2 
419 1 436 1 888 2 903 2 
420 1 436 1 888 2 904 2 
420 1 437 1 889 2 904 2 
421 1 437 1 889 2 905 2 
421 1 438 1 890 2 905 2 
422 1 438 1 890 2 906 2 
422 1 439 1 891 2 906 2 
423 1 439 1 891 2 907 2 
423 1 440 1 892 2 907 2 
424 1 440 1 892 2 908 2 
424 1 441 1 893 2 908 2 
425 1 441 1 893 2 909 2 
425 1 442 1 894 2 909 2 
426 1 442 1 894 2 910 2 
426 1 443 1 895 2 910 2 
427 1 443 1 895 2 911 2 
427 1 444 1 896 2 911 2 
428 1 444 1 896 2 912 2 
428 1 445 1 897 2 912 2 
429 1 445 1 897 2 913 2 
429 1 446 1 898 2 913 2 
430 1 446 1 898 2 914 2 
430 1 447 1 899 2 914 2 
431 1 447 1 899 2 915 2 
431 1 448 1 900 2 915 2 
432 1 448 1 900 2 0 0 
433 1 449 1 901 2 0 0 
434 1 449 1 901 2 916 2 
434 1 450 1 902 2 916 2 
435 1 450 1 902 2 917 2 
435 1 451 1 903 2 917 2 
436 1 451 1 903 2 918 2 
436 1 452 1 904 2 918 2 
437 1 452 1 904 2 919 2 
437 1 453 1 905 2 919 2 
438 1 453 1 905 2 920 2 
438 1 454 1 906 2 920 2 
439 1 454 1 906 2 921 2 
439 1 455 1 907 2 921 2 
440 1 455 1 907 2 922 2 
440 1 456 1 908 2 922 2 
441 1 456 1 908 2 923 2 
441 1 457 1 909 2 923 2 
442 1 457 1 909 2 924 2 
442 1 458 1 910 2 924 2 
443 1 458 1 910 2 925 2 
443 1 459 1 911 2 925 2 
444 1 459 1 911 2 926 2 
444 1 460 1 912 2 926 2 
445 1 460 1 912 2 927 2 
445 1 461 1 913 2 927 2 
446 1 461 1 913 2 928 2 
446 1 462 1 914 2 928 2 
447 1 462 1 914 2 929 2 
447 1 463 1 915 2 929 2 
448 1 463 1 915 2 930 2 
448 1 464 1 930 2 0 0 
449 1 465 1 931 2 0 0 
449 1 466 1 916 2 931 2 
450 1 466 1 916 2 932 2 
450 1 467 1 917 2 932 2 
451 1 467 1 917 2 933 2 
451 1 468 1 918 2 933 2 
452 1 468 1 918 2 934 2 
452 1 469 1 919 2 934 2 
453 1 469 1 919 2 935 2 
453 1 470 1 920 2 935 2 
454 1 470 1 920 2 936 2 
454 1 471 1 921 2 936 2 
455 1 471 1 921 2 937 2 
455 1 472 1 922 2 937 2 
456 1 472 1 922 2 938 2 
456 1 473 1 923 2 938 2 
457 1 473 1 923 2 939 2 
457 1 474 1 924 2 939 2 
458 1 474 1 924 2 940 2 
458 1 475 1 925 2 940 2 
459 1 475 1 925 2 941 2 
459 1 476 1 926 2 941 2 
460 1 476 1 926 2 942 2 
460 1 477 1 927 2 942 2 
461 1 477 1 927 2 943 2 
461 1 478 1 928 2 943 2 
462 1 478 1 928 2 944 2 
462 1 479 1 929 2 944 2 
463 1 479 1 929 2 945 2 
463 1 480 1 930 2 945 2 
464 1 480 1 930 2 0 0 
465 1 931 2 0 0 0 0 
466 1 931 2 946 2 0 0 
466 1 932 2 946 2 0 0 
467 1 932 2 947 2 0 0 
467 1 933 2 947 2 0 0 
468 1 933 2 948 2 0 0 
468 1 934 2 948 2 0 0 
469 1 934 2 949 2 0 0 
469 1 935 2 949 2 0 0 
470 1 935 2 950 2 0 0 
470 1 936 2 950 2 0 0 
471 1 936 2 951 2 0 0 
471 1 937 2 951 2 0 0 
472 1 937 2 952 2 0 0 
472 1 938 2 952 2 0 0 
473 1 938 2 953 2 0 0 
473 1 939 2 953 2 0 0 
474 1 939 2 954 2 0 0 
474 1 940 2 954 2 0 0 
475 1 940 2 955 2 0 0 
475 1 941 2 955 2 0 0 
476 1 941 2 956 2 0 0 
476 1 942 2 956 2 0 0 
477 1 942 2 957 2 0 0 
477 1 943 2 957 2 0 0 
478 1 943 2 958 2 0 0 
478 1 944 2 958 2 0 0 
479 1 944 2 959 2 0 0 
479 1 945 2 959 2 0 0 
480 1 945 2 960 2 0 0 
480 1 960 2 0 0 0 0 
1 1 2 1 32 1 33 1 
3 1 4 1 34 1 35 1 
5 1 6 1 36 1 37 1 
7 1 8 1 38 1 39 1 
9 1 10 1 40 1 41 1 
11 1 12 1 42 1 43 1 
13 1 14 1 44 1 45 1 
15 1 16 1 46 1 47 1 
17 1 18 1 48 1 49 1 
19 1 20 1 50 1 51 1 
21 1 22 1 52 1 53 1 
23 1 24 1 54 1 55 1 
25 1 26 1 56 1 57 1 
27 1 28 1 58 1 59 1 
29 1 30 1 60 1 61 1 
31 1 62 1 0 0 0 0 
32 1 63 1 0 0 0 0 
33 1 34 1 64 1 65 1 
35 1 36 1 66 1 67 1 
37 1 38 1 68 1 69 1 
39 1 40 1 70 1 71 1 
41 1 42 1 72 1 73 1 
43 1 44 1 74 1 75 1 
45 1 46 1 76 1 77 1 
47 1 48 1 78 1 79 1 
49 1 50 1 80 1 81 1 
51 1 52 1 82 1 83 1 
53 1 54 1 84 1 85 1 
55 1 56 1 86 1 87 1 
57 1 58 1 88 1 89 1 
59 1 60 1 90 1 91 1 
61 1 62 1 92 1 93 1 
63 1 64 1 94 1 95 1 
65 1 66 1 96 1 97 1 
67 1 68 1 98 1 99 1 
69 1 70 1 100 1 101 1 
71 1 72 1 102 1 103 1 
73 1 74 1 104 1 105 1 
75 1 76 1 106 1 107 1 
77 1 78 1 108 1 109 1 
79 1 80 1 110 1 111 1 
81 1 82 1 112 1 113 1 
83 1 84 1 114 1 115 1 
85 1 86 1 116 1 117 1 
87 1 88 1 118 1 119 1 
89 1 90 1 120 1 121 1 
91 1 92 1 122 1 123 1 
93 1 124 1 0 0 0 0 
94 1 125 1 0 0 0 0 
95 1 96 1 126 1 127 1 
97 1 98 1 128 1 129 1 
99 1 100 1 130 1 131 1 
101 1 102 1 132 1 133 1 
103 1 104 1 134 1 135 1 
105 1 106 1 136 1 137 1 
107 1 108 1 138 1 139 1 
109 1 110 1 140 1 141 1 
111 1 112 1 142 1 143 1 
113 1 114 1 144 1 145 1 
115 1 116 1 146 1 147 1 
117 1 118 1 148 1 149 1 
119 1 120 1 150 1 151 1 
121 1 122 1 152 1 153 1 
123 1 124 1 154 1 155 1 
125 1 126 1 156 1 157 1 
127 1 128 1 158 1 159 1 
129 1 130 1 160 1 161 1 
131 1 132 1 162 1 163 1 
133 1 134 1 164 1 165 1 
135 1 136 1 166 1 167 1 
137 1 138 1 168 1 169 1 
139 1 140 1 170 1 171 1 
141 1 142 1 172 1 173 1 
143 1 144 1 174 1 175 1 
145 1 146 1 176 1 177 1 
147 1 148 1 178 1 179 1 
149 1 150 1 180 1 181 1 
151 1 152 1 182 1 183 1 
153 1 154 1 184 1 185 1 
155 1 186 1 0 0 0 0 
156 1 187 1 0 0 0 0 
157 1 158 1 188 1 189 1 
159 1 160 1 190 1 191 1 
161 1 162 1 192 1 193 1 
163 1 164 1 194 1 195 1 
165 1 166 1 196 1 197 1 
167 1 168 1 198 1 199 1 
169 1 170 1 200 1 201 1 
171 1 172 1 202 1 203 1 
173 1 174 1 204 1 205 1 
175 1 176 1 206 1 207 1 
177 1 178 1 208 1 209 1 
179 1 180 1 210 1 211 1 
181 1 182 1 212 1 213 1 
183 1 184 1 214 1 215 1 
185 1 186 1 216 1 217 1 
187 1 188 1 218 1 219 1 
189 1 190 1 220 1 221 1 
191 1 192 1 222 1 223 1 
193 1 194 1 224 1 225 1 
195 1 196 1 226 1 227 1 
197 1 198 1 228 1 229 1 
199 1 200 1 230 1 231 1 
201 1 202 1 232 1 233 1 
203 1 204 1 234 1 235 1 
205 1 206 1 236 1 237 1 
207 1 208 1 238 1 239 1 
209 1 210 1 240 1 241 1 
211 1 212 1 242 1 243 1 
213 1 214 1 244 1 245 1 
215 1 216 1 246 1 247 1 
217 1 248 1 0 0 0 0 
218 1 249 1 0 0 0 0 
219 1 220 1 250 1 251 1 
221 1 222 1 252 1 253 1 
223 1 224 1 254 1 255 1 
225 1 226 1 256 1 257 1 
227 1 228 1 258 1 259 1 
229 1 230 1 260 1 261 1 
231 1 232 1 262 1 263 1 
233 1 234 1 264 1 265 1 
235 1 236 1 266 1 267 1 
237 1 238 1 268 1 269 1 
239 1 240 1 270 1 271 1 
241 1 242 1 272 1 273 1 
243 1 244 1 274 1 275 1 
245 1 246 1 276 1 277 1 
247 1 248 1 278 1 279 1 
249 1 250 1 280 1 281 1 
251 1 252 1 282 1 283 1 
253 1 254 1 284 1 285 1 
255 1 256 1 286 1 287 1 
257 1 258 1 288 1 289 1 
259 1 260 1 290 1 291 1 
261 1 262 1 292 1 293 1 
263 1 264 1 294 1 295 1 
265 1 266 1 296 1 297 1 
267 1 268 1 298 1 299 1 
269 1 270 1 300 1 301 1 
271 1 272 1 302 1 303 1 
273 1 274 1 304 1 305 1 
275 1 276 1 306 1 307 1 
277 1 278 1 308 1 309 1 
279 1 310 1 0 0 0 0 
280 1 311 1 0 0 0 0 
281 1 282 1 312 1 313 1 
283 1 284 1 314 1 315 1 
285 1 286 1 316 1 317 1 
287 1 288 1 318 1 319 1 
289 1 290 1 320 1 321 1 
291 1 292 1 322 1 323 1 
293 1 294 1 324 1 325 1 
295 1 296 1 326 1 327 1 
297 1 298 1 328 1 329 1 
299 1 300 1 330 1 331 1 
301 1 302 1 332 1 333 1 
303 1 304 1 334 1 335 1 
305 1 306 1 336 1 337 1 
307 1 308 1 338 1 339 1 
309 1 310 1 340 1 341 1 
311 1 312 1 342 1 343 1 
313 1 314 1 344 1 345 1 
315 1 316 1 346 1 347 1 
317 1 318 1 348 1 349 1 
319 1 320 1 350 1 351 1 
321 1 322 1 352 1 353 1 
323 1 324 1 354 1 355 1 
325 1 326 1 356 1 357 1 
327 1 328 1 358 1 359 1 
329 1 330 1 360 1 361 1 
331 1 332 1 362 1 363 1 
333 1 334 1 364 1 365 1 
335 1 336 1 366 1 367 1 
337 1 338 1 368 1 369 1 
339 1 340 1 370 1 371 1 
341 1 372 1 0 0 0 0 
342 1 373 1 0 0 0 0 
343 1 344 1 374 1 375 1 
345 1 346 1 376 1 377 1 
347 1 348 1 378 1 379 1 
349 1 350 1 380 1 381 1 
351 1 352 1 382 1 383 1 
353 1 354 1 384 1 385 1 
355 1 356 1 386 1 387 1 
357 1 358 1 388 1 389 1 
359 1 360 1 390 1 391 1 
361 1 362 1 392 1 393 1 
363 1 364 1 394 1 395 1 
365 1 366 1 396 1 397 1 
367 1 368 1 398 1 399 1 
369 1 370 1 400 1 401 1 
371 1 372 1 402 1 403 1 
373 1 374 1 404 1 405 1 
375 1 376 1 406 1 407 1 
377 1 378 1 408 1 409 1 
379 1 380 1 410 1 411 1 
381 1 382 1 412 1 413 1 
383 1 384 1 414 1 415 1 
385 1 386 1 416 1 417 1 
387 1 388 1 418 1 419 1 
389 1 390 1 420 1 421 1 
391 1 392 1 422 1 423 1 
393 1 394 1 424 1 425 1 
395 1 396 1 426 1 427 1 
397 1 398 1 428 1 429 1 
399 1 400 1 430 1 431 1 
401 1 402 1 432 1 433 1 
403 1 434 1 0 0 0 0 
404 1 435 1 0 0 0 0 
405 1 406 1 436 1 437 1 
407 1 408 1 438 1 439 1 
409 1 410 1 440 1 441 1 
411 1 412 1 442 1 443 1 
413 1 414 1 444 1 445 1 
415 1 416 1 446 1 447 1 
417 1 418 1 448 1 449 1 
419 1 420 1 450 1 451 1 
421 1 422 1 452 1 453 1 
423 1 424 1 454 1 455 1 
425 1 426 1 456 1 457 1 
427 1 428 1 458 1 459 1 
429 1 430 1 460 1 461 1 
431 1 432 1 462 1 463 1 
433 1 434 1 464 1 465 1 
435 1 436 1 466 1 467 1 
437 1 438 1 468 1 469 1 
439 1 440 1 470 1 471 1 
441 1 442 1 472 1 473 1 
443 1 444 1 474 1 475 1 
445 1 446 1 476 1 477 1 
447 1 448 1 478 1 479 1 
449 1 450 1 480 1 481 1 
451 1 452 1 482 1 483 1 
453 1 454 1 484 1 485 1 
455 1 456 1 486 1 487 1 
457 1 458 1 488 1 489 1 
459 1 460 1 490 1 491 1 
461 1 462 1 492 1 493 1 
463 1 464 1 494 1 495 1 
465 1 496 1 0 0 0 0 
466 1 497 1 0 0 0 0 
467 1 468 1 498 1 499 1 
469 1 470 1 500 1 501 1 
471 1 472 1 502 1 503 1 
473 1 474 1 504 1 505 1 
475 1 476 1 506 1 507 1 
477 1 478 1 508 1 509 1 
479 1 480 1 510 1 511 1 
481 1 482 1 512 1 513 1 
483 1 484 1 514 1 515 1 
485 1 486 1 516 1 517 1 
487 1 488 1 518 1 519 1 
489 1 490 1 520 1 521 1 
491 1 492 1 522 1 523 1 
493 1 494 1 524 1 525 1 
495 1 496 1 526 1 527 1 
497 1 498 1 528 1 529 1 
499 1 500 1 530 1 531 1 
501 1 502 1 532 1 533 1 
503 1 504 1 534 1 535 1 
505 1 506 1 536 1 537 1 
507 1 508 1 538 1 539 1 
509 1 510 1 540 1 541 1 
511 1 512 1 542 1 543 1 
513 1 514 1 544 1 545 1 
515 1 516 1 546 1 547 1 
517 1 518 1 548 1 549 1 
519 1 520 1 550 1 551 1 
521 1 522 1 552 1 553 1 
523 1 524 1 554 1 555 1 
525 1 526 1 556 1 557 1 
527 1 558 1 0 0 0 0 
528 1 559 1 0 0 0 0 
529 1 530 1 560 1 561 1 
531 1 532 1 562 1 563 1 
533 1 534 1 564 1 565 1 
535 1 536 1 566 1 567 1 
537 1 538 1 568 1 569 1 
539 1 540 1 570 1 571 1 
541 1 542 1 572 1 573 1 
543 1 544 1 574 1 575 1 
545 1 546 1 576 1 577 1 
547 1 548 1 578 1 579 1 
549 1 550 1 580 1 581 1 
551 1 552 1 582 1 583 1 
553 1 554 1 584 1 585 1 
555 1 556 1 586 1 587 1 
557 1 558 1 588 1 589 1 
559 1 560 1 590 1 591 1 
561 1 562 1 592 1 593 1 
563 1 564 1 594 1 595 1 
565 1 566 1 596 1 597 1 
567 1 568 1 598 1 599 1 
569 1 570 1 600 1 601 1 
571 1 572 1 602 1 603 1 
573 1 574 1 604 1 605 1 
575 1 576 1 606 1 607 1 
577 1 578 1 608 1 609 1 
579 1 580 1 610 1 611 1 
581 1 582 1 612 1 613 1 
583 1 584 1 614 1 615 1 
585 1 586 1 616 1 617 1 
587 1 588 1 618 1 619 1 
589 1 620 1 0 0 0 0 
590 1 621 1 0 0 0 0 
591 1 592 1 622 1 623 1 
593 1 594 1 624 1 625 1 
595 1 596 1 626 1 627 1 
597 1 598 1 628 1 629 1 
599 1 600 1 630 1 631 1 
601 1 602 1 632 1 633 1 
603 1 604 1 634 1 635 1 
605 1 606 1 636 1 637 1 
607 1 608 1 638 1 639 1 
609 1 610 1 640 1 641 1 
611 1 612 1 642 1 643 1 
613 1 614 1 644 1 645 1 
615 1 616 1 646 1 647 1 
617 1 618 1 648 1 649 1 
619 1 620 1 650 1 651 1 
621 1 622 1 652 1 653 1 
623 1 624 1 654 1 655 1 
625 1 626 1 656 1 657 1 
627 1 628 1 658 1 659 1 
629 1 630 1 660 1 661 1 
631 1 632 1 662 1 663 1 
633 1 634 1 664 1 665 1 
635 1 636 1 666 1 667 1 
637 1 638 1 668 1 669 1 
639 1 640 1 670 1 671 1 
641 1 642 1 672 1 673 1 
643 1 644 1 674 1 675 1 
645 1 646 1 676 1 677 1 
647 1 648 1 678 1 679 1 
649 1 650 1 680 1 681 1 
651 1 682 1 0 0 0 0 
652 1 683 1 0 0 0 0 
653 1 654 1 684 1 685 1 
655 1 656 1 686 1 687 1 
657 1 658 1 688 1 689 1 
659 1 660 1 690 1 691 1 
661 1 662 1 692 1 693 1 
663 1 664 1 694 1 695 1 
665 1 666 1 696 1 697 1 
667 1 668 1 698 1 699 1 
669 1 670 1 700 1 701 1 
671 1 672 1 702 1 703 1 
673 1 674 1 704 1 705 1 
675 1 676 1 706 1 707 1 
677 1 678 1 708 1 709 1 
679 1 680 1 710 1 711 1 
681 1 682 1 712 1 713 1 
683 1 684 1 714 1 715 1 
685 1 686 1 716 1 717 1 
687 1 688 1 718 1 719 1 
689 1 690 1 720 1 721 1 
691 1 692 1 722 1 723 1 
693 1 694 1 724 1 725 1 
695 1 696 1 726 1 727 1 
697 1 698 1 728 1 729 1 
699 1 700 1 730 1 731 1 
701 1 702 1 732 1 733 1 
703 1 704 1 734 1 735 1 
705 1 706 1 736 1 737 1 
707 1 708 1 738 1 739 1 
709 1 710 1 740 1 741 1 
711 1 712 1 742 1 743 1 
713 1 744 1 0 0 0 0 
714 1 745 1 0 0 0 0 
715 1 716 1 746 1 747 1 
717 1 718 1 748 1 749 1 
719 1 720 1 750 1 751 1 
721 1 722 1 752 1 753 1 
723 1 724 1 754 1 755 1 
725 1 726 1 756 1 757 1 
727 1 728 1 758 1 759 1 
729 1 730 1 760 1 761 1 
731 1 732 1 762 1 763 1 
733 1 734 1 764 1 765 1 
735 1 736 1 766 1 767 1 
737 1 738 1 768 1 769 1 
739 1 740 1 770 1 771 1 
741 1 742 1 772 1 773 1 
743 1 744 1 774 1 775 1 
745 1 746 1 776 1 777 1 
747 1 748 1 778 1 779 1 
749 1 750 1 780 1 781 1 
751 1 752 1 782 1 783 1 
753 1 754 1 784 1 785 1 
755 1 756 1 786 1 787 1 
757 1 758 1 788 1 789 1 
759 1 760 1 790 1 791 1 
761 1 762 1 792 1 793 1 
763 1 764 1 794 1 795 1 
765 1 766 1 796 1 797 1 
767 1 768 1 798 1 799 1 
769 1 770 1 800 1 801 1 
771 1 772 1 802 1 803 1 
773 1 774 1 804 1 805 1 
775 1 806 1 0 0 0 0 
776 1 807 1 0 0 0 0 
777 1 778 1 808 1 809 1 
779 1 780 1 810 1 811 1 
781 1 782 1 812 1 813 1 
783 1 784 1 814 1 815 1 
785 1 786 1 816 1 817 1 
787 1 788 1 818 1 819 1 
789 1 790 1 820 1 821 1 
791 1 792 1 822 1 823 1 
793 1 794 1 824 1 825 1 
795 1 796 1 826 1 827 1 
797 1 798 1 828 1 829 1 
799 1 800 1 830 1 831 1 
801 1 802 1 832 1 833 1 
803 1 804 1 834 1 835 1 
805 1 806 1 836 1 837 1 
807 1 808 1 838 1 839 1 
809 1 810 1 840 1 841 1 
811 1 812 1 842 1 843 1 
813 1 814 1 844 1 845 1 
815 1 816 1 846 1 847 1 
817 1 818 1 848 1 849 1 
819 1 820 1 850 1 851 1 
821 1 822 1 852 1 853 1 
823 1 824 1 854 1 855 1 
825 1 826 1 856 1 857 1 
827 1 828 1 858 1 859 1 
829 1 830 1 860 1 861 1 
831 1 832 1 862 1 863 1 
833 1 834 1 864 1 865 1 
835 1 836 1 866 1 867 1 
837 1 868 1 0 0 0 0 
838 1 869 1 0 0 0 0 
839 1 840 1 870 1 871 1 
841 1 842 1 872 1 873 1 
843 1 844 1 874 1 875 1 
845 1 846 1 876 1 877 1 
847 1 848 1 878 1 879 1 
849 1 850 1 880 1 881 1 
851 1 852 1 882 1 883 1 
853 1 854 1 884 1 885 1 
855 1 856 1 886 1 887 1 
857 1 858 1 888 1 889 1 
859 1 860 1 890 1 891 1 
861 1 862 1 892 1 893 1 
863 1 864 1 894 1 895 1 
865 1 866 1 896 1 897 1 
867 1 868 1 898 1 899 1 
869 1 870 1 900 1 901 1 
871 1 872 1 902 1 903 1 
873 1 874 1 904 1 905 1 
875 1 876 1 906 1 907 1 
877 1 878 1 908 1 909 1 
879 1 880 1 910 1 911 1 
881 1 882 1 912 1 913 1 
883 1 884 1 914 1 915 1 
885 1 886 1 916 1 917 1 
887 1 888 1 918 1 919 1 
889 1 890 1 920 1 921 1 
891 1 892 1 922 1 923 1 
893 1 894 1 924 1 925 1 
895 1 896 1 926 1 927 1 
897 1 898 1 928 1 929 1 
899 1 930 1 0 0 0 0 
900 1 931 1 0 0 0 0 
901 1 902 1 932 1 933 1 
903 1 904 1 934 1 935 1 
905 1 906 1 936 1 937 1 
907 1 908 1 938 1 939 1 
909 1 910 1 940 1 941 1 
911 1 912 1 942 1 943 1 
913 1 914 1 944 1 945 1 
915 1 916 1 946 1 947 1 
917 1 918 1 948 1 949 1 
919 1 920 1 950 1 951 1 
921 1 922 1 952 1 953 1 
923 1 924 1 954 1 955 1 
925 1 926 1 956 1 957 1 
927 1 928 1 958 1 959 1 
929 1 930 1 960 1 961 1 
1 2 2 2 0 0 0 0 
3 2 4 2 0 0 0 0 
5 2 6 2 0 0 0 0 
7 2 8 2 0 0 0 0 
9 2 10 2 0 0 0 0 
11 2 12 2 0 0 0 0 
13 2 14 2 0 0 0 0 
15 2 16 2 0 0 0 0 
17 2 18 2 0 0 0 0 
19 2 20 2 0 0 0 0 
21 2 22 2 0 0 0 0 
23 2 24 2 0 0 0 0 
25 2 26 2 0 0 0 0 
27 2 28 2 0 0 0 0 
29 2 30 2 0 0 0 0 
2 2 3 2 33 2 34 2 
4 2 5 2 35 2 36 2 
6 2 7 2 37 2 38 2 
8 2 9 2 39 2 40 2 
10 2 11 2 41 2 42 2 
12 2 13 2 43 2 44 2 
14 2 15 2 45 2 46 2 
16 2 17 2 47 2 48 2 
18 2 19 2 49 2 50 2 
20 2 21 2 51 2 52 2 
22 2 23 2 53 2 54 2 
24 2 25 2 55 2 56 2 
26 2 27 2 57 2 58 2 
28 2 29 2 59 2 60 2 
30 2 31 2 61 2 62 2 
32 2 33 2 63 2 64 2 
34 2 35 2 65 2 66 2 
36 2 37 2 67 2 68 2 
38 2 39 2 69 2 70 2 
40 2 41 2 71 2 72 2 
42 2 43 2 73 2 74 2 
44 2 45 2 75 2 76 2 
46 2 47 2 77 2 78 2 
48 2 49 2 79 2 80 2 
50 2 51 2 81 2 82 2 
52 2 53 2 83 2 84 2 
54 2 55 2 85 2 86 2 
56 2 57 2 87 2 88 2 
58 2 59 2 89 2 90 2 
60 2 61 2 91 2 92 2 
64 2 65 2 95 2 96 2 
66 2 67 2 97 2 98 2 
68 2 69 2 99 2 100 2 
70 2 71 2 101 2 102 2 
72 2 73 2 103 2 104 2 
74 2 75 2 105 2 106 2 
76 2 77 2 107 2 108 2 
78 2 79 2 109 2 110 2 
80 2 81 2 111 2 112 2 
82 2 83 2 113 2 114 2 
84 2 85 2 115 2 116 2 
86 2 87 2 117 2 118 2 
88 2 89 2 119 2 120 2 
90 2 91 2 121 2 122 2 
92 2 93 2 123 2 124 2 
94 2 95 2 125 2 126 2 
96 2 97 2 127 2 128 2 
98 2 99 2 129 2 130 2 
100 2 101 2 131 2 132 2 
102 2 103 2 133 2 134 2 
104 2 105 2 135 2 136 2 
106 2 107 2 137 2 138 2 
108 2 109 2 139 2 140 2 
110 2 111 2 141 2 142 2 
112 2 113 2 143 2 144 2 
114 2 115 2 145 2 146 2 
116 2 117 2 147 2 148 2 
118 2 119 2 149 2 150 2 
120 2 121 2 151 2 152 2 
122 2 123 2 153 2 154 2 
126 2 127 2 157 2 158 2 
128 2 129 2 159 2 160 2 
130 2 131 2 161 2 162 2 
132 2 133 2 163 2 164 2 
134 2 135 2 165 2 166 2 
136 2 137 2 167 2 168 2 
138 2 139 2 169 2 170 2 
140 2 141 2 171 2 172 2 
142 2 143 2 173 2 174 2 
144 2 145 2 175 2 176 2 
146 2 147 2 177 2 178 2 
148 2 149 2 179 2 180 2 
150 2 151 2 181 2 182 2 
152 2 153 2 183 2 184 2 
154 2 155 2 185 2 186 2 
156 2 157 2 187 2 188 2 
158 2 159 2 189 2 190 2 
160 2 161 2 191 2 192 2 
162 2 163 2 193 2 194 2 
164 2 165 2 195 2 196 2 
166 2 167 2 197 2 198 2 
168 2 169 2 199 2 200 2 
170 2 171 2 201 2 202 2 
172 2 173 2 203 2 204 2 
174 2 175 2 205 2 206 2 
176 2 177 2 207 2 208 2 
178 2 179 2 209 2 210 2 
180 2 181 2 211 2 212 2 
182 2 183 2 213 2 214 2 
184 2 185 2 215 2 216 2 
188 2 189 2 219 2 220 2 
190 2 191 2 221 2 222 2 
192 2 193 2 223 2 224 2 
194 2 195 2 225 2 226 2 
196 2 197 2 227 2 228 2 
198 2 199 2 229 2 230 2 
200 2 201 2 231 2 232 2 
202 2 203 2 233 2 234 2 
204 2 205 2 235 2 236 2 
206 2 207 2 237 2 238 2 
208 2 209 2 239 2 240 2 
210 2 211 2 241 2 242 2 
212 2 213 2 243 2 244 2 
214 2 215 2 245 2 246 2 
216 2 217 2 247 2 248 2 
218 2 219 2 249 2 250 2 
220 2 221 2 251 2 252 2 
222 2 223 2 253 2 254 2 
224 2 225 2 255 2 256 2 
226 2 227 2 257 2 258 2 
228 2 229 2 259 2 260 2 
230 2 231 2 261 2 262 2 
232 2 233 2 263 2 264 2 
234 2 235 2 265 2 266 2 
236 2 237 2 267 2 268 2 
238 2 239 2 269 2 270 2 
240 2 241 2 271 2 272 2 
242 2 243 2 273 2 274 2 
244 2 245 2 275 2 276 2 
246 2 247 2 277 2 278 2 
250 2 251 2 281 2 282 2 
252 2 253 2 283 2 284 2 
254 2 255 2 285 2 286 2 
256 2 257 2 287 2 288 2 
258 2 259 2 289 2 290 2 
260 2 261 2 291 2 292 2 
262 2 263 2 293 2 294 2 
264 2 265 2 295 2 296 2 
266 2 267 2 297 2 298 2 
268 2 269 2 299 2 300 2 
270 2 271 2 301 2 302 2 
272 2 273 2 303 2 304 2 
274 2 275 2 305 2 306 2 
276 2 277 2 307 2 308 2 
278 2 279 2 309 2 310 2 
280 2 281 2 311 2 312 2 
282 2 283 2 313 2 314 2 
284 2 285 2 315 2 316 2 
286 2 287 2 317 2 318 2 
288 2 289 2 319 2 320 2 
290 2 291 2 321 2 322 2 
292 2 293 2 323 2 324 2 
294 2 295 2 325 2 326 2 
296 2 297 2 327 2 328 2 
298 2 299 2 329 2 330 2 
300 2 301 2 331 2 332 2 
302 2 303 2 333 2 334 2 
304 2 305 2 335 2 336 2 
306 2 307 2 337 2 338 2 
308 2 309 2 339 2 340 2 
312 2 313 2 343 2 344 2 
314 2 315 2 345 2 346 2 
316 2 317 2 347 2 348 2 
318 2 319 2 349 2 350 2 
320 2 321 2 351 2 352 2 
322 2 323 2 353 2 354 2 
324 2 325 2 355 2 356 2 
326 2 327 2 357 2 358 2 
328 2 329 2 359 2 360 2 
330 2 331 2 361 2 362 2 
332 2 333 2 363 2 364 2 
334 2 335 2 365 2 366 2 
336 2 337 2 367 2 368 2 
338 2 339 2 369 2 370 2 
340 2 341 2 371 2 372 2 
342 2 343 2 373 2 374 2 
344 2 345 2 375 2 376 2 
346 2 347 2 377 2 378 2 
348 2 349 2 379 2 380 2 
350 2 351 2 381 2 382 2 
352 2 353 2 383 2 384 2 
354 2 355 2 385 2 386 2 
356 2 357 2 387 2 388 2 
358 2 359 2 389 2 390 2 
360 2 361 2 391 2 392 2 
362 2 363 2 393 2 394 2 
364 2 365 2 395 2 396 2 
366 2 367 2 397 2 398 2 
368 2 369 2 399 2 400 2 
370 2 371 2 401 2 402 2 
374 2 375 2 405 2 406 2 
376 2 377 2 407 2 408 2 
378 2 379 2 409 2 410 2 
380 2 381 2 411 2 412 2 
382 2 383 2 413 2 414 2 
384 2 385 2 415 2 416 2 
386 2 387 2 417 2 418 2 
388 2 389 2 419 2 420 2 
390 2 391 2 421 2 422 2 
392 2 393 2 423 2 424 2 
394 2 395 2 425 2 426 2 
396 2 397 2 427 2 428 2 
398 2 399 2 429 2 430 2 
400 2 401 2 431 2 432 2 
402 2 403 2 433 2 434 2 
404 2 405 2 435 2 436 2 
406 2 407 2 437 2 438 2 
408 2 409 2 439 2 440 2 
410 2 411 2 441 2 442 2 
412 2 413 2 443 2 444 2 
414 2 415 2 445 2 446 2 
416 2 417 2 447 2 448 2 
418 2 419 2 449 2 450 2 
420 2 421 2 451 2 452 2 
422 2 423 2 453 2 454 2 
424 2 425 2 455 2 456 2 
426 2 427 2 457 2 458 2 
428 2 429 2 459 2 460 2 
430 2 431 2 461 2 462 2 
432 2 433 2 463 2 464 2 
436 2 437 2 467 2 468 2 
438 2 439 2 469 2 470 2 
440 2 441 2 471 2 472 2 
442 2 443 2 473 2 474 2 
444 2 445 2 475 2 476 2 
446 2 447 2 477 2 478 2 
448 2 449 2 479 2 480 2 
450 2 451 2 481 2 482 2 
452 2 453 2 483 2 484 2 
454 2 455 2 485 2 486 2 
456 2 457 2 487 2 488 2 
458 2 459 2 489 2 490 2 
460 2 461 2 491 2 492 2 
462 2 463 2 493 2 494 2 
464 2 465 2 495 2 496 2 
466 2 467 2 497 2 498 2 
468 2 469 2 499 2 500 2 
470 2 471 2 501 2 502 2 
472 2 473 2 503 2 504 2 
474 2 475 2 505 2 506 2 
476 2 477 2 507 2 508 2 
478 2 479 2 509 2 510 2 
480 2 481 2 511 2 512 2 
482 2 483 2 513 2 514 2 
484 2 485 2 515 2 516 2 
486 2 487 2 517 2 518 2 
488 2 489 2 519 2 520 2 
490 2 491 2 521 2 522 2 
492 2 493 2 523 2 524 2 
494 2 495 2 525 2 526 2 
498 2 499 2 529 2 530 2 
500 2 501 2 531 2 532 2 
502 2 503 2 533 2 534 2 
504 2 505 2 535 2 536 2 
506 2 507 2 537 2 538 2 
508 2 509 2 539 2 540 2 
510 2 511 2 541 2 542 2 
512 2 513 2 543 2 544 2 
514 2 515 2 545 2 546 2 
516 2 517 2 547 2 548 2 
518 2 519 2 549 2 550 2 
520 2 521 2 551 2 552 2 
522 2 523 2 553 2 554 2 
524 2 525 2 555 2 556 2 
526 2 527 2 557 2 558 2 
528 2 529 2 559 2 560 2 
530 2 531 2 561 2 562 2 
532 2 533 2 563 2 564 2 
534 2 535 2 565 2 566 2 
536 2 537 2 567 2 568 2 
538 2 539 2 569 2 570 2 
540 2 541 2 571 2 572 2 
542 2 543 2 573 2 574 2 
544 2 545 2 575 2 576 2 
546 2 547 2 577 2 578 2 
548 2 549 2 579 2 580 2 
550 2 551 2 581 2 582 2 
552 2 553 2 583 2 584 2 
554 2 555 2 585 2 586 2 
556 2 557 2 587 2 588 2 
560 2 561 2 591 2 592 2 
562 2 563 2 593 2 594 2 
564 2 565 2 595 2 596 2 
566 2 567 2 597 2 598 2 
568 2 569 2 599 2 600 2 
570 2 571 2 601 2 602 2 
572 2 573 2 603 2 604 2 
574 2 575 2 605 2 606 2 
576 2 577 2 607 2 608 2 
578 2 579 2 609 2 610 2 
580 2 581 2 611 2 612 2 
582 2 583 2 613 2 614 2 
584 2 585 2 615 2 616 2 
586 2 587 2 617 2 618 2 
588 2 589 2 619 2 620 2 
590 2 591 2 621 2 622 2 
592 2 593 2 623 2 624 2 
594 2 595 2 625 2 626 2 
596 2 597 2 627 2 628 2 
598 2 599 2 629 2 630 2 
600 2 601 2 631 2 632 2 
602 2 603 2 633 2 634 2 
604 2 605 2 635 2 636 2 
606 2 607 2 637 2 638 2 
608 2 609 2 639 2 640 2 
610 2 611 2 641 2 642 2 
612 2 613 2 643 2 644 2 
614 2 615 2 645 2 646 2 
616 2 617 2 647 2 648 2 
618 2 619 2 649 2 650 2 
622 2 623 2 653 2 654 2 
624 2 625 2 655 2 656 2 
626 2 627 2 657 2 658 2 
628 2 629 2 659 2 660 2 
630 2 631 2 661 2 662 2 
632 2 633 2 663 2 664 2 
634 2 635 2 665 2 666 2 
636 2 637 2 667 2 668 2 
638 2 639 2 669 2 670 2 
640 2 641 2 671 2 672 2 
642 2 643 2 673 2 674 2 
644 2 645 2 675 2 676 2 
646 2 647 2 677 2 678 2 
648 2 649 2 679 2 680 2 
650 2 651 2 681 2 682 2 
652 2 653 2 683 2 684 2 
654 2 655 2 685 2 686 2 
656 2 657 2 687 2 688 2 
658 2 659 2 689 2 690 2 
660 2 661 2 691 2 692 2 
662 2 663 2 693 2 694 2 
664 2 665 2 695 2 696 2 
666 2 667 2 697 2 698 2 
668 2 669 2 699 2 700 2 
670 2 671 2 701 2 702 2 
672 2 673 2 703 2 704 2 
674 2 675 2 705 2 706 2 
676 2 677 2 707 2 708 2 
678 2 679 2 709 2 710 2 
680 2 681 2 711 2 712 2 
684 2 685 2 715 2 716 2 
686 2 687 2 717 2 718 2 
688 2 689 2 719 2 720 2 
690 2 691 2 721 2 722 2 
692 2 693 2 723 2 724 2 
694 2 695 2 725 2 726 2 
696 2 697 2 727 2 728 2 
698 2 699 2 729 2 730 2 
700 2 701 2 731 2 732 2 
702 2 703 2 733 2 734 2 
704 2 705 2 735 2 736 2 
706 2 707 2 737 2 738 2 
708 2 709 2 739 2 740 2 
710 2 711 2 741 2 742 2 
712 2 713 2 743 2 744 2 
714 2 715 2 745 2 746 2 
716 2 717 2 747 2 748 2 
718 2 719 2 749 2 750 2 
720 2 721 2 751 2 752 2 
722 2 723 2 753 2 754 2 
724 2 725 2 755 2 756 2 
726 2 727 2 757 2 758 2 
728 2 729 2 759 2 760 2 
730 2 731 2 761 2 762 2 
732 2 733 2 763 2 764 2 
734 2 735 2 765 2 766 2 
736 2 737 2 767 2 768 2 
738 2 739 2 769 2 770 2 
740 2 741 2 771 2 772 2 
742 2 743 2 773 2 774 2 
746 2 747 2 777 2 778 2 
748 2 749 2 779 2 780 2 
750 2 751 2 781 2 782 2 
752 2 753 2 783 2 784 2 
754 2 755 2 785 2 786 2 
756 2 757 2 787 2 788 2 
758 2 759 2 789 2 790 2 
760 2 761 2 791 2 792 2 
762 2 763 2 793 2 794 2 
764 2 765 2 795 2 796 2 
766 2 767 2 797 2 798 2 
768 2 769 2 799 2 800 2 
770 2 771 2 801 2 802 2 
772 2 773 2 803 2 804 2 
774 2 775 2 805 2 806 2 
776 2 777 2 807 2 808 2 
778 2 779 2 809 2 810 2 
780 2 781 2 811 2 812 2 
782 2 783 2 813 2 814 2 
784 2 785 2 815 2 816 2 
786 2 787 2 817 2 818 2 
788 2 789 2 819 2 820 2 
790 2 791 2 821 2 822 2 
792 2 793 2 823 2 824 2 
794 2 795 2 825 2 826 2 
796 2 797 2 827 2 828 2 
798 2 799 2 829 2 830 2 
800 2 801 2 831 2 832 2 
802 2 803 2 833 2 834 2 
804 2 805 2 835 2 836 2 
808 2 809 2 839 2 840 2 
810 2 811 2 841 2 842 2 
812 2 813 2 843 2 844 2 
814 2 815 2 845 2 846 2 
816 2 817 2 847 2 848 2 
818 2 819 2 849 2 850 2 
820 2 821 2 851 2 852 2 
822 2 823 2 853 2 854 2 
824 2 825 2 855 2 856 2 
826 2 827 2 857 2 858 2 
828 2 829 2 859 2 860 2 
830 2 831 2 861 2 862 2 
832 2 833 2 863 2 864 2 
834 2 835 2 865 2 866 2 
836 2 837 2 867 2 868 2 
838 2 839 2 869 2 870 2 
840 2 841 2 871 2 872 2 
842 2 843 2 873 2 874 2 
844 2 845 2 875 2 876 2 
846 2 847 2 877 2 878 2 
848 2 849 2 879 2 880 2 
850 2 851 2 881 2 882 2 
852 2 853 2 883 2 884 2 
854 2 855 2 885 2 886 2 
856 2 857 2 887 2 888 2 
858 2 859 2 889 2 890 2 
860 2 861 2 891 2 892 2 
862 2 863 2 893 2 894 2 
864 2 865 2 895 2 896 2 
866 2 867 2 897 2 898 2 
870 2 871 2 901 2 902 2 
872 2 873 2 903 2 904 2 
874 2 875 2 905 2 906 2 
876 2 877 2 907 2 908 2 
878 2 879 2 909 2 910 2 
880 2 881 2 911 2 912 2 
882 2 883 2 913 2 914 2 
884 2 885 2 915 2 916 2 
886 2 887 2 917 2 918 2 
888 2 889 2 919 2 920 2 
890 2 891 2 921 2 922 2 
892 2 893 2 923 2 924 2 
894 2 895 2 925 2 926 2 
896 2 897 2 927 2 928 2 
898 2 899 2 929 2 930 2 
900 2 901 2 931 2 932 2 
902 2 903 2 933 2 934 2 
904 2 905 2 935 2 936 2 
906 2 907 2 937 2 938 2 
908 2 909 2 939 2 940 2 
910 2 911 2 941 2 942 2 
912 2 913 2 943 2 944 2 
914 2 915 2 945 2 946 2 
916 2 917 2 947 2 948 2 
918 2 919 2 949 2 950 2 
920 2 921 2 951 2 952 2 
922 2 923 2 953 2 954 2 
924 2 925 2 955 2 956 2 
926 2 927 2 957 2 958 2 
928 2 929 2 959 2 960 2 
932 2 933 2 0 0 0 0 
934 2 935 2 0 0 0 0 
936 2 937 2 0 0 0 0 
938 2 939 2 0 0 0 0 
940 2 941 2 0 0 0 0 
942 2 943 2 0 0 0 0 
944 2 945 2 0 0 0 0 
946 2 947 2 0 0 0 0 
948 2 949 2 0 0 0 0 
950 2 951 2 0 0 0 0 
952 2 953 2 0 0 0 0 
954 2 955 2 0 0 0 0 
956 2 957 2 0 0 0 0 
958 2 959 2 0 0 0 0 
960 2 961 2 0 0 0 0 
