144 78
12 38
4 5 6 5 5 5 5 9 10 10 6 7 6 8 9 10 7 12 7 9 7 9 7 9 10 9 9 10 10 9 10 6 8 8 9 5 9 9 9 9 9 9 11 10 11 12 12 12 7 5 6 7 7 8 3 3 2 2 1 1 4 3 1 2 2 2 6 6 2 3 3 2 7 10 10 10 3 3 9 10 3 3 3 3 3 3 3 3 3 3 3 3 3 3 3 3 3 3 3 3 3 3 3 3 3 3 3 3 3 3 3 3 3 3 3 3 3 3 2 2 3 3 2 2 2 2 3 3 3 3 4 4 4 4 3 2 3 4 2 1 2 2 3 4 
6 6 6 6 6 6 6 6 6 6 6 6 6 6 6 6 6 6 6 6 6 6 6 6 6 6 6 6 6 6 6 6 6 6 6 6 6 6 6 6 6 6 6 6 6 6 6 6 6 6 6 6 6 6 6 6 6 6 6 6 6 6 6 6 6 6 26 38 24 36 16 34 34 36 24 22 26 26 
4 7 13 69 0 0 0 0 0 0 0 0 
5 8 14 67 70 0 0 0 0 0 0 0 
6 9 15 68 71 75 0 0 0 0 0 0 
1 10 16 72 76 0 0 0 0 0 0 0 
2 11 17 73 77 0 0 0 0 0 0 0 
3 12 18 74 78 0 0 0 0 0 0 0 
10 13 19 70 77 0 0 0 0 0 0 0 
11 14 20 69 72 74 76 77 78 0 0 0 
12 15 21 67 68 69 72 73 75 78 0 0 
7 16 22 67 68 70 73 74 75 76 0 0 
8 17 23 67 70 77 0 0 0 0 0 0 
9 18 24 67 68 71 78 0 0 0 0 0 
16 19 25 69 71 72 0 0 0 0 0 0 
17 20 26 69 70 71 72 75 0 0 0 0 
18 21 27 67 68 69 72 73 74 0 0 0 
13 22 28 67 68 69 70 73 74 75 0 0 
14 23 29 67 69 71 73 0 0 0 0 0 
15 24 30 67 68 69 70 71 72 73 74 75 
22 25 31 72 73 76 77 0 0 0 0 0 
23 26 32 68 70 72 73 74 78 0 0 0 
24 27 33 72 73 76 77 0 0 0 0 0 
19 28 34 68 70 72 73 74 78 0 0 0 
20 29 35 72 73 76 77 0 0 0 0 0 
21 30 36 68 70 72 73 74 78 0 0 0 
28 31 37 67 68 73 74 75 76 77 0 0 
29 32 38 69 70 72 74 76 78 0 0 0 
30 33 39 68 73 74 75 76 77 0 0 0 
25 34 40 68 69 70 72 74 76 78 0 0 
26 35 41 67 68 73 74 75 76 77 0 0 
27 36 42 69 70 72 74 76 78 0 0 0 
34 37 43 67 68 70 71 73 74 75 0 0 
35 38 44 70 72 75 0 0 0 0 0 0 
36 39 45 68 70 71 74 75 0 0 0 0 
31 40 46 68 70 72 74 75 0 0 0 0 
32 41 47 67 68 70 73 74 75 0 0 0 
33 42 48 70 75 0 0 0 0 0 0 0 
40 43 49 68 70 74 76 77 78 0 0 0 
41 44 50 68 70 74 76 77 78 0 0 0 
42 45 51 68 70 74 76 77 78 0 0 0 
37 46 52 68 70 74 76 77 78 0 0 0 
38 47 53 68 70 74 76 77 78 0 0 0 
39 48 54 68 70 74 76 77 78 0 0 0 
46 49 55 68 69 70 72 73 75 77 78 0 
47 50 56 69 70 72 73 75 77 78 0 0 
48 51 57 67 69 70 72 73 75 77 78 0 
43 52 58 67 68 69 70 72 73 75 77 78 
44 53 59 67 68 69 70 72 73 75 77 78 
45 54 60 67 68 69 70 72 73 75 77 78 
52 55 61 68 71 72 74 0 0 0 0 0 
53 56 62 71 72 0 0 0 0 0 0 0 
54 57 63 67 72 73 0 0 0 0 0 0 
49 58 64 67 68 73 74 0 0 0 0 0 
50 59 67 68 71 73 74 0 0 0 0 0 
51 60 67 68 71 72 73 74 0 0 0 0 
58 61 65 0 0 0 0 0 0 0 0 0 
59 62 66 0 0 0 0 0 0 0 0 0 
60 63 0 0 0 0 0 0 0 0 0 0 
55 64 0 0 0 0 0 0 0 0 0 0 
56 0 0 0 0 0 0 0 0 0 0 0 
57 0 0 0 0 0 0 0 0 0 0 0 
1 64 65 67 0 0 0 0 0 0 0 0 
2 66 68 0 0 0 0 0 0 0 0 0 
3 0 0 0 0 0 0 0 0 0 0 0 
4 61 0 0 0 0 0 0 0 0 0 0 
5 62 0 0 0 0 0 0 0 0 0 0 
6 63 0 0 0 0 0 0 0 0 0 0 
1 7 67 69 71 73 0 0 0 0 0 0 
2 8 68 70 72 74 0 0 0 0 0 0 
3 9 0 0 0 0 0 0 0 0 0 0 
4 10 65 0 0 0 0 0 0 0 0 0 
5 11 66 0 0 0 0 0 0 0 0 0 
6 12 0 0 0 0 0 0 0 0 0 0 
2 3 19 68 70 72 77 0 0 0 0 0 
3 4 20 69 72 73 74 76 77 78 0 0 
4 5 21 67 68 69 72 73 74 78 0 0 
5 6 22 67 68 69 70 73 74 75 0 0 
1 6 23 0 0 0 0 0 0 0 0 0 
1 2 24 0 0 0 0 0 0 0 0 0 
8 9 25 69 71 72 74 76 77 0 0 0 
9 10 26 70 71 73 74 75 76 78 0 0 
10 11 27 0 0 0 0 0 0 0 0 0 
11 12 28 0 0 0 0 0 0 0 0 0 
7 12 29 0 0 0 0 0 0 0 0 0 
7 8 30 0 0 0 0 0 0 0 0 0 
14 15 31 0 0 0 0 0 0 0 0 0 
15 16 32 0 0 0 0 0 0 0 0 0 
16 17 33 0 0 0 0 0 0 0 0 0 
17 18 34 0 0 0 0 0 0 0 0 0 
13 18 35 0 0 0 0 0 0 0 0 0 
13 14 36 0 0 0 0 0 0 0 0 0 
20 21 37 0 0 0 0 0 0 0 0 0 
21 22 38 0 0 0 0 0 0 0 0 0 
22 23 39 0 0 0 0 0 0 0 0 0 
23 24 40 0 0 0 0 0 0 0 0 0 
19 24 41 0 0 0 0 0 0 0 0 0 
19 20 42 0 0 0 0 0 0 0 0 0 
26 27 43 0 0 0 0 0 0 0 0 0 
27 28 44 0 0 0 0 0 0 0 0 0 
28 29 45 0 0 0 0 0 0 0 0 0 
29 30 46 0 0 0 0 0 0 0 0 0 
25 30 47 0 0 0 0 0 0 0 0 0 
25 26 48 0 0 0 0 0 0 0 0 0 
32 33 49 0 0 0 0 0 0 0 0 0 
33 34 50 0 0 0 0 0 0 0 0 0 
34 35 51 0 0 0 0 0 0 0 0 0 
35 36 52 0 0 0 0 0 0 0 0 0 
31 36 53 0 0 0 0 0 0 0 0 0 
31 32 54 0 0 0 0 0 0 0 0 0 
38 39 55 0 0 0 0 0 0 0 0 0 
39 40 56 0 0 0 0 0 0 0 0 0 
40 41 57 0 0 0 0 0 0 0 0 0 
41 42 58 0 0 0 0 0 0 0 0 0 
37 42 59 0 0 0 0 0 0 0 0 0 
37 38 60 0 0 0 0 0 0 0 0 0 
44 45 61 0 0 0 0 0 0 0 0 0 
45 46 62 0 0 0 0 0 0 0 0 0 
46 47 63 0 0 0 0 0 0 0 0 0 
47 48 64 0 0 0 0 0 0 0 0 0 
43 48 0 0 0 0 0 0 0 0 0 0 
43 44 0 0 0 0 0 0 0 0 0 0 
50 51 65 0 0 0 0 0 0 0 0 0 
51 52 66 0 0 0 0 0 0 0 0 0 
52 53 0 0 0 0 0 0 0 0 0 0 
53 54 0 0 0 0 0 0 0 0 0 0 
49 54 0 0 0 0 0 0 0 0 0 0 
49 50 0 0 0 0 0 0 0 0 0 0 
1 56 57 0 0 0 0 0 0 0 0 0 
2 57 58 0 0 0 0 0 0 0 0 0 
3 58 59 0 0 0 0 0 0 0 0 0 
4 59 60 0 0 0 0 0 0 0 0 0 
5 55 60 67 0 0 0 0 0 0 0 0 
6 55 56 68 0 0 0 0 0 0 0 0 
7 62 63 69 0 0 0 0 0 0 0 0 
8 63 64 70 0 0 0 0 0 0 0 0 
9 64 71 0 0 0 0 0 0 0 0 0 
10 72 0 0 0 0 0 0 0 0 0 0 
11 61 73 0 0 0 0 0 0 0 0 0 
12 61 62 74 0 0 0 0 0 0 0 0 
13 66 0 0 0 0 0 0 0 0 0 0 
14 0 0 0 0 0 0 0 0 0 0 0 
15 75 0 0 0 0 0 0 0 0 0 0 
16 76 0 0 0 0 0 0 0 0 0 0 
17 65 77 0 0 0 0 0 0 0 0 0 
18 65 66 78 0 0 0 0 0 0 0 0 
4 61 67 77 78 127 0 0 0 0 0 0 0 0 0 0 0 0 0 0 0 0 0 0 0 0 0 0 0 0 0 0 0 0 0 0 0 0 
5 62 68 73 78 128 0 0 0 0 0 0 0 0 0 0 0 0 0 0 0 0 0 0 0 0 0 0 0 0 0 0 0 0 0 0 0 0 
6 63 69 73 74 129 0 0 0 0 0 0 0 0 0 0 0 0 0 0 0 0 0 0 0 0 0 0 0 0 0 0 0 0 0 0 0 0 
1 64 70 74 75 130 0 0 0 0 0 0 0 0 0 0 0 0 0 0 0 0 0 0 0 0 0 0 0 0 0 0 0 0 0 0 0 0 
2 65 71 75 76 131 0 0 0 0 0 0 0 0 0 0 0 0 0 0 0 0 0 0 0 0 0 0 0 0 0 0 0 0 0 0 0 0 
3 66 72 76 77 132 0 0 0 0 0 0 0 0 0 0 0 0 0 0 0 0 0 0 0 0 0 0 0 0 0 0 0 0 0 0 0 0 
1 10 67 83 84 133 0 0 0 0 0 0 0 0 0 0 0 0 0 0 0 0 0 0 0 0 0 0 0 0 0 0 0 0 0 0 0 0 
2 11 68 79 84 134 0 0 0 0 0 0 0 0 0 0 0 0 0 0 0 0 0 0 0 0 0 0 0 0 0 0 0 0 0 0 0 0 
3 12 69 79 80 135 0 0 0 0 0 0 0 0 0 0 0 0 0 0 0 0 0 0 0 0 0 0 0 0 0 0 0 0 0 0 0 0 
4 7 70 80 81 136 0 0 0 0 0 0 0 0 0 0 0 0 0 0 0 0 0 0 0 0 0 0 0 0 0 0 0 0 0 0 0 0 
5 8 71 81 82 137 0 0 0 0 0 0 0 0 0 0 0 0 0 0 0 0 0 0 0 0 0 0 0 0 0 0 0 0 0 0 0 0 
6 9 72 82 83 138 0 0 0 0 0 0 0 0 0 0 0 0 0 0 0 0 0 0 0 0 0 0 0 0 0 0 0 0 0 0 0 0 
1 7 16 89 90 139 0 0 0 0 0 0 0 0 0 0 0 0 0 0 0 0 0 0 0 0 0 0 0 0 0 0 0 0 0 0 0 0 
2 8 17 85 90 140 0 0 0 0 0 0 0 0 0 0 0 0 0 0 0 0 0 0 0 0 0 0 0 0 0 0 0 0 0 0 0 0 
3 9 18 85 86 141 0 0 0 0 0 0 0 0 0 0 0 0 0 0 0 0 0 0 0 0 0 0 0 0 0 0 0 0 0 0 0 0 
4 10 13 86 87 142 0 0 0 0 0 0 0 0 0 0 0 0 0 0 0 0 0 0 0 0 0 0 0 0 0 0 0 0 0 0 0 0 
5 11 14 87 88 143 0 0 0 0 0 0 0 0 0 0 0 0 0 0 0 0 0 0 0 0 0 0 0 0 0 0 0 0 0 0 0 0 
6 12 15 88 89 144 0 0 0 0 0 0 0 0 0 0 0 0 0 0 0 0 0 0 0 0 0 0 0 0 0 0 0 0 0 0 0 0 
7 13 22 73 95 96 0 0 0 0 0 0 0 0 0 0 0 0 0 0 0 0 0 0 0 0 0 0 0 0 0 0 0 0 0 0 0 0 
8 14 23 74 91 96 0 0 0 0 0 0 0 0 0 0 0 0 0 0 0 0 0 0 0 0 0 0 0 0 0 0 0 0 0 0 0 0 
9 15 24 75 91 92 0 0 0 0 0 0 0 0 0 0 0 0 0 0 0 0 0 0 0 0 0 0 0 0 0 0 0 0 0 0 0 0 
10 16 19 76 92 93 0 0 0 0 0 0 0 0 0 0 0 0 0 0 0 0 0 0 0 0 0 0 0 0 0 0 0 0 0 0 0 0 
11 17 20 77 93 94 0 0 0 0 0 0 0 0 0 0 0 0 0 0 0 0 0 0 0 0 0 0 0 0 0 0 0 0 0 0 0 0 
12 18 21 78 94 95 0 0 0 0 0 0 0 0 0 0 0 0 0 0 0 0 0 0 0 0 0 0 0 0 0 0 0 0 0 0 0 0 
13 19 28 79 101 102 0 0 0 0 0 0 0 0 0 0 0 0 0 0 0 0 0 0 0 0 0 0 0 0 0 0 0 0 0 0 0 0 
14 20 29 80 97 102 0 0 0 0 0 0 0 0 0 0 0 0 0 0 0 0 0 0 0 0 0 0 0 0 0 0 0 0 0 0 0 0 
15 21 30 81 97 98 0 0 0 0 0 0 0 0 0 0 0 0 0 0 0 0 0 0 0 0 0 0 0 0 0 0 0 0 0 0 0 0 
16 22 25 82 98 99 0 0 0 0 0 0 0 0 0 0 0 0 0 0 0 0 0 0 0 0 0 0 0 0 0 0 0 0 0 0 0 0 
17 23 26 83 99 100 0 0 0 0 0 0 0 0 0 0 0 0 0 0 0 0 0 0 0 0 0 0 0 0 0 0 0 0 0 0 0 0 
18 24 27 84 100 101 0 0 0 0 0 0 0 0 0 0 0 0 0 0 0 0 0 0 0 0 0 0 0 0 0 0 0 0 0 0 0 0 
19 25 34 85 107 108 0 0 0 0 0 0 0 0 0 0 0 0 0 0 0 0 0 0 0 0 0 0 0 0 0 0 0 0 0 0 0 0 
20 26 35 86 103 108 0 0 0 0 0 0 0 0 0 0 0 0 0 0 0 0 0 0 0 0 0 0 0 0 0 0 0 0 0 0 0 0 
21 27 36 87 103 104 0 0 0 0 0 0 0 0 0 0 0 0 0 0 0 0 0 0 0 0 0 0 0 0 0 0 0 0 0 0 0 0 
22 28 31 88 104 105 0 0 0 0 0 0 0 0 0 0 0 0 0 0 0 0 0 0 0 0 0 0 0 0 0 0 0 0 0 0 0 0 
23 29 32 89 105 106 0 0 0 0 0 0 0 0 0 0 0 0 0 0 0 0 0 0 0 0 0 0 0 0 0 0 0 0 0 0 0 0 
24 30 33 90 106 107 0 0 0 0 0 0 0 0 0 0 0 0 0 0 0 0 0 0 0 0 0 0 0 0 0 0 0 0 0 0 0 0 
25 31 40 91 113 114 0 0 0 0 0 0 0 0 0 0 0 0 0 0 0 0 0 0 0 0 0 0 0 0 0 0 0 0 0 0 0 0 
26 32 41 92 109 114 0 0 0 0 0 0 0 0 0 0 0 0 0 0 0 0 0 0 0 0 0 0 0 0 0 0 0 0 0 0 0 0 
27 33 42 93 109 110 0 0 0 0 0 0 0 0 0 0 0 0 0 0 0 0 0 0 0 0 0 0 0 0 0 0 0 0 0 0 0 0 
28 34 37 94 110 111 0 0 0 0 0 0 0 0 0 0 0 0 0 0 0 0 0 0 0 0 0 0 0 0 0 0 0 0 0 0 0 0 
29 35 38 95 111 112 0 0 0 0 0 0 0 0 0 0 0 0 0 0 0 0 0 0 0 0 0 0 0 0 0 0 0 0 0 0 0 0 
30 36 39 96 112 113 0 0 0 0 0 0 0 0 0 0 0 0 0 0 0 0 0 0 0 0 0 0 0 0 0 0 0 0 0 0 0 0 
31 37 46 97 119 120 0 0 0 0 0 0 0 0 0 0 0 0 0 0 0 0 0 0 0 0 0 0 0 0 0 0 0 0 0 0 0 0 
32 38 47 98 115 120 0 0 0 0 0 0 0 0 0 0 0 0 0 0 0 0 0 0 0 0 0 0 0 0 0 0 0 0 0 0 0 0 
33 39 48 99 115 116 0 0 0 0 0 0 0 0 0 0 0 0 0 0 0 0 0 0 0 0 0 0 0 0 0 0 0 0 0 0 0 0 
34 40 43 100 116 117 0 0 0 0 0 0 0 0 0 0 0 0 0 0 0 0 0 0 0 0 0 0 0 0 0 0 0 0 0 0 0 0 
35 41 44 101 117 118 0 0 0 0 0 0 0 0 0 0 0 0 0 0 0 0 0 0 0 0 0 0 0 0 0 0 0 0 0 0 0 0 
36 42 45 102 118 119 0 0 0 0 0 0 0 0 0 0 0 0 0 0 0 0 0 0 0 0 0 0 0 0 0 0 0 0 0 0 0 0 
37 43 52 103 125 126 0 0 0 0 0 0 0 0 0 0 0 0 0 0 0 0 0 0 0 0 0 0 0 0 0 0 0 0 0 0 0 0 
38 44 53 104 121 126 0 0 0 0 0 0 0 0 0 0 0 0 0 0 0 0 0 0 0 0 0 0 0 0 0 0 0 0 0 0 0 0 
39 45 54 105 121 122 0 0 0 0 0 0 0 0 0 0 0 0 0 0 0 0 0 0 0 0 0 0 0 0 0 0 0 0 0 0 0 0 
40 46 49 106 122 123 0 0 0 0 0 0 0 0 0 0 0 0 0 0 0 0 0 0 0 0 0 0 0 0 0 0 0 0 0 0 0 0 
41 47 50 107 123 124 0 0 0 0 0 0 0 0 0 0 0 0 0 0 0 0 0 0 0 0 0 0 0 0 0 0 0 0 0 0 0 0 
42 48 51 108 124 125 0 0 0 0 0 0 0 0 0 0 0 0 0 0 0 0 0 0 0 0 0 0 0 0 0 0 0 0 0 0 0 0 
43 49 58 109 131 132 0 0 0 0 0 0 0 0 0 0 0 0 0 0 0 0 0 0 0 0 0 0 0 0 0 0 0 0 0 0 0 0 
44 50 59 110 127 132 0 0 0 0 0 0 0 0 0 0 0 0 0 0 0 0 0 0 0 0 0 0 0 0 0 0 0 0 0 0 0 0 
45 51 60 111 127 128 0 0 0 0 0 0 0 0 0 0 0 0 0 0 0 0 0 0 0 0 0 0 0 0 0 0 0 0 0 0 0 0 
46 52 55 112 128 129 0 0 0 0 0 0 0 0 0 0 0 0 0 0 0 0 0 0 0 0 0 0 0 0 0 0 0 0 0 0 0 0 
47 53 56 113 129 130 0 0 0 0 0 0 0 0 0 0 0 0 0 0 0 0 0 0 0 0 0 0 0 0 0 0 0 0 0 0 0 0 
48 54 57 114 130 131 0 0 0 0 0 0 0 0 0 0 0 0 0 0 0 0 0 0 0 0 0 0 0 0 0 0 0 0 0 0 0 0 
49 55 64 115 137 138 0 0 0 0 0 0 0 0 0 0 0 0 0 0 0 0 0 0 0 0 0 0 0 0 0 0 0 0 0 0 0 0 
50 56 65 116 133 138 0 0 0 0 0 0 0 0 0 0 0 0 0 0 0 0 0 0 0 0 0 0 0 0 0 0 0 0 0 0 0 0 
51 57 66 117 133 134 0 0 0 0 0 0 0 0 0 0 0 0 0 0 0 0 0 0 0 0 0 0 0 0 0 0 0 0 0 0 0 0 
52 58 61 118 134 135 0 0 0 0 0 0 0 0 0 0 0 0 0 0 0 0 0 0 0 0 0 0 0 0 0 0 0 0 0 0 0 0 
55 61 70 121 143 144 0 0 0 0 0 0 0 0 0 0 0 0 0 0 0 0 0 0 0 0 0 0 0 0 0 0 0 0 0 0 0 0 
56 62 71 122 139 144 0 0 0 0 0 0 0 0 0 0 0 0 0 0 0 0 0 0 0 0 0 0 0 0 0 0 0 0 0 0 0 0 
2 9 10 11 12 15 16 17 18 25 29 31 35 45 46 47 48 51 52 53 54 61 67 75 76 131 0 0 0 0 0 0 0 0 0 0 0 0 
3 9 10 12 15 16 18 20 22 24 25 27 28 29 31 33 34 35 37 38 39 40 41 42 43 46 47 48 49 52 53 54 62 68 73 75 76 132 
1 8 9 13 14 15 16 17 18 26 28 30 43 44 45 46 47 48 67 74 75 76 79 133 0 0 0 0 0 0 0 0 0 0 0 0 0 0 
2 7 10 11 14 16 18 20 22 24 26 28 30 31 32 33 34 35 36 37 38 39 40 41 42 43 44 45 46 47 48 68 73 76 80 134 0 0 
3 12 13 14 17 18 31 33 49 50 53 54 67 79 80 135 0 0 0 0 0 0 0 0 0 0 0 0 0 0 0 0 0 0 0 0 0 0 
4 8 9 13 14 15 18 19 20 21 22 23 24 26 28 30 32 34 43 44 45 46 47 48 49 50 51 54 68 73 74 75 79 136 0 0 0 0 
5 9 10 15 16 17 18 19 20 21 22 23 24 25 27 29 31 35 43 44 45 46 47 48 51 52 53 54 67 74 75 76 80 137 0 0 0 0 
6 8 10 15 16 18 20 22 24 25 26 27 28 29 30 31 33 34 35 37 38 39 40 41 42 49 52 53 54 68 74 75 76 79 80 138 0 0 
3 9 10 14 16 18 25 27 29 31 32 33 34 35 36 43 44 45 46 47 48 76 80 141 0 0 0 0 0 0 0 0 0 0 0 0 0 0 
4 8 10 19 21 23 25 26 27 28 29 30 37 38 39 40 41 42 74 79 80 142 0 0 0 0 0 0 0 0 0 0 0 0 0 0 0 0 
5 7 8 11 19 21 23 25 27 29 37 38 39 40 41 42 43 44 45 46 47 48 73 74 79 143 0 0 0 0 0 0 0 0 0 0 0 0 
6 8 9 12 20 22 24 26 28 30 37 38 39 40 41 42 43 44 45 46 47 48 74 75 80 144 0 0 0 0 0 0 0 0 0 0 0 0 
