108 58
9 18
3 3 3 3 3 3 3 3 3 3 2 2 3 3 3 3 2 2 3 3 3 3 3 3 3 3 3 3 3 3 3 3 3 3 3 3 3 3 3 3 6 6 1 2 3 3 9 8 1 2 3 3 6 5 3 3 3 6 3 4 5 6 7 9 6 7 5 6 7 6 5 5 3 3 6 6 3 3 5 5 7 9 6 4 5 5 4 6 6 4 6 6 3 3 3 3 8 7 3 4 4 4 5 4 3 4 3 3 
6 6 6 6 6 6 6 6 6 6 6 6 6 6 6 6 6 6 6 6 6 6 6 6 6 6 6 6 6 6 6 6 6 6 6 6 6 6 6 6 6 6 6 6 6 6 6 6 6 6 16 18 18 16 16 18 18 16 
5 6 37 0 0 0 0 0 0 
1 6 38 0 0 0 0 0 0 
1 2 39 0 0 0 0 0 0 
2 3 40 0 0 0 0 0 0 
3 4 41 0 0 0 0 0 0 
4 5 42 0 0 0 0 0 0 
11 12 43 0 0 0 0 0 0 
7 12 44 0 0 0 0 0 0 
7 8 45 0 0 0 0 0 0 
8 9 46 0 0 0 0 0 0 
9 10 0 0 0 0 0 0 0 
10 11 0 0 0 0 0 0 0 
17 18 47 0 0 0 0 0 0 
13 18 48 0 0 0 0 0 0 
13 14 49 0 0 0 0 0 0 
14 15 50 0 0 0 0 0 0 
15 16 0 0 0 0 0 0 0 
16 17 0 0 0 0 0 0 0 
1 23 24 0 0 0 0 0 0 
2 19 24 0 0 0 0 0 0 
3 19 20 0 0 0 0 0 0 
4 20 21 0 0 0 0 0 0 
5 21 22 0 0 0 0 0 0 
6 22 23 0 0 0 0 0 0 
7 29 30 0 0 0 0 0 0 
8 25 30 0 0 0 0 0 0 
9 25 26 0 0 0 0 0 0 
10 26 27 0 0 0 0 0 0 
11 27 28 0 0 0 0 0 0 
12 28 29 0 0 0 0 0 0 
13 35 36 0 0 0 0 0 0 
14 31 36 0 0 0 0 0 0 
15 31 32 0 0 0 0 0 0 
16 32 33 0 0 0 0 0 0 
17 33 34 0 0 0 0 0 0 
18 34 35 0 0 0 0 0 0 
19 41 42 0 0 0 0 0 0 
20 37 42 0 0 0 0 0 0 
21 37 38 0 0 0 0 0 0 
22 38 39 0 0 0 0 0 0 
23 39 40 52 53 54 0 0 0 
24 40 41 51 52 53 0 0 0 
25 0 0 0 0 0 0 0 0 
26 43 0 0 0 0 0 0 0 
27 43 44 0 0 0 0 0 0 
28 44 45 0 0 0 0 0 0 
29 45 46 52 53 54 56 57 58 
30 46 51 52 53 55 56 57 0 
31 0 0 0 0 0 0 0 0 
32 47 0 0 0 0 0 0 0 
33 47 48 0 0 0 0 0 0 
34 48 49 0 0 0 0 0 0 
35 49 50 56 57 58 0 0 0 
36 50 55 56 57 0 0 0 0 
4 43 47 0 0 0 0 0 0 
5 44 48 0 0 0 0 0 0 
6 45 49 0 0 0 0 0 0 
1 46 50 52 53 54 0 0 0 
2 51 54 0 0 0 0 0 0 
3 51 52 53 0 0 0 0 0 
1 10 47 53 54 0 0 0 0 
2 11 48 51 53 54 0 0 0 
3 12 49 51 52 53 54 0 0 
4 7 50 51 52 54 56 57 58 
5 8 51 52 55 58 0 0 0 
6 9 52 53 55 56 57 0 0 
1 7 16 57 58 0 0 0 0 
2 8 17 55 57 58 0 0 0 
3 9 18 55 56 57 58 0 0 
4 10 13 55 56 58 0 0 0 
5 11 14 55 56 0 0 0 0 
6 12 15 56 57 0 0 0 0 
7 13 22 0 0 0 0 0 0 
8 14 23 0 0 0 0 0 0 
9 15 24 52 53 54 0 0 0 
10 16 19 51 52 53 0 0 0 
11 17 20 0 0 0 0 0 0 
12 18 21 0 0 0 0 0 0 
13 19 28 53 54 0 0 0 0 
14 20 29 51 52 0 0 0 0 
15 21 30 54 56 57 58 0 0 
16 22 25 51 52 54 55 56 57 
17 23 26 51 53 54 0 0 0 
18 24 27 51 0 0 0 0 0 
19 25 34 57 58 0 0 0 0 
20 26 35 55 56 0 0 0 0 
21 27 36 58 0 0 0 0 0 
22 28 31 55 56 58 0 0 0 
23 29 32 55 57 58 0 0 0 
24 30 33 55 0 0 0 0 0 
25 31 40 52 53 54 0 0 0 
26 32 41 51 52 53 0 0 0 
27 33 42 0 0 0 0 0 0 
28 34 37 0 0 0 0 0 0 
29 35 38 0 0 0 0 0 0 
30 36 39 0 0 0 0 0 0 
31 37 46 51 53 56 57 58 0 
32 38 52 54 55 56 57 0 0 
33 39 51 0 0 0 0 0 0 
34 40 43 52 0 0 0 0 0 
35 41 44 53 0 0 0 0 0 
36 42 45 54 0 0 0 0 0 
37 43 50 55 57 0 0 0 0 
38 44 56 58 0 0 0 0 0 
39 45 55 0 0 0 0 0 0 
40 46 47 56 0 0 0 0 0 
41 48 57 0 0 0 0 0 0 
42 49 58 0 0 0 0 0 0 
2 3 19 58 61 67 0 0 0 0 0 0 0 0 0 0 0 0 
3 4 20 59 62 68 0 0 0 0 0 0 0 0 0 0 0 0 
4 5 21 60 63 69 0 0 0 0 0 0 0 0 0 0 0 0 
5 6 22 55 64 70 0 0 0 0 0 0 0 0 0 0 0 0 
1 6 23 56 65 71 0 0 0 0 0 0 0 0 0 0 0 0 
1 2 24 57 66 72 0 0 0 0 0 0 0 0 0 0 0 0 
8 9 25 64 67 73 0 0 0 0 0 0 0 0 0 0 0 0 
9 10 26 65 68 74 0 0 0 0 0 0 0 0 0 0 0 0 
10 11 27 66 69 75 0 0 0 0 0 0 0 0 0 0 0 0 
11 12 28 61 70 76 0 0 0 0 0 0 0 0 0 0 0 0 
7 12 29 62 71 77 0 0 0 0 0 0 0 0 0 0 0 0 
7 8 30 63 72 78 0 0 0 0 0 0 0 0 0 0 0 0 
14 15 31 70 73 79 0 0 0 0 0 0 0 0 0 0 0 0 
15 16 32 71 74 80 0 0 0 0 0 0 0 0 0 0 0 0 
16 17 33 72 75 81 0 0 0 0 0 0 0 0 0 0 0 0 
17 18 34 67 76 82 0 0 0 0 0 0 0 0 0 0 0 0 
13 18 35 68 77 83 0 0 0 0 0 0 0 0 0 0 0 0 
13 14 36 69 78 84 0 0 0 0 0 0 0 0 0 0 0 0 
20 21 37 76 79 85 0 0 0 0 0 0 0 0 0 0 0 0 
21 22 38 77 80 86 0 0 0 0 0 0 0 0 0 0 0 0 
22 23 39 78 81 87 0 0 0 0 0 0 0 0 0 0 0 0 
23 24 40 73 82 88 0 0 0 0 0 0 0 0 0 0 0 0 
19 24 41 74 83 89 0 0 0 0 0 0 0 0 0 0 0 0 
19 20 42 75 84 90 0 0 0 0 0 0 0 0 0 0 0 0 
26 27 43 82 85 91 0 0 0 0 0 0 0 0 0 0 0 0 
27 28 44 83 86 92 0 0 0 0 0 0 0 0 0 0 0 0 
28 29 45 84 87 93 0 0 0 0 0 0 0 0 0 0 0 0 
29 30 46 79 88 94 0 0 0 0 0 0 0 0 0 0 0 0 
25 30 47 80 89 95 0 0 0 0 0 0 0 0 0 0 0 0 
25 26 48 81 90 96 0 0 0 0 0 0 0 0 0 0 0 0 
32 33 49 88 91 97 0 0 0 0 0 0 0 0 0 0 0 0 
33 34 50 89 92 98 0 0 0 0 0 0 0 0 0 0 0 0 
34 35 51 90 93 99 0 0 0 0 0 0 0 0 0 0 0 0 
35 36 52 85 94 100 0 0 0 0 0 0 0 0 0 0 0 0 
31 36 53 86 95 101 0 0 0 0 0 0 0 0 0 0 0 0 
31 32 54 87 96 102 0 0 0 0 0 0 0 0 0 0 0 0 
1 38 39 94 97 103 0 0 0 0 0 0 0 0 0 0 0 0 
2 39 40 95 98 104 0 0 0 0 0 0 0 0 0 0 0 0 
3 40 41 96 99 105 0 0 0 0 0 0 0 0 0 0 0 0 
4 41 42 91 100 106 0 0 0 0 0 0 0 0 0 0 0 0 
5 37 42 92 101 107 0 0 0 0 0 0 0 0 0 0 0 0 
6 37 38 93 102 108 0 0 0 0 0 0 0 0 0 0 0 0 
7 44 45 55 100 103 0 0 0 0 0 0 0 0 0 0 0 0 
8 45 46 56 101 104 0 0 0 0 0 0 0 0 0 0 0 0 
9 46 47 57 102 105 0 0 0 0 0 0 0 0 0 0 0 0 
10 47 48 58 97 106 0 0 0 0 0 0 0 0 0 0 0 0 
13 50 51 55 61 106 0 0 0 0 0 0 0 0 0 0 0 0 
14 51 52 56 62 107 0 0 0 0 0 0 0 0 0 0 0 0 
15 52 53 57 63 108 0 0 0 0 0 0 0 0 0 0 0 0 
16 53 54 58 64 103 0 0 0 0 0 0 0 0 0 0 0 0 
42 48 59 60 62 63 64 65 76 80 82 83 84 92 97 99 0 0 
41 42 47 48 58 60 63 64 65 66 75 76 80 82 91 92 98 100 
41 42 47 48 58 60 61 62 63 66 75 76 79 83 91 92 97 101 
41 47 58 59 61 62 63 64 75 79 81 82 83 91 98 102 0 0 
48 54 65 66 68 69 70 71 82 86 88 89 90 98 103 105 0 0 
47 48 53 54 64 66 69 70 71 72 81 82 86 88 97 98 104 106 
47 48 53 54 64 66 67 68 69 72 81 82 85 89 97 98 103 107 
47 53 64 65 67 68 69 70 81 85 87 88 89 97 104 108 0 0 
