108 50
3 6
3 3 3 3 3 3 3 3 3 3 3 3 3 3 3 3 3 3 3 3 3 3 3 3 3 3 3 3 3 3 3 3 3 3 2 2 3 3 3 3 1 1 3 2 2 3 2 2 3 2 2 3 3 3 3 3 3 3 3 3 3 3 3 3 3 3 3 3 3 3 3 3 3 3 3 3 3 3 3 3 3 3 2 2 3 3 3 3 2 2 3 3 3 3 3 3 3 3 2 1 2 3 3 3 2 1 2 3 
6 6 6 6 6 6 6 6 6 6 6 6 6 6 6 6 6 6 6 6 6 6 6 6 6 6 6 6 6 6 6 6 6 6 6 6 6 6 6 6 6 6 6 6 6 6 6 6 6 6 
4	7	13	
5	8	14	
6	9	15	
1	10	16	
2	11	17	
3	12	18	
10	13	19	
11	14	20	
12	15	21	
7	16	22	
8	17	23	
9	18	24	
16	19	25	
17	20	26	
18	21	27	
13	22	28	
14	23	29	
15	24	30	
22	25	31	
23	26	32	
24	27	33	
19	28	34	
20	29	35	
21	30	36	
28	31	37	
29	32	38	
30	33	39	
25	34	40	
26	35	41	
27	36	42	
34	37	43	
35	38	44	
36	39	45	
31	40	46	
32	41	0	
33	42	0	
40	43	47	
41	44	48	
42	45	49	
37	46	50	
38	0	0	
39	0	0	
1	46	47	
2	48	0	
3	49	0	
4	43	50	
5	44	0	
6	45	0	
1	7	50	
2	8	0	
3	9	0	
4	10	47	
5	11	48	
6	12	49	
2	3	19	
3	4	20	
4	5	21	
5	6	22	
1	6	23	
1	2	24	
8	9	25	
9	10	26	
10	11	27	
11	12	28	
7	12	29	
7	8	30	
14	15	31	
15	16	32	
16	17	33	
17	18	34	
13	18	35	
13	14	36	
20	21	37	
21	22	38	
22	23	39	
23	24	40	
19	24	41	
19	20	42	
26	27	43	
27	28	44	
28	29	45	
29	30	46	
25	30	0	
25	26	0	
32	33	47	
33	34	48	
34	35	49	
35	36	50	
31	36	0	
31	32	0	
1	38	39	
2	39	40	
3	40	41	
4	41	42	
5	37	42	
6	37	38	
7	44	45	
8	45	46	
9	46	0	
10	0	0	
11	43	0	
12	43	44	
13	48	49	
14	49	50	
15	50	0	
16	0	0	
17	47	0	
18	47	48	
4	43	49	59	60	91	
5	44	50	55	60	92	
6	45	51	55	56	93	
1	46	52	56	57	94	
2	47	53	57	58	95	
3	48	54	58	59	96	
1	10	49	65	66	97	
2	11	50	61	66	98	
3	12	51	61	62	99	
4	7	52	62	63	100	
5	8	53	63	64	101	
6	9	54	64	65	102	
1	7	16	71	72	103	
2	8	17	67	72	104	
3	9	18	67	68	105	
4	10	13	68	69	106	
5	11	14	69	70	107	
6	12	15	70	71	108	
7	13	22	55	77	78	
8	14	23	56	73	78	
9	15	24	57	73	74	
10	16	19	58	74	75	
11	17	20	59	75	76	
12	18	21	60	76	77	
13	19	28	61	83	84	
14	20	29	62	79	84	
15	21	30	63	79	80	
16	22	25	64	80	81	
17	23	26	65	81	82	
18	24	27	66	82	83	
19	25	34	67	89	90	
20	26	35	68	85	90	
21	27	36	69	85	86	
22	28	31	70	86	87	
23	29	32	71	87	88	
24	30	33	72	88	89	
25	31	40	73	95	96	
26	32	41	74	91	96	
27	33	42	75	91	92	
28	34	37	76	92	93	
29	35	38	77	93	94	
30	36	39	78	94	95	
31	37	46	79	101	102	
32	38	47	80	97	102	
33	39	48	81	97	98	
34	40	43	82	98	99	
37	43	52	85	107	108	
38	44	53	86	103	108	
39	45	54	87	103	104	
40	46	49	88	104	105	
