144 78
10 34
3 3 3 3 3 3 3 3 3 3 2 2 3 3 2 2 2 2 3 3 3 3 3 3 3 3 3 3 3 3 3 3 3 3 3 3 3 3 3 3 3 3 3 3 3 3 3 3 3 3 3 3 3 3 3 3 8 7 7 7 1 2 9 7 6 5 1 2 4 5 3 3 3 3 2 2 1 1 3 3 4 3 4 3 5 6 7 6 5 5 8 8 8 8 8 8 5 7 6 6 5 5 8 8 7 7 7 7 7 8 7 8 7 8 7 6 7 7 7 7 8 8 10 8 8 7 3 3 8 8 4 4 4 3 3 4 4 4 4 4 3 4 3 2 
6 6 6 6 6 6 6 6 6 6 6 6 6 6 6 6 6 6 6 6 6 6 6 6 6 6 6 6 6 6 6 6 6 6 6 6 6 6 6 6 6 6 6 6 6 6 6 6 6 6 6 6 6 6 6 6 6 6 6 6 6 6 6 6 6 6 24 12 18 34 26 24 30 26 12 12 12 12 
5 6 55 0 0 0 0 0 0 0 
1 6 56 0 0 0 0 0 0 0 
1 2 57 0 0 0 0 0 0 0 
2 3 58 0 0 0 0 0 0 0 
3 4 59 0 0 0 0 0 0 0 
4 5 60 0 0 0 0 0 0 0 
11 12 61 0 0 0 0 0 0 0 
7 12 62 0 0 0 0 0 0 0 
7 8 63 0 0 0 0 0 0 0 
8 9 64 0 0 0 0 0 0 0 
9 10 0 0 0 0 0 0 0 0 
10 11 0 0 0 0 0 0 0 0 
17 18 65 0 0 0 0 0 0 0 
13 18 66 0 0 0 0 0 0 0 
13 14 0 0 0 0 0 0 0 0 
14 15 0 0 0 0 0 0 0 0 
15 16 0 0 0 0 0 0 0 0 
16 17 0 0 0 0 0 0 0 0 
1 23 24 0 0 0 0 0 0 0 
2 19 24 0 0 0 0 0 0 0 
3 19 20 0 0 0 0 0 0 0 
4 20 21 0 0 0 0 0 0 0 
5 21 22 0 0 0 0 0 0 0 
6 22 23 0 0 0 0 0 0 0 
7 29 30 0 0 0 0 0 0 0 
8 25 30 0 0 0 0 0 0 0 
9 25 26 0 0 0 0 0 0 0 
10 26 27 0 0 0 0 0 0 0 
11 27 28 0 0 0 0 0 0 0 
12 28 29 0 0 0 0 0 0 0 
13 35 36 0 0 0 0 0 0 0 
14 31 36 0 0 0 0 0 0 0 
15 31 32 0 0 0 0 0 0 0 
16 32 33 0 0 0 0 0 0 0 
17 33 34 0 0 0 0 0 0 0 
18 34 35 0 0 0 0 0 0 0 
19 41 42 0 0 0 0 0 0 0 
20 37 42 0 0 0 0 0 0 0 
21 37 38 0 0 0 0 0 0 0 
22 38 39 0 0 0 0 0 0 0 
23 39 40 0 0 0 0 0 0 0 
24 40 41 0 0 0 0 0 0 0 
25 47 48 0 0 0 0 0 0 0 
26 43 48 0 0 0 0 0 0 0 
27 43 44 0 0 0 0 0 0 0 
28 44 45 0 0 0 0 0 0 0 
29 45 46 0 0 0 0 0 0 0 
30 46 47 0 0 0 0 0 0 0 
31 53 54 0 0 0 0 0 0 0 
32 49 54 0 0 0 0 0 0 0 
33 49 50 0 0 0 0 0 0 0 
34 50 51 0 0 0 0 0 0 0 
35 51 52 0 0 0 0 0 0 0 
36 52 53 0 0 0 0 0 0 0 
37 59 60 0 0 0 0 0 0 0 
38 55 60 0 0 0 0 0 0 0 
39 55 56 67 68 71 73 74 0 0 
40 56 57 67 71 73 74 0 0 0 
41 57 58 67 70 72 73 0 0 0 
42 58 59 68 71 73 74 0 0 0 
43 0 0 0 0 0 0 0 0 0 
44 61 0 0 0 0 0 0 0 0 
45 61 62 67 68 70 71 72 73 0 
46 62 63 67 69 71 74 0 0 0 
47 63 64 67 69 73 0 0 0 0 
48 64 68 69 74 0 0 0 0 0 
49 0 0 0 0 0 0 0 0 0 
50 65 0 0 0 0 0 0 0 0 
51 65 66 71 0 0 0 0 0 0 
52 66 69 70 72 0 0 0 0 0 
53 69 73 0 0 0 0 0 0 0 
54 69 74 0 0 0 0 0 0 0 
4 61 65 0 0 0 0 0 0 0 
5 62 66 0 0 0 0 0 0 0 
6 63 0 0 0 0 0 0 0 0 
1 64 0 0 0 0 0 0 0 0 
2 0 0 0 0 0 0 0 0 0 
3 0 0 0 0 0 0 0 0 0 
1 10 65 0 0 0 0 0 0 0 
2 11 66 0 0 0 0 0 0 0 
3 12 69 70 0 0 0 0 0 0 
4 7 70 0 0 0 0 0 0 0 
5 8 69 70 0 0 0 0 0 0 
6 9 70 0 0 0 0 0 0 0 
1 7 16 77 78 0 0 0 0 0 
2 8 17 75 77 78 0 0 0 0 
3 9 18 75 76 77 78 0 0 0 
4 10 13 75 76 78 0 0 0 0 
5 11 14 75 76 0 0 0 0 0 
6 12 15 76 77 0 0 0 0 0 
7 13 22 67 70 71 72 74 0 0 
8 14 23 67 70 71 72 74 0 0 
9 15 24 67 70 71 72 74 0 0 
10 16 19 67 70 71 72 74 0 0 
11 17 20 67 70 71 72 74 0 0 
12 18 21 67 70 71 72 74 0 0 
13 19 28 71 74 0 0 0 0 0 
14 20 29 69 70 71 74 0 0 0 
15 21 30 69 71 74 0 0 0 0 
16 22 25 70 71 74 0 0 0 0 
17 23 26 71 74 0 0 0 0 0 
18 24 27 71 74 0 0 0 0 0 
19 25 34 70 72 73 75 77 0 0 
20 26 35 70 72 73 76 78 0 0 
21 27 36 70 72 73 75 0 0 0 
22 28 31 70 72 73 76 0 0 0 
23 29 32 70 72 73 77 0 0 0 
24 30 33 70 72 73 78 0 0 0 
25 31 40 68 71 73 74 0 0 0 
26 32 41 67 68 70 72 73 0 0 
27 33 42 68 71 73 74 0 0 0 
28 34 37 67 68 70 72 73 0 0 
29 35 38 68 71 73 74 0 0 0 
30 36 39 67 68 70 72 73 0 0 
31 37 46 67 69 71 73 0 0 0 
32 38 47 67 73 74 0 0 0 0 
33 39 48 67 70 71 73 0 0 0 
34 40 43 67 70 73 74 0 0 0 
35 41 44 67 70 71 73 0 0 0 
36 42 45 67 70 73 74 0 0 0 
37 43 52 69 70 72 77 78 0 0 
38 44 53 69 73 75 77 78 0 0 
39 45 54 69 70 72 75 76 77 78 
40 46 49 69 73 75 76 78 0 0 
41 47 50 69 70 72 75 76 0 0 
42 48 51 69 73 76 77 0 0 0 
43 49 58 0 0 0 0 0 0 0 
44 50 59 0 0 0 0 0 0 0 
45 51 60 67 68 70 72 73 0 0 
46 52 55 67 70 71 72 74 0 0 
47 53 56 67 0 0 0 0 0 0 
48 54 57 68 0 0 0 0 0 0 
49 55 64 69 0 0 0 0 0 0 
50 56 70 0 0 0 0 0 0 0 
51 57 71 0 0 0 0 0 0 0 
52 58 61 72 0 0 0 0 0 0 
53 59 62 73 0 0 0 0 0 0 
54 60 63 74 0 0 0 0 0 0 
55 61 75 77 0 0 0 0 0 0 
56 62 76 78 0 0 0 0 0 0 
57 63 75 0 0 0 0 0 0 0 
58 64 65 76 0 0 0 0 0 0 
59 66 77 0 0 0 0 0 0 0 
60 78 0 0 0 0 0 0 0 0 
2 3 19 76 79 85 0 0 0 0 0 0 0 0 0 0 0 0 0 0 0 0 0 0 0 0 0 0 0 0 0 0 0 0 
3 4 20 77 80 86 0 0 0 0 0 0 0 0 0 0 0 0 0 0 0 0 0 0 0 0 0 0 0 0 0 0 0 0 
4 5 21 78 81 87 0 0 0 0 0 0 0 0 0 0 0 0 0 0 0 0 0 0 0 0 0 0 0 0 0 0 0 0 
5 6 22 73 82 88 0 0 0 0 0 0 0 0 0 0 0 0 0 0 0 0 0 0 0 0 0 0 0 0 0 0 0 0 
1 6 23 74 83 89 0 0 0 0 0 0 0 0 0 0 0 0 0 0 0 0 0 0 0 0 0 0 0 0 0 0 0 0 
1 2 24 75 84 90 0 0 0 0 0 0 0 0 0 0 0 0 0 0 0 0 0 0 0 0 0 0 0 0 0 0 0 0 
8 9 25 82 85 91 0 0 0 0 0 0 0 0 0 0 0 0 0 0 0 0 0 0 0 0 0 0 0 0 0 0 0 0 
9 10 26 83 86 92 0 0 0 0 0 0 0 0 0 0 0 0 0 0 0 0 0 0 0 0 0 0 0 0 0 0 0 0 
10 11 27 84 87 93 0 0 0 0 0 0 0 0 0 0 0 0 0 0 0 0 0 0 0 0 0 0 0 0 0 0 0 0 
11 12 28 79 88 94 0 0 0 0 0 0 0 0 0 0 0 0 0 0 0 0 0 0 0 0 0 0 0 0 0 0 0 0 
7 12 29 80 89 95 0 0 0 0 0 0 0 0 0 0 0 0 0 0 0 0 0 0 0 0 0 0 0 0 0 0 0 0 
7 8 30 81 90 96 0 0 0 0 0 0 0 0 0 0 0 0 0 0 0 0 0 0 0 0 0 0 0 0 0 0 0 0 
14 15 31 88 91 97 0 0 0 0 0 0 0 0 0 0 0 0 0 0 0 0 0 0 0 0 0 0 0 0 0 0 0 0 
15 16 32 89 92 98 0 0 0 0 0 0 0 0 0 0 0 0 0 0 0 0 0 0 0 0 0 0 0 0 0 0 0 0 
16 17 33 90 93 99 0 0 0 0 0 0 0 0 0 0 0 0 0 0 0 0 0 0 0 0 0 0 0 0 0 0 0 0 
17 18 34 85 94 100 0 0 0 0 0 0 0 0 0 0 0 0 0 0 0 0 0 0 0 0 0 0 0 0 0 0 0 0 
13 18 35 86 95 101 0 0 0 0 0 0 0 0 0 0 0 0 0 0 0 0 0 0 0 0 0 0 0 0 0 0 0 0 
13 14 36 87 96 102 0 0 0 0 0 0 0 0 0 0 0 0 0 0 0 0 0 0 0 0 0 0 0 0 0 0 0 0 
20 21 37 94 97 103 0 0 0 0 0 0 0 0 0 0 0 0 0 0 0 0 0 0 0 0 0 0 0 0 0 0 0 0 
21 22 38 95 98 104 0 0 0 0 0 0 0 0 0 0 0 0 0 0 0 0 0 0 0 0 0 0 0 0 0 0 0 0 
22 23 39 96 99 105 0 0 0 0 0 0 0 0 0 0 0 0 0 0 0 0 0 0 0 0 0 0 0 0 0 0 0 0 
23 24 40 91 100 106 0 0 0 0 0 0 0 0 0 0 0 0 0 0 0 0 0 0 0 0 0 0 0 0 0 0 0 0 
19 24 41 92 101 107 0 0 0 0 0 0 0 0 0 0 0 0 0 0 0 0 0 0 0 0 0 0 0 0 0 0 0 0 
19 20 42 93 102 108 0 0 0 0 0 0 0 0 0 0 0 0 0 0 0 0 0 0 0 0 0 0 0 0 0 0 0 0 
26 27 43 100 103 109 0 0 0 0 0 0 0 0 0 0 0 0 0 0 0 0 0 0 0 0 0 0 0 0 0 0 0 0 
27 28 44 101 104 110 0 0 0 0 0 0 0 0 0 0 0 0 0 0 0 0 0 0 0 0 0 0 0 0 0 0 0 0 
28 29 45 102 105 111 0 0 0 0 0 0 0 0 0 0 0 0 0 0 0 0 0 0 0 0 0 0 0 0 0 0 0 0 
29 30 46 97 106 112 0 0 0 0 0 0 0 0 0 0 0 0 0 0 0 0 0 0 0 0 0 0 0 0 0 0 0 0 
25 30 47 98 107 113 0 0 0 0 0 0 0 0 0 0 0 0 0 0 0 0 0 0 0 0 0 0 0 0 0 0 0 0 
25 26 48 99 108 114 0 0 0 0 0 0 0 0 0 0 0 0 0 0 0 0 0 0 0 0 0 0 0 0 0 0 0 0 
32 33 49 106 109 115 0 0 0 0 0 0 0 0 0 0 0 0 0 0 0 0 0 0 0 0 0 0 0 0 0 0 0 0 
33 34 50 107 110 116 0 0 0 0 0 0 0 0 0 0 0 0 0 0 0 0 0 0 0 0 0 0 0 0 0 0 0 0 
34 35 51 108 111 117 0 0 0 0 0 0 0 0 0 0 0 0 0 0 0 0 0 0 0 0 0 0 0 0 0 0 0 0 
35 36 52 103 112 118 0 0 0 0 0 0 0 0 0 0 0 0 0 0 0 0 0 0 0 0 0 0 0 0 0 0 0 0 
31 36 53 104 113 119 0 0 0 0 0 0 0 0 0 0 0 0 0 0 0 0 0 0 0 0 0 0 0 0 0 0 0 0 
31 32 54 105 114 120 0 0 0 0 0 0 0 0 0 0 0 0 0 0 0 0 0 0 0 0 0 0 0 0 0 0 0 0 
38 39 55 112 115 121 0 0 0 0 0 0 0 0 0 0 0 0 0 0 0 0 0 0 0 0 0 0 0 0 0 0 0 0 
39 40 56 113 116 122 0 0 0 0 0 0 0 0 0 0 0 0 0 0 0 0 0 0 0 0 0 0 0 0 0 0 0 0 
40 41 57 114 117 123 0 0 0 0 0 0 0 0 0 0 0 0 0 0 0 0 0 0 0 0 0 0 0 0 0 0 0 0 
41 42 58 109 118 124 0 0 0 0 0 0 0 0 0 0 0 0 0 0 0 0 0 0 0 0 0 0 0 0 0 0 0 0 
37 42 59 110 119 125 0 0 0 0 0 0 0 0 0 0 0 0 0 0 0 0 0 0 0 0 0 0 0 0 0 0 0 0 
37 38 60 111 120 126 0 0 0 0 0 0 0 0 0 0 0 0 0 0 0 0 0 0 0 0 0 0 0 0 0 0 0 0 
44 45 61 118 121 127 0 0 0 0 0 0 0 0 0 0 0 0 0 0 0 0 0 0 0 0 0 0 0 0 0 0 0 0 
45 46 62 119 122 128 0 0 0 0 0 0 0 0 0 0 0 0 0 0 0 0 0 0 0 0 0 0 0 0 0 0 0 0 
46 47 63 120 123 129 0 0 0 0 0 0 0 0 0 0 0 0 0 0 0 0 0 0 0 0 0 0 0 0 0 0 0 0 
47 48 64 115 124 130 0 0 0 0 0 0 0 0 0 0 0 0 0 0 0 0 0 0 0 0 0 0 0 0 0 0 0 0 
43 48 65 116 125 131 0 0 0 0 0 0 0 0 0 0 0 0 0 0 0 0 0 0 0 0 0 0 0 0 0 0 0 0 
43 44 66 117 126 132 0 0 0 0 0 0 0 0 0 0 0 0 0 0 0 0 0 0 0 0 0 0 0 0 0 0 0 0 
50 51 67 124 127 133 0 0 0 0 0 0 0 0 0 0 0 0 0 0 0 0 0 0 0 0 0 0 0 0 0 0 0 0 
51 52 68 125 128 134 0 0 0 0 0 0 0 0 0 0 0 0 0 0 0 0 0 0 0 0 0 0 0 0 0 0 0 0 
52 53 69 126 129 135 0 0 0 0 0 0 0 0 0 0 0 0 0 0 0 0 0 0 0 0 0 0 0 0 0 0 0 0 
53 54 70 121 130 136 0 0 0 0 0 0 0 0 0 0 0 0 0 0 0 0 0 0 0 0 0 0 0 0 0 0 0 0 
49 54 71 122 131 137 0 0 0 0 0 0 0 0 0 0 0 0 0 0 0 0 0 0 0 0 0 0 0 0 0 0 0 0 
49 50 72 123 132 138 0 0 0 0 0 0 0 0 0 0 0 0 0 0 0 0 0 0 0 0 0 0 0 0 0 0 0 0 
1 56 57 130 133 139 0 0 0 0 0 0 0 0 0 0 0 0 0 0 0 0 0 0 0 0 0 0 0 0 0 0 0 0 
2 57 58 131 134 140 0 0 0 0 0 0 0 0 0 0 0 0 0 0 0 0 0 0 0 0 0 0 0 0 0 0 0 0 
3 58 59 132 135 141 0 0 0 0 0 0 0 0 0 0 0 0 0 0 0 0 0 0 0 0 0 0 0 0 0 0 0 0 
4 59 60 127 136 142 0 0 0 0 0 0 0 0 0 0 0 0 0 0 0 0 0 0 0 0 0 0 0 0 0 0 0 0 
5 55 60 128 137 143 0 0 0 0 0 0 0 0 0 0 0 0 0 0 0 0 0 0 0 0 0 0 0 0 0 0 0 0 
6 55 56 129 138 144 0 0 0 0 0 0 0 0 0 0 0 0 0 0 0 0 0 0 0 0 0 0 0 0 0 0 0 0 
7 62 63 73 136 139 0 0 0 0 0 0 0 0 0 0 0 0 0 0 0 0 0 0 0 0 0 0 0 0 0 0 0 0 
8 63 64 74 137 140 0 0 0 0 0 0 0 0 0 0 0 0 0 0 0 0 0 0 0 0 0 0 0 0 0 0 0 0 
9 64 65 75 138 141 0 0 0 0 0 0 0 0 0 0 0 0 0 0 0 0 0 0 0 0 0 0 0 0 0 0 0 0 
10 65 66 76 133 142 0 0 0 0 0 0 0 0 0 0 0 0 0 0 0 0 0 0 0 0 0 0 0 0 0 0 0 0 
13 68 69 73 79 142 0 0 0 0 0 0 0 0 0 0 0 0 0 0 0 0 0 0 0 0 0 0 0 0 0 0 0 0 
14 69 70 74 80 143 0 0 0 0 0 0 0 0 0 0 0 0 0 0 0 0 0 0 0 0 0 0 0 0 0 0 0 0 
57 58 59 63 64 65 91 92 93 94 95 96 110 112 114 115 116 117 118 119 120 129 130 131 0 0 0 0 0 0 0 0 0 0 
57 60 63 66 109 110 111 112 113 114 129 132 0 0 0 0 0 0 0 0 0 0 0 0 0 0 0 0 0 0 0 0 0 0 
64 65 66 70 71 72 81 83 98 99 115 121 122 123 124 125 126 133 0 0 0 0 0 0 0 0 0 0 0 0 0 0 0 0 
59 63 70 81 82 83 84 91 92 93 94 95 96 98 100 103 104 105 106 107 108 110 112 114 117 118 119 120 121 123 125 129 130 134 
57 58 60 63 64 69 91 92 93 94 95 96 97 98 99 100 101 102 109 111 113 115 117 119 130 135 0 0 0 0 0 0 0 0 
59 63 70 91 92 93 94 95 96 103 104 105 106 107 108 110 112 114 121 123 125 129 130 136 0 0 0 0 0 0 0 0 0 0 
57 58 59 60 63 65 71 103 104 105 106 107 108 109 110 111 112 113 114 115 116 117 118 119 120 122 124 126 129 137 0 0 0 0 
57 58 60 64 66 72 91 92 93 94 95 96 97 98 99 100 101 102 109 111 113 116 118 120 130 138 0 0 0 0 0 0 0 0 
86 87 88 89 103 105 122 123 124 125 139 141 0 0 0 0 0 0 0 0 0 0 0 0 0 0 0 0 0 0 0 0 0 0 
87 88 89 90 104 106 123 124 125 126 140 142 0 0 0 0 0 0 0 0 0 0 0 0 0 0 0 0 0 0 0 0 0 0 
85 86 87 90 103 107 121 122 123 126 139 143 0 0 0 0 0 0 0 0 0 0 0 0 0 0 0 0 0 0 0 0 0 0 
85 86 87 88 104 108 121 122 123 124 140 144 0 0 0 0 0 0 0 0 0 0 0 0 0 0 0 0 0 0 0 0 0 0 
