108 58
9 22
5 5 5 5 7 7 4 4 4 4 7 7 4 4 3 3 4 6 7 7 9 5 7 7 5 5 6 7 6 5 4 3 4 7 6 4 5 7 9 7 1 1 6 5 5 6 2 2 4 5 5 4 3 3 9 9 3 3 3 3 3 3 3 3 3 3 3 3 3 3 3 3 3 3 3 3 3 3 3 3 3 3 2 2 3 3 3 3 2 2 3 3 3 3 3 3 3 3 3 2 3 4 3 3 3 2 3 4 
6 6 6 6 6 6 6 6 6 6 6 6 6 6 6 6 6 6 6 6 6 6 6 6 6 6 6 6 6 6 6 6 6 6 6 6 6 6 6 6 6 6 6 6 6 6 6 6 6 6 16 16 16 16 20 22 22 14 
4 7 13 53 57 0 0 0 0 
5 8 14 52 56 0 0 0 0 
6 9 15 53 57 0 0 0 0 
1 10 16 52 56 0 0 0 0 
2 11 17 51 53 55 57 0 0 
3 12 18 52 54 56 58 0 0 
10 13 19 57 0 0 0 0 0 
11 14 20 56 0 0 0 0 0 
12 15 21 57 0 0 0 0 0 
7 16 22 56 0 0 0 0 0 
8 17 23 51 56 57 58 0 0 
9 18 24 54 55 56 57 0 0 
16 19 25 53 0 0 0 0 0 
17 20 26 54 0 0 0 0 0 
18 21 27 0 0 0 0 0 0 
13 22 28 0 0 0 0 0 0 
14 23 29 55 0 0 0 0 0 
15 24 30 52 54 58 0 0 0 
22 25 31 52 53 56 57 0 0 
23 26 32 52 53 56 57 0 0 
24 27 33 51 52 53 55 56 57 
19 28 34 53 57 0 0 0 0 
20 29 35 51 52 55 56 0 0 
21 30 36 52 53 56 57 0 0 
28 31 37 56 57 0 0 0 0 
29 32 38 56 57 0 0 0 0 
30 33 39 51 57 58 0 0 0 
25 34 40 51 54 55 58 0 0 
26 35 41 54 55 56 0 0 0 
27 36 42 56 57 0 0 0 0 
34 37 43 54 0 0 0 0 0 
35 38 44 0 0 0 0 0 0 
36 39 45 55 0 0 0 0 0 
31 40 46 52 54 55 58 0 0 
32 41 52 53 54 58 0 0 0 
33 42 53 54 0 0 0 0 0 
40 43 47 51 55 0 0 0 0 
41 44 48 51 52 55 56 0 0 
42 45 49 51 52 53 55 56 57 
37 46 50 51 53 55 57 0 0 
38 0 0 0 0 0 0 0 0 
39 0 0 0 0 0 0 0 0 
1 46 47 51 56 58 0 0 0 
2 48 54 55 57 0 0 0 0 
3 49 51 56 58 0 0 0 0 
4 43 50 54 55 57 0 0 0 
5 44 0 0 0 0 0 0 0 
6 45 0 0 0 0 0 0 0 
1 7 50 55 0 0 0 0 0 
2 8 52 54 58 0 0 0 0 
3 9 51 53 55 0 0 0 0 
4 10 47 58 0 0 0 0 0 
5 11 48 0 0 0 0 0 0 
6 12 49 0 0 0 0 0 0 
2 3 19 51 52 54 55 56 58 
3 4 20 51 53 54 55 57 58 
4 5 21 0 0 0 0 0 0 
5 6 22 0 0 0 0 0 0 
1 6 23 0 0 0 0 0 0 
1 2 24 0 0 0 0 0 0 
8 9 25 0 0 0 0 0 0 
9 10 26 0 0 0 0 0 0 
10 11 27 0 0 0 0 0 0 
11 12 28 0 0 0 0 0 0 
7 12 29 0 0 0 0 0 0 
7 8 30 0 0 0 0 0 0 
14 15 31 0 0 0 0 0 0 
15 16 32 0 0 0 0 0 0 
16 17 33 0 0 0 0 0 0 
17 18 34 0 0 0 0 0 0 
13 18 35 0 0 0 0 0 0 
13 14 36 0 0 0 0 0 0 
20 21 37 0 0 0 0 0 0 
21 22 38 0 0 0 0 0 0 
22 23 39 0 0 0 0 0 0 
23 24 40 0 0 0 0 0 0 
19 24 41 0 0 0 0 0 0 
19 20 42 0 0 0 0 0 0 
26 27 43 0 0 0 0 0 0 
27 28 44 0 0 0 0 0 0 
28 29 45 0 0 0 0 0 0 
29 30 46 0 0 0 0 0 0 
25 30 0 0 0 0 0 0 0 
25 26 0 0 0 0 0 0 0 
32 33 47 0 0 0 0 0 0 
33 34 48 0 0 0 0 0 0 
34 35 49 0 0 0 0 0 0 
35 36 50 0 0 0 0 0 0 
31 36 0 0 0 0 0 0 0 
31 32 0 0 0 0 0 0 0 
1 38 39 0 0 0 0 0 0 
2 39 40 0 0 0 0 0 0 
3 40 41 0 0 0 0 0 0 
4 41 42 0 0 0 0 0 0 
5 37 42 0 0 0 0 0 0 
6 37 38 0 0 0 0 0 0 
7 44 45 0 0 0 0 0 0 
8 45 46 0 0 0 0 0 0 
9 46 51 0 0 0 0 0 0 
10 52 0 0 0 0 0 0 0 
11 43 53 0 0 0 0 0 0 
12 43 44 54 0 0 0 0 0 
13 48 49 0 0 0 0 0 0 
14 49 50 0 0 0 0 0 0 
15 50 55 0 0 0 0 0 0 
16 56 0 0 0 0 0 0 0 
17 47 57 0 0 0 0 0 0 
18 47 48 58 0 0 0 0 0 
4 43 49 59 60 91 0 0 0 0 0 0 0 0 0 0 0 0 0 0 0 0 
5 44 50 55 60 92 0 0 0 0 0 0 0 0 0 0 0 0 0 0 0 0 
6 45 51 55 56 93 0 0 0 0 0 0 0 0 0 0 0 0 0 0 0 0 
1 46 52 56 57 94 0 0 0 0 0 0 0 0 0 0 0 0 0 0 0 0 
2 47 53 57 58 95 0 0 0 0 0 0 0 0 0 0 0 0 0 0 0 0 
3 48 54 58 59 96 0 0 0 0 0 0 0 0 0 0 0 0 0 0 0 0 
1 10 49 65 66 97 0 0 0 0 0 0 0 0 0 0 0 0 0 0 0 0 
2 11 50 61 66 98 0 0 0 0 0 0 0 0 0 0 0 0 0 0 0 0 
3 12 51 61 62 99 0 0 0 0 0 0 0 0 0 0 0 0 0 0 0 0 
4 7 52 62 63 100 0 0 0 0 0 0 0 0 0 0 0 0 0 0 0 0 
5 8 53 63 64 101 0 0 0 0 0 0 0 0 0 0 0 0 0 0 0 0 
6 9 54 64 65 102 0 0 0 0 0 0 0 0 0 0 0 0 0 0 0 0 
1 7 16 71 72 103 0 0 0 0 0 0 0 0 0 0 0 0 0 0 0 0 
2 8 17 67 72 104 0 0 0 0 0 0 0 0 0 0 0 0 0 0 0 0 
3 9 18 67 68 105 0 0 0 0 0 0 0 0 0 0 0 0 0 0 0 0 
4 10 13 68 69 106 0 0 0 0 0 0 0 0 0 0 0 0 0 0 0 0 
5 11 14 69 70 107 0 0 0 0 0 0 0 0 0 0 0 0 0 0 0 0 
6 12 15 70 71 108 0 0 0 0 0 0 0 0 0 0 0 0 0 0 0 0 
7 13 22 55 77 78 0 0 0 0 0 0 0 0 0 0 0 0 0 0 0 0 
8 14 23 56 73 78 0 0 0 0 0 0 0 0 0 0 0 0 0 0 0 0 
9 15 24 57 73 74 0 0 0 0 0 0 0 0 0 0 0 0 0 0 0 0 
10 16 19 58 74 75 0 0 0 0 0 0 0 0 0 0 0 0 0 0 0 0 
11 17 20 59 75 76 0 0 0 0 0 0 0 0 0 0 0 0 0 0 0 0 
12 18 21 60 76 77 0 0 0 0 0 0 0 0 0 0 0 0 0 0 0 0 
13 19 28 61 83 84 0 0 0 0 0 0 0 0 0 0 0 0 0 0 0 0 
14 20 29 62 79 84 0 0 0 0 0 0 0 0 0 0 0 0 0 0 0 0 
15 21 30 63 79 80 0 0 0 0 0 0 0 0 0 0 0 0 0 0 0 0 
16 22 25 64 80 81 0 0 0 0 0 0 0 0 0 0 0 0 0 0 0 0 
17 23 26 65 81 82 0 0 0 0 0 0 0 0 0 0 0 0 0 0 0 0 
18 24 27 66 82 83 0 0 0 0 0 0 0 0 0 0 0 0 0 0 0 0 
19 25 34 67 89 90 0 0 0 0 0 0 0 0 0 0 0 0 0 0 0 0 
20 26 35 68 85 90 0 0 0 0 0 0 0 0 0 0 0 0 0 0 0 0 
21 27 36 69 85 86 0 0 0 0 0 0 0 0 0 0 0 0 0 0 0 0 
22 28 31 70 86 87 0 0 0 0 0 0 0 0 0 0 0 0 0 0 0 0 
23 29 32 71 87 88 0 0 0 0 0 0 0 0 0 0 0 0 0 0 0 0 
24 30 33 72 88 89 0 0 0 0 0 0 0 0 0 0 0 0 0 0 0 0 
25 31 40 73 95 96 0 0 0 0 0 0 0 0 0 0 0 0 0 0 0 0 
26 32 41 74 91 96 0 0 0 0 0 0 0 0 0 0 0 0 0 0 0 0 
27 33 42 75 91 92 0 0 0 0 0 0 0 0 0 0 0 0 0 0 0 0 
28 34 37 76 92 93 0 0 0 0 0 0 0 0 0 0 0 0 0 0 0 0 
29 35 38 77 93 94 0 0 0 0 0 0 0 0 0 0 0 0 0 0 0 0 
30 36 39 78 94 95 0 0 0 0 0 0 0 0 0 0 0 0 0 0 0 0 
31 37 46 79 101 102 0 0 0 0 0 0 0 0 0 0 0 0 0 0 0 0 
32 38 47 80 97 102 0 0 0 0 0 0 0 0 0 0 0 0 0 0 0 0 
33 39 48 81 97 98 0 0 0 0 0 0 0 0 0 0 0 0 0 0 0 0 
34 40 43 82 98 99 0 0 0 0 0 0 0 0 0 0 0 0 0 0 0 0 
37 43 52 85 107 108 0 0 0 0 0 0 0 0 0 0 0 0 0 0 0 0 
38 44 53 86 103 108 0 0 0 0 0 0 0 0 0 0 0 0 0 0 0 0 
39 45 54 87 103 104 0 0 0 0 0 0 0 0 0 0 0 0 0 0 0 0 
40 46 49 88 104 105 0 0 0 0 0 0 0 0 0 0 0 0 0 0 0 0 
5 11 21 23 27 28 37 38 39 40 43 45 51 55 56 99 0 0 0 0 0 0 
2 4 6 18 19 20 21 23 24 34 35 38 39 50 55 100 0 0 0 0 0 0 
1 3 5 13 19 20 21 22 24 35 36 39 40 51 56 101 0 0 0 0 0 0 
6 12 14 18 28 29 31 34 35 36 44 46 50 55 56 102 0 0 0 0 0 0 
5 12 17 21 23 28 29 33 34 37 38 39 40 44 46 49 51 55 56 105 0 0 
2 4 6 8 10 11 12 19 20 21 23 24 25 26 29 30 38 39 43 45 55 106 
1 3 5 7 9 11 12 19 20 21 22 24 25 26 27 30 39 40 44 46 56 107 
6 11 18 27 28 34 35 43 45 50 52 55 56 108 0 0 0 0 0 0 0 0 
