108 50
3 6
3 3 3 3 3 3 3 3 3 3 2 2 3 3 3 3 2 2 3 3 3 3 3 3 3 3 3 3 3 3 3 3 3 3 3 3 3 3 3 3 3 3 1 2 3 3 3 2 1 2 3 3 3 2 3 3 3 3 1 1 3 3 3 3 2 2 3 3 3 3 3 3 3 3 3 3 3 3 3 3 3 3 3 3 3 3 3 3 3 3 3 3 3 3 3 3 3 2 2 3 3 3 3 2 2 3 2 2 
6 6 6 6 6 6 6 6 6 6 6 6 6 6 6 6 6 6 6 6 6 6 6 6 6 6 6 6 6 6 6 6 6 6 6 6 6 6 6 6 6 6 6 6 6 6 6 6 6 6 
5	6	37	
1	6	38	
1	2	39	
2	3	40	
3	4	41	
4	5	42	
11	12	43	
7	12	44	
7	8	45	
8	9	46	
9	10	0	
10	11	0	
17	18	47	
13	18	48	
13	14	49	
14	15	50	
15	16	0	
16	17	0	
1	23	24	
2	19	24	
3	19	20	
4	20	21	
5	21	22	
6	22	23	
7	29	30	
8	25	30	
9	25	26	
10	26	27	
11	27	28	
12	28	29	
13	35	36	
14	31	36	
15	31	32	
16	32	33	
17	33	34	
18	34	35	
19	41	42	
20	37	42	
21	37	38	
22	38	39	
23	39	40	
24	40	41	
25	0	0	
26	43	0	
27	43	44	
28	44	45	
29	45	46	
30	46	0	
31	0	0	
32	47	0	
33	47	48	
34	48	49	
35	49	50	
36	50	0	
4	43	47	
5	44	48	
6	45	49	
1	46	50	
2	0	0	
3	0	0	
1	10	47	
2	11	48	
3	12	49	
4	7	50	
5	8	0	
6	9	0	
1	7	16	
2	8	17	
3	9	18	
4	10	13	
5	11	14	
6	12	15	
7	13	22	
8	14	23	
9	15	24	
10	16	19	
11	17	20	
12	18	21	
13	19	28	
14	20	29	
15	21	30	
16	22	25	
17	23	26	
18	24	27	
19	25	34	
20	26	35	
21	27	36	
22	28	31	
23	29	32	
24	30	33	
25	31	40	
26	32	41	
27	33	42	
28	34	37	
29	35	38	
30	36	39	
31	37	46	
32	38	0	
33	39	0	
34	40	43	
35	41	44	
36	42	45	
37	43	50	
38	44	0	
39	45	0	
40	46	47	
41	48	0	
42	49	0	
2	3	19	58	61	67	
3	4	20	59	62	68	
4	5	21	60	63	69	
5	6	22	55	64	70	
1	6	23	56	65	71	
1	2	24	57	66	72	
8	9	25	64	67	73	
9	10	26	65	68	74	
10	11	27	66	69	75	
11	12	28	61	70	76	
7	12	29	62	71	77	
7	8	30	63	72	78	
14	15	31	70	73	79	
15	16	32	71	74	80	
16	17	33	72	75	81	
17	18	34	67	76	82	
13	18	35	68	77	83	
13	14	36	69	78	84	
20	21	37	76	79	85	
21	22	38	77	80	86	
22	23	39	78	81	87	
23	24	40	73	82	88	
19	24	41	74	83	89	
19	20	42	75	84	90	
26	27	43	82	85	91	
27	28	44	83	86	92	
28	29	45	84	87	93	
29	30	46	79	88	94	
25	30	47	80	89	95	
25	26	48	81	90	96	
32	33	49	88	91	97	
33	34	50	89	92	98	
34	35	51	90	93	99	
35	36	52	85	94	100	
31	36	53	86	95	101	
31	32	54	87	96	102	
1	38	39	94	97	103	
2	39	40	95	98	104	
3	40	41	96	99	105	
4	41	42	91	100	106	
5	37	42	92	101	107	
6	37	38	93	102	108	
7	44	45	55	100	103	
8	45	46	56	101	104	
9	46	47	57	102	105	
10	47	48	58	97	106	
13	50	51	55	61	106	
14	51	52	56	62	107	
15	52	53	57	63	108	
16	53	54	58	64	103	
