288 150
12 80
3 3 3 3 3 3 3 3 3 3 3 3 3 3 3 3 3 3 3 3 3 3 2 2 3 3 3 3 3 3 3 3 2 2 2 2 3 3 3 3 3 3 3 3 3 3 3 3 3 3 3 3 3 3 3 3 3 3 3 3 3 3 3 3 3 3 3 3 3 3 3 3 3 3 3 3 3 3 3 3 3 3 3 3 3 3 3 3 3 3 3 3 3 3 3 3 3 3 3 3 3 3 3 3 3 3 3 3 3 3 3 3 4 8 7 9 7 9 6 10 2 2 3 3 5 6 5 8 6 8 4 10 2 2 3 2 9 4 4 4 5 4 7 5 3 3 3 3 3 3 3 3 9 11 8 10 3 3 3 3 3 3 6 5 8 6 9 6 3 3 3 3 6 4 4 4 4 7 4 9 7 6 8 7 7 7 7 7 6 8 7 7 8 9 6 10 10 10 9 8 9 6 10 9 7 8 7 7 8 8 9 7 8 6 8 9 7 9 7 9 7 9 6 6 7 9 7 9 8 7 8 7 5 7 11 5 8 7 8 7 6 8 5 9 4 8 5 4 6 8 6 8 10 12 3 10 3 12 9 7 6 7 4 6 10 7 4 9 8 8 7 4 4 4 4 4 4 7 3 4 7 4 6 4 4 4 3 2 
6 6 6 6 6 6 6 6 6 6 6 6 6 6 6 6 6 6 6 6 6 6 6 6 6 6 6 6 6 6 6 6 6 6 6 6 6 6 6 6 6 6 6 6 6 6 6 6 6 6 6 6 6 6 6 6 6 6 6 6 6 6 6 6 6 6 6 6 6 6 6 6 6 6 6 6 6 6 6 6 6 6 6 6 6 6 6 6 6 6 6 6 6 6 6 6 6 6 6 6 6 6 6 6 6 6 6 6 6 6 6 6 6 6 6 6 6 6 6 6 6 6 6 6 6 6 6 6 6 6 6 6 6 6 6 6 6 6 56 60 18 18 36 54 80 56 80 18 62 62 
6 11 109 0 0 0 0 0 0 0 0 0 
7 12 110 0 0 0 0 0 0 0 0 0 
1 8 111 0 0 0 0 0 0 0 0 0 
2 9 112 0 0 0 0 0 0 0 0 0 
3 10 113 0 0 0 0 0 0 0 0 0 
4 11 114 0 0 0 0 0 0 0 0 0 
5 12 115 0 0 0 0 0 0 0 0 0 
1 6 116 0 0 0 0 0 0 0 0 0 
2 7 117 0 0 0 0 0 0 0 0 0 
3 8 118 0 0 0 0 0 0 0 0 0 
4 9 119 0 0 0 0 0 0 0 0 0 
5 10 120 0 0 0 0 0 0 0 0 0 
18 23 121 0 0 0 0 0 0 0 0 0 
19 24 122 0 0 0 0 0 0 0 0 0 
13 20 123 0 0 0 0 0 0 0 0 0 
14 21 124 0 0 0 0 0 0 0 0 0 
15 22 125 0 0 0 0 0 0 0 0 0 
16 23 126 0 0 0 0 0 0 0 0 0 
17 24 127 0 0 0 0 0 0 0 0 0 
13 18 128 0 0 0 0 0 0 0 0 0 
14 19 129 0 0 0 0 0 0 0 0 0 
15 20 130 0 0 0 0 0 0 0 0 0 
16 21 0 0 0 0 0 0 0 0 0 0 
17 22 0 0 0 0 0 0 0 0 0 0 
30 35 131 0 0 0 0 0 0 0 0 0 
31 36 132 0 0 0 0 0 0 0 0 0 
25 32 133 0 0 0 0 0 0 0 0 0 
26 33 134 0 0 0 0 0 0 0 0 0 
27 34 135 0 0 0 0 0 0 0 0 0 
28 35 136 0 0 0 0 0 0 0 0 0 
29 36 137 0 0 0 0 0 0 0 0 0 
25 30 138 0 0 0 0 0 0 0 0 0 
26 31 0 0 0 0 0 0 0 0 0 0 
27 32 0 0 0 0 0 0 0 0 0 0 
28 33 0 0 0 0 0 0 0 0 0 0 
29 34 0 0 0 0 0 0 0 0 0 0 
1 42 47 0 0 0 0 0 0 0 0 0 
2 43 48 0 0 0 0 0 0 0 0 0 
3 37 44 0 0 0 0 0 0 0 0 0 
4 38 45 0 0 0 0 0 0 0 0 0 
5 39 46 0 0 0 0 0 0 0 0 0 
6 40 47 0 0 0 0 0 0 0 0 0 
7 41 48 0 0 0 0 0 0 0 0 0 
8 37 42 0 0 0 0 0 0 0 0 0 
9 38 43 0 0 0 0 0 0 0 0 0 
10 39 44 0 0 0 0 0 0 0 0 0 
11 40 45 0 0 0 0 0 0 0 0 0 
12 41 46 0 0 0 0 0 0 0 0 0 
13 54 59 0 0 0 0 0 0 0 0 0 
14 55 60 0 0 0 0 0 0 0 0 0 
15 49 56 0 0 0 0 0 0 0 0 0 
16 50 57 0 0 0 0 0 0 0 0 0 
17 51 58 0 0 0 0 0 0 0 0 0 
18 52 59 0 0 0 0 0 0 0 0 0 
19 53 60 0 0 0 0 0 0 0 0 0 
20 49 54 0 0 0 0 0 0 0 0 0 
21 50 55 0 0 0 0 0 0 0 0 0 
22 51 56 0 0 0 0 0 0 0 0 0 
23 52 57 0 0 0 0 0 0 0 0 0 
24 53 58 0 0 0 0 0 0 0 0 0 
25 66 71 0 0 0 0 0 0 0 0 0 
26 67 72 0 0 0 0 0 0 0 0 0 
27 61 68 0 0 0 0 0 0 0 0 0 
28 62 69 0 0 0 0 0 0 0 0 0 
29 63 70 0 0 0 0 0 0 0 0 0 
30 64 71 0 0 0 0 0 0 0 0 0 
31 65 72 0 0 0 0 0 0 0 0 0 
32 61 66 0 0 0 0 0 0 0 0 0 
33 62 67 0 0 0 0 0 0 0 0 0 
34 63 68 0 0 0 0 0 0 0 0 0 
35 64 69 0 0 0 0 0 0 0 0 0 
36 65 70 0 0 0 0 0 0 0 0 0 
37 78 83 0 0 0 0 0 0 0 0 0 
38 79 84 0 0 0 0 0 0 0 0 0 
39 73 80 0 0 0 0 0 0 0 0 0 
40 74 81 0 0 0 0 0 0 0 0 0 
41 75 82 0 0 0 0 0 0 0 0 0 
42 76 83 0 0 0 0 0 0 0 0 0 
43 77 84 0 0 0 0 0 0 0 0 0 
44 73 78 0 0 0 0 0 0 0 0 0 
45 74 79 0 0 0 0 0 0 0 0 0 
46 75 80 0 0 0 0 0 0 0 0 0 
47 76 81 0 0 0 0 0 0 0 0 0 
48 77 82 0 0 0 0 0 0 0 0 0 
49 90 95 0 0 0 0 0 0 0 0 0 
50 91 96 0 0 0 0 0 0 0 0 0 
51 85 92 0 0 0 0 0 0 0 0 0 
52 86 93 0 0 0 0 0 0 0 0 0 
53 87 94 0 0 0 0 0 0 0 0 0 
54 88 95 0 0 0 0 0 0 0 0 0 
55 89 96 0 0 0 0 0 0 0 0 0 
56 85 90 0 0 0 0 0 0 0 0 0 
57 86 91 0 0 0 0 0 0 0 0 0 
58 87 92 0 0 0 0 0 0 0 0 0 
59 88 93 0 0 0 0 0 0 0 0 0 
60 89 94 0 0 0 0 0 0 0 0 0 
61 102 107 0 0 0 0 0 0 0 0 0 
62 103 108 0 0 0 0 0 0 0 0 0 
63 97 104 0 0 0 0 0 0 0 0 0 
64 98 105 0 0 0 0 0 0 0 0 0 
65 99 106 0 0 0 0 0 0 0 0 0 
66 100 107 0 0 0 0 0 0 0 0 0 
67 101 108 0 0 0 0 0 0 0 0 0 
68 97 102 0 0 0 0 0 0 0 0 0 
69 98 103 0 0 0 0 0 0 0 0 0 
70 99 104 0 0 0 0 0 0 0 0 0 
71 100 105 0 0 0 0 0 0 0 0 0 
72 101 106 0 0 0 0 0 0 0 0 0 
73 114 119 0 0 0 0 0 0 0 0 0 
74 115 120 0 0 0 0 0 0 0 0 0 
75 109 116 0 0 0 0 0 0 0 0 0 
76 110 117 0 0 0 0 0 0 0 0 0 
77 111 118 139 0 0 0 0 0 0 0 0 
78 112 119 140 143 146 149 150 0 0 0 0 
79 113 120 139 144 145 147 0 0 0 0 0 
80 109 114 139 140 143 144 145 147 0 0 0 
81 110 115 139 144 145 147 0 0 0 0 0 
82 111 116 139 140 143 144 145 147 0 0 0 
83 112 117 144 145 147 0 0 0 0 0 0 
84 113 118 139 144 145 146 147 149 150 0 0 
85 126 0 0 0 0 0 0 0 0 0 0 
86 127 0 0 0 0 0 0 0 0 0 0 
87 121 128 0 0 0 0 0 0 0 0 0 
88 122 129 0 0 0 0 0 0 0 0 0 
89 123 130 139 140 0 0 0 0 0 0 0 
90 124 140 143 145 147 0 0 0 0 0 0 
91 125 139 140 144 0 0 0 0 0 0 0 
92 121 126 139 140 146 149 150 0 0 0 0 
93 122 127 139 140 144 0 0 0 0 0 0 
94 123 128 139 140 146 149 150 0 0 0 0 
95 124 129 144 0 0 0 0 0 0 0 0 
96 125 130 139 143 145 146 147 149 150 0 0 
97 136 0 0 0 0 0 0 0 0 0 0 
98 137 0 0 0 0 0 0 0 0 0 0 
99 131 138 0 0 0 0 0 0 0 0 0 
100 132 0 0 0 0 0 0 0 0 0 0 
101 133 143 144 145 146 147 149 150 0 0 0 
102 134 145 147 0 0 0 0 0 0 0 0 
103 135 143 144 0 0 0 0 0 0 0 0 
104 131 136 140 0 0 0 0 0 0 0 0 
105 132 137 143 144 0 0 0 0 0 0 0 
106 133 138 140 0 0 0 0 0 0 0 0 
107 134 145 146 147 149 150 0 0 0 0 0 
108 135 140 145 147 0 0 0 0 0 0 0 
10 121 131 0 0 0 0 0 0 0 0 0 
11 122 132 0 0 0 0 0 0 0 0 0 
12 123 133 0 0 0 0 0 0 0 0 0 
1 124 134 0 0 0 0 0 0 0 0 0 
2 125 135 0 0 0 0 0 0 0 0 0 
3 126 136 0 0 0 0 0 0 0 0 0 
4 127 137 0 0 0 0 0 0 0 0 0 
5 128 138 0 0 0 0 0 0 0 0 0 
6 129 139 144 145 146 147 149 150 0 0 0 
7 130 139 140 143 144 145 146 147 149 150 0 
8 139 144 145 146 147 149 150 0 0 0 0 
9 139 140 143 144 145 146 147 149 150 0 0 
1 22 131 0 0 0 0 0 0 0 0 0 
2 23 132 0 0 0 0 0 0 0 0 0 
3 24 133 0 0 0 0 0 0 0 0 0 
4 13 134 0 0 0 0 0 0 0 0 0 
5 14 135 0 0 0 0 0 0 0 0 0 
6 15 136 0 0 0 0 0 0 0 0 0 
7 16 137 141 143 144 0 0 0 0 0 0 
8 17 138 140 142 0 0 0 0 0 0 0 
9 18 143 145 146 147 149 150 0 0 0 0 
10 19 140 144 145 147 0 0 0 0 0 0 
11 20 141 144 145 146 147 149 150 0 0 0 
12 21 142 144 145 147 0 0 0 0 0 0 
1 13 34 0 0 0 0 0 0 0 0 0 
2 14 35 0 0 0 0 0 0 0 0 0 
3 15 36 0 0 0 0 0 0 0 0 0 
4 16 25 0 0 0 0 0 0 0 0 0 
5 17 26 145 147 149 0 0 0 0 0 0 
6 18 27 146 0 0 0 0 0 0 0 0 
7 19 28 147 0 0 0 0 0 0 0 0 
8 20 29 148 0 0 0 0 0 0 0 0 
9 21 30 149 0 0 0 0 0 0 0 0 
10 22 31 145 147 149 150 0 0 0 0 0 
11 23 32 145 0 0 0 0 0 0 0 0 
12 24 33 145 146 147 148 149 150 0 0 0 
13 25 46 139 144 145 147 0 0 0 0 0 
14 26 47 146 149 150 0 0 0 0 0 0 
15 27 48 140 143 146 149 150 0 0 0 0 
16 28 37 139 144 145 147 0 0 0 0 0 
17 29 38 139 144 145 147 0 0 0 0 0 
18 30 39 139 144 145 147 0 0 0 0 0 
19 31 40 139 144 145 147 0 0 0 0 0 
20 32 41 139 144 145 147 0 0 0 0 0 
21 33 42 146 149 150 0 0 0 0 0 0 
22 34 43 140 143 146 149 150 0 0 0 0 
23 35 44 139 144 145 147 0 0 0 0 0 
24 36 45 139 144 145 147 0 0 0 0 0 
25 37 58 139 141 144 145 147 0 0 0 0 
26 38 59 139 140 142 146 149 150 0 0 0 
27 39 60 139 140 141 0 0 0 0 0 0 
28 40 49 139 140 141 142 144 145 147 0 0 
29 41 50 139 140 141 142 144 145 147 0 0 
30 42 51 139 140 141 142 144 145 147 0 0 
31 43 52 139 140 142 143 145 147 0 0 0 
32 44 53 139 141 144 145 147 0 0 0 0 
33 45 54 139 140 142 146 149 150 0 0 0 
34 46 55 139 140 141 0 0 0 0 0 0 
35 47 56 139 140 141 142 144 145 147 0 0 
36 48 57 139 140 142 143 145 147 0 0 0 
37 49 70 140 146 147 150 0 0 0 0 0 
38 50 71 140 145 147 148 150 0 0 0 0 
39 51 72 140 145 146 149 0 0 0 0 0 
40 52 61 140 147 148 150 0 0 0 0 0 
41 53 62 140 145 148 149 150 0 0 0 0 
42 54 63 140 146 147 148 150 0 0 0 0 
43 55 64 140 145 147 148 149 150 0 0 0 
44 56 65 140 146 147 150 0 0 0 0 0 
45 57 66 140 145 147 148 150 0 0 0 0 
46 58 67 140 146 147 0 0 0 0 0 0 
47 59 68 140 146 147 148 150 0 0 0 0 
48 60 69 140 145 147 148 149 150 0 0 0 
49 61 82 139 146 149 150 0 0 0 0 0 
50 62 83 144 145 146 147 149 150 0 0 0 
51 63 84 139 146 149 150 0 0 0 0 0 
52 64 73 144 145 146 147 149 150 0 0 0 
53 65 74 139 146 149 150 0 0 0 0 0 
54 66 75 144 145 146 147 149 150 0 0 0 
55 67 76 144 145 147 0 0 0 0 0 0 
56 68 77 139 140 143 0 0 0 0 0 0 
57 69 78 139 146 149 150 0 0 0 0 0 
58 70 79 144 145 146 147 149 150 0 0 0 
59 71 80 139 146 149 150 0 0 0 0 0 
60 72 81 144 145 146 147 149 150 0 0 0 
61 73 94 139 140 141 143 144 0 0 0 0 
62 74 95 142 143 145 147 0 0 0 0 0 
63 75 96 139 140 141 143 144 0 0 0 0 
64 76 85 142 143 145 147 0 0 0 0 0 
65 77 86 139 140 0 0 0 0 0 0 0 
66 78 87 140 143 145 147 0 0 0 0 0 
67 79 88 139 140 143 145 146 147 149 150 0 
68 80 89 143 144 0 0 0 0 0 0 0 
69 81 90 139 140 141 143 144 0 0 0 0 
70 82 91 142 143 145 147 0 0 0 0 0 
71 83 92 139 140 141 143 144 0 0 0 0 
72 84 93 142 143 145 147 0 0 0 0 0 
73 85 106 140 145 149 0 0 0 0 0 0 
74 86 107 145 147 148 149 150 0 0 0 0 
75 87 108 140 147 0 0 0 0 0 0 0 
76 88 97 145 146 147 148 149 150 0 0 0 
77 89 98 140 0 0 0 0 0 0 0 0 
78 90 99 145 146 147 149 150 0 0 0 0 
79 91 100 140 149 0 0 0 0 0 0 0 
80 92 101 146 0 0 0 0 0 0 0 0 
81 93 102 140 145 149 0 0 0 0 0 0 
82 94 103 145 147 148 149 150 0 0 0 0 
83 95 104 140 145 149 0 0 0 0 0 0 
84 96 105 145 147 148 149 150 0 0 0 0 
85 97 118 139 144 145 146 147 149 150 0 0 
86 98 119 139 140 143 144 145 146 147 149 150 
87 99 120 0 0 0 0 0 0 0 0 0 
88 100 109 139 144 145 146 147 149 150 0 0 
89 101 110 0 0 0 0 0 0 0 0 0 
90 102 111 139 140 143 144 145 146 147 149 150 
91 103 112 144 145 146 147 149 150 0 0 0 
92 104 113 139 146 149 150 0 0 0 0 0 
93 105 114 139 140 143 0 0 0 0 0 0 
94 106 115 139 146 149 150 0 0 0 0 0 
95 107 116 139 0 0 0 0 0 0 0 0 
96 108 117 144 145 147 0 0 0 0 0 0 
97 109 130 141 144 145 146 147 149 150 0 0 
98 110 141 142 143 145 147 0 0 0 0 0 
99 111 140 142 0 0 0 0 0 0 0 0 
100 112 121 143 145 146 147 149 150 0 0 0 
101 113 122 140 143 146 149 150 0 0 0 0 
102 114 123 141 144 146 149 150 0 0 0 0 
103 115 124 142 143 145 147 0 0 0 0 0 
104 116 125 140 0 0 0 0 0 0 0 0 
105 117 126 141 0 0 0 0 0 0 0 0 
106 118 127 142 0 0 0 0 0 0 0 0 
107 119 128 143 0 0 0 0 0 0 0 0 
108 120 129 144 0 0 0 0 0 0 0 0 
109 121 145 146 0 0 0 0 0 0 0 0 
110 122 145 146 148 149 150 0 0 0 0 0 
111 123 148 0 0 0 0 0 0 0 0 0 
112 124 131 149 0 0 0 0 0 0 0 0 
113 125 132 145 147 149 150 0 0 0 0 0 
114 126 133 145 0 0 0 0 0 0 0 0 
115 127 134 146 148 150 0 0 0 0 0 0 
116 128 135 146 0 0 0 0 0 0 0 0 
117 129 136 147 0 0 0 0 0 0 0 0 
118 130 137 148 0 0 0 0 0 0 0 0 
119 138 149 0 0 0 0 0 0 0 0 0 
120 150 0 0 0 0 0 0 0 0 0 0 
3 8 37 148 157 169 0 0 0 0 0 0 0 0 0 0 0 0 0 0 0 0 0 0 0 0 0 0 0 0 0 0 0 0 0 0 0 0 0 0 0 0 0 0 0 0 0 0 0 0 0 0 0 0 0 0 0 0 0 0 0 0 0 0 0 0 0 0 0 0 0 0 0 0 0 0 0 0 0 0 
4 9 38 149 158 170 0 0 0 0 0 0 0 0 0 0 0 0 0 0 0 0 0 0 0 0 0 0 0 0 0 0 0 0 0 0 0 0 0 0 0 0 0 0 0 0 0 0 0 0 0 0 0 0 0 0 0 0 0 0 0 0 0 0 0 0 0 0 0 0 0 0 0 0 0 0 0 0 0 0 
5 10 39 150 159 171 0 0 0 0 0 0 0 0 0 0 0 0 0 0 0 0 0 0 0 0 0 0 0 0 0 0 0 0 0 0 0 0 0 0 0 0 0 0 0 0 0 0 0 0 0 0 0 0 0 0 0 0 0 0 0 0 0 0 0 0 0 0 0 0 0 0 0 0 0 0 0 0 0 0 
6 11 40 151 160 172 0 0 0 0 0 0 0 0 0 0 0 0 0 0 0 0 0 0 0 0 0 0 0 0 0 0 0 0 0 0 0 0 0 0 0 0 0 0 0 0 0 0 0 0 0 0 0 0 0 0 0 0 0 0 0 0 0 0 0 0 0 0 0 0 0 0 0 0 0 0 0 0 0 0 
7 12 41 152 161 173 0 0 0 0 0 0 0 0 0 0 0 0 0 0 0 0 0 0 0 0 0 0 0 0 0 0 0 0 0 0 0 0 0 0 0 0 0 0 0 0 0 0 0 0 0 0 0 0 0 0 0 0 0 0 0 0 0 0 0 0 0 0 0 0 0 0 0 0 0 0 0 0 0 0 
1 8 42 153 162 174 0 0 0 0 0 0 0 0 0 0 0 0 0 0 0 0 0 0 0 0 0 0 0 0 0 0 0 0 0 0 0 0 0 0 0 0 0 0 0 0 0 0 0 0 0 0 0 0 0 0 0 0 0 0 0 0 0 0 0 0 0 0 0 0 0 0 0 0 0 0 0 0 0 0 
2 9 43 154 163 175 0 0 0 0 0 0 0 0 0 0 0 0 0 0 0 0 0 0 0 0 0 0 0 0 0 0 0 0 0 0 0 0 0 0 0 0 0 0 0 0 0 0 0 0 0 0 0 0 0 0 0 0 0 0 0 0 0 0 0 0 0 0 0 0 0 0 0 0 0 0 0 0 0 0 
3 10 44 155 164 176 0 0 0 0 0 0 0 0 0 0 0 0 0 0 0 0 0 0 0 0 0 0 0 0 0 0 0 0 0 0 0 0 0 0 0 0 0 0 0 0 0 0 0 0 0 0 0 0 0 0 0 0 0 0 0 0 0 0 0 0 0 0 0 0 0 0 0 0 0 0 0 0 0 0 
4 11 45 156 165 177 0 0 0 0 0 0 0 0 0 0 0 0 0 0 0 0 0 0 0 0 0 0 0 0 0 0 0 0 0 0 0 0 0 0 0 0 0 0 0 0 0 0 0 0 0 0 0 0 0 0 0 0 0 0 0 0 0 0 0 0 0 0 0 0 0 0 0 0 0 0 0 0 0 0 
5 12 46 145 166 178 0 0 0 0 0 0 0 0 0 0 0 0 0 0 0 0 0 0 0 0 0 0 0 0 0 0 0 0 0 0 0 0 0 0 0 0 0 0 0 0 0 0 0 0 0 0 0 0 0 0 0 0 0 0 0 0 0 0 0 0 0 0 0 0 0 0 0 0 0 0 0 0 0 0 
1 6 47 146 167 179 0 0 0 0 0 0 0 0 0 0 0 0 0 0 0 0 0 0 0 0 0 0 0 0 0 0 0 0 0 0 0 0 0 0 0 0 0 0 0 0 0 0 0 0 0 0 0 0 0 0 0 0 0 0 0 0 0 0 0 0 0 0 0 0 0 0 0 0 0 0 0 0 0 0 
2 7 48 147 168 180 0 0 0 0 0 0 0 0 0 0 0 0 0 0 0 0 0 0 0 0 0 0 0 0 0 0 0 0 0 0 0 0 0 0 0 0 0 0 0 0 0 0 0 0 0 0 0 0 0 0 0 0 0 0 0 0 0 0 0 0 0 0 0 0 0 0 0 0 0 0 0 0 0 0 
15 20 49 160 169 181 0 0 0 0 0 0 0 0 0 0 0 0 0 0 0 0 0 0 0 0 0 0 0 0 0 0 0 0 0 0 0 0 0 0 0 0 0 0 0 0 0 0 0 0 0 0 0 0 0 0 0 0 0 0 0 0 0 0 0 0 0 0 0 0 0 0 0 0 0 0 0 0 0 0 
16 21 50 161 170 182 0 0 0 0 0 0 0 0 0 0 0 0 0 0 0 0 0 0 0 0 0 0 0 0 0 0 0 0 0 0 0 0 0 0 0 0 0 0 0 0 0 0 0 0 0 0 0 0 0 0 0 0 0 0 0 0 0 0 0 0 0 0 0 0 0 0 0 0 0 0 0 0 0 0 
17 22 51 162 171 183 0 0 0 0 0 0 0 0 0 0 0 0 0 0 0 0 0 0 0 0 0 0 0 0 0 0 0 0 0 0 0 0 0 0 0 0 0 0 0 0 0 0 0 0 0 0 0 0 0 0 0 0 0 0 0 0 0 0 0 0 0 0 0 0 0 0 0 0 0 0 0 0 0 0 
18 23 52 163 172 184 0 0 0 0 0 0 0 0 0 0 0 0 0 0 0 0 0 0 0 0 0 0 0 0 0 0 0 0 0 0 0 0 0 0 0 0 0 0 0 0 0 0 0 0 0 0 0 0 0 0 0 0 0 0 0 0 0 0 0 0 0 0 0 0 0 0 0 0 0 0 0 0 0 0 
19 24 53 164 173 185 0 0 0 0 0 0 0 0 0 0 0 0 0 0 0 0 0 0 0 0 0 0 0 0 0 0 0 0 0 0 0 0 0 0 0 0 0 0 0 0 0 0 0 0 0 0 0 0 0 0 0 0 0 0 0 0 0 0 0 0 0 0 0 0 0 0 0 0 0 0 0 0 0 0 
13 20 54 165 174 186 0 0 0 0 0 0 0 0 0 0 0 0 0 0 0 0 0 0 0 0 0 0 0 0 0 0 0 0 0 0 0 0 0 0 0 0 0 0 0 0 0 0 0 0 0 0 0 0 0 0 0 0 0 0 0 0 0 0 0 0 0 0 0 0 0 0 0 0 0 0 0 0 0 0 
14 21 55 166 175 187 0 0 0 0 0 0 0 0 0 0 0 0 0 0 0 0 0 0 0 0 0 0 0 0 0 0 0 0 0 0 0 0 0 0 0 0 0 0 0 0 0 0 0 0 0 0 0 0 0 0 0 0 0 0 0 0 0 0 0 0 0 0 0 0 0 0 0 0 0 0 0 0 0 0 
15 22 56 167 176 188 0 0 0 0 0 0 0 0 0 0 0 0 0 0 0 0 0 0 0 0 0 0 0 0 0 0 0 0 0 0 0 0 0 0 0 0 0 0 0 0 0 0 0 0 0 0 0 0 0 0 0 0 0 0 0 0 0 0 0 0 0 0 0 0 0 0 0 0 0 0 0 0 0 0 
16 23 57 168 177 189 0 0 0 0 0 0 0 0 0 0 0 0 0 0 0 0 0 0 0 0 0 0 0 0 0 0 0 0 0 0 0 0 0 0 0 0 0 0 0 0 0 0 0 0 0 0 0 0 0 0 0 0 0 0 0 0 0 0 0 0 0 0 0 0 0 0 0 0 0 0 0 0 0 0 
17 24 58 157 178 190 0 0 0 0 0 0 0 0 0 0 0 0 0 0 0 0 0 0 0 0 0 0 0 0 0 0 0 0 0 0 0 0 0 0 0 0 0 0 0 0 0 0 0 0 0 0 0 0 0 0 0 0 0 0 0 0 0 0 0 0 0 0 0 0 0 0 0 0 0 0 0 0 0 0 
13 18 59 158 179 191 0 0 0 0 0 0 0 0 0 0 0 0 0 0 0 0 0 0 0 0 0 0 0 0 0 0 0 0 0 0 0 0 0 0 0 0 0 0 0 0 0 0 0 0 0 0 0 0 0 0 0 0 0 0 0 0 0 0 0 0 0 0 0 0 0 0 0 0 0 0 0 0 0 0 
14 19 60 159 180 192 0 0 0 0 0 0 0 0 0 0 0 0 0 0 0 0 0 0 0 0 0 0 0 0 0 0 0 0 0 0 0 0 0 0 0 0 0 0 0 0 0 0 0 0 0 0 0 0 0 0 0 0 0 0 0 0 0 0 0 0 0 0 0 0 0 0 0 0 0 0 0 0 0 0 
27 32 61 172 181 193 0 0 0 0 0 0 0 0 0 0 0 0 0 0 0 0 0 0 0 0 0 0 0 0 0 0 0 0 0 0 0 0 0 0 0 0 0 0 0 0 0 0 0 0 0 0 0 0 0 0 0 0 0 0 0 0 0 0 0 0 0 0 0 0 0 0 0 0 0 0 0 0 0 0 
28 33 62 173 182 194 0 0 0 0 0 0 0 0 0 0 0 0 0 0 0 0 0 0 0 0 0 0 0 0 0 0 0 0 0 0 0 0 0 0 0 0 0 0 0 0 0 0 0 0 0 0 0 0 0 0 0 0 0 0 0 0 0 0 0 0 0 0 0 0 0 0 0 0 0 0 0 0 0 0 
29 34 63 174 183 195 0 0 0 0 0 0 0 0 0 0 0 0 0 0 0 0 0 0 0 0 0 0 0 0 0 0 0 0 0 0 0 0 0 0 0 0 0 0 0 0 0 0 0 0 0 0 0 0 0 0 0 0 0 0 0 0 0 0 0 0 0 0 0 0 0 0 0 0 0 0 0 0 0 0 
30 35 64 175 184 196 0 0 0 0 0 0 0 0 0 0 0 0 0 0 0 0 0 0 0 0 0 0 0 0 0 0 0 0 0 0 0 0 0 0 0 0 0 0 0 0 0 0 0 0 0 0 0 0 0 0 0 0 0 0 0 0 0 0 0 0 0 0 0 0 0 0 0 0 0 0 0 0 0 0 
31 36 65 176 185 197 0 0 0 0 0 0 0 0 0 0 0 0 0 0 0 0 0 0 0 0 0 0 0 0 0 0 0 0 0 0 0 0 0 0 0 0 0 0 0 0 0 0 0 0 0 0 0 0 0 0 0 0 0 0 0 0 0 0 0 0 0 0 0 0 0 0 0 0 0 0 0 0 0 0 
25 32 66 177 186 198 0 0 0 0 0 0 0 0 0 0 0 0 0 0 0 0 0 0 0 0 0 0 0 0 0 0 0 0 0 0 0 0 0 0 0 0 0 0 0 0 0 0 0 0 0 0 0 0 0 0 0 0 0 0 0 0 0 0 0 0 0 0 0 0 0 0 0 0 0 0 0 0 0 0 
26 33 67 178 187 199 0 0 0 0 0 0 0 0 0 0 0 0 0 0 0 0 0 0 0 0 0 0 0 0 0 0 0 0 0 0 0 0 0 0 0 0 0 0 0 0 0 0 0 0 0 0 0 0 0 0 0 0 0 0 0 0 0 0 0 0 0 0 0 0 0 0 0 0 0 0 0 0 0 0 
27 34 68 179 188 200 0 0 0 0 0 0 0 0 0 0 0 0 0 0 0 0 0 0 0 0 0 0 0 0 0 0 0 0 0 0 0 0 0 0 0 0 0 0 0 0 0 0 0 0 0 0 0 0 0 0 0 0 0 0 0 0 0 0 0 0 0 0 0 0 0 0 0 0 0 0 0 0 0 0 
28 35 69 180 189 201 0 0 0 0 0 0 0 0 0 0 0 0 0 0 0 0 0 0 0 0 0 0 0 0 0 0 0 0 0 0 0 0 0 0 0 0 0 0 0 0 0 0 0 0 0 0 0 0 0 0 0 0 0 0 0 0 0 0 0 0 0 0 0 0 0 0 0 0 0 0 0 0 0 0 
29 36 70 169 190 202 0 0 0 0 0 0 0 0 0 0 0 0 0 0 0 0 0 0 0 0 0 0 0 0 0 0 0 0 0 0 0 0 0 0 0 0 0 0 0 0 0 0 0 0 0 0 0 0 0 0 0 0 0 0 0 0 0 0 0 0 0 0 0 0 0 0 0 0 0 0 0 0 0 0 
25 30 71 170 191 203 0 0 0 0 0 0 0 0 0 0 0 0 0 0 0 0 0 0 0 0 0 0 0 0 0 0 0 0 0 0 0 0 0 0 0 0 0 0 0 0 0 0 0 0 0 0 0 0 0 0 0 0 0 0 0 0 0 0 0 0 0 0 0 0 0 0 0 0 0 0 0 0 0 0 
26 31 72 171 192 204 0 0 0 0 0 0 0 0 0 0 0 0 0 0 0 0 0 0 0 0 0 0 0 0 0 0 0 0 0 0 0 0 0 0 0 0 0 0 0 0 0 0 0 0 0 0 0 0 0 0 0 0 0 0 0 0 0 0 0 0 0 0 0 0 0 0 0 0 0 0 0 0 0 0 
39 44 73 184 193 205 0 0 0 0 0 0 0 0 0 0 0 0 0 0 0 0 0 0 0 0 0 0 0 0 0 0 0 0 0 0 0 0 0 0 0 0 0 0 0 0 0 0 0 0 0 0 0 0 0 0 0 0 0 0 0 0 0 0 0 0 0 0 0 0 0 0 0 0 0 0 0 0 0 0 
40 45 74 185 194 206 0 0 0 0 0 0 0 0 0 0 0 0 0 0 0 0 0 0 0 0 0 0 0 0 0 0 0 0 0 0 0 0 0 0 0 0 0 0 0 0 0 0 0 0 0 0 0 0 0 0 0 0 0 0 0 0 0 0 0 0 0 0 0 0 0 0 0 0 0 0 0 0 0 0 
41 46 75 186 195 207 0 0 0 0 0 0 0 0 0 0 0 0 0 0 0 0 0 0 0 0 0 0 0 0 0 0 0 0 0 0 0 0 0 0 0 0 0 0 0 0 0 0 0 0 0 0 0 0 0 0 0 0 0 0 0 0 0 0 0 0 0 0 0 0 0 0 0 0 0 0 0 0 0 0 
42 47 76 187 196 208 0 0 0 0 0 0 0 0 0 0 0 0 0 0 0 0 0 0 0 0 0 0 0 0 0 0 0 0 0 0 0 0 0 0 0 0 0 0 0 0 0 0 0 0 0 0 0 0 0 0 0 0 0 0 0 0 0 0 0 0 0 0 0 0 0 0 0 0 0 0 0 0 0 0 
43 48 77 188 197 209 0 0 0 0 0 0 0 0 0 0 0 0 0 0 0 0 0 0 0 0 0 0 0 0 0 0 0 0 0 0 0 0 0 0 0 0 0 0 0 0 0 0 0 0 0 0 0 0 0 0 0 0 0 0 0 0 0 0 0 0 0 0 0 0 0 0 0 0 0 0 0 0 0 0 
37 44 78 189 198 210 0 0 0 0 0 0 0 0 0 0 0 0 0 0 0 0 0 0 0 0 0 0 0 0 0 0 0 0 0 0 0 0 0 0 0 0 0 0 0 0 0 0 0 0 0 0 0 0 0 0 0 0 0 0 0 0 0 0 0 0 0 0 0 0 0 0 0 0 0 0 0 0 0 0 
38 45 79 190 199 211 0 0 0 0 0 0 0 0 0 0 0 0 0 0 0 0 0 0 0 0 0 0 0 0 0 0 0 0 0 0 0 0 0 0 0 0 0 0 0 0 0 0 0 0 0 0 0 0 0 0 0 0 0 0 0 0 0 0 0 0 0 0 0 0 0 0 0 0 0 0 0 0 0 0 
39 46 80 191 200 212 0 0 0 0 0 0 0 0 0 0 0 0 0 0 0 0 0 0 0 0 0 0 0 0 0 0 0 0 0 0 0 0 0 0 0 0 0 0 0 0 0 0 0 0 0 0 0 0 0 0 0 0 0 0 0 0 0 0 0 0 0 0 0 0 0 0 0 0 0 0 0 0 0 0 
40 47 81 192 201 213 0 0 0 0 0 0 0 0 0 0 0 0 0 0 0 0 0 0 0 0 0 0 0 0 0 0 0 0 0 0 0 0 0 0 0 0 0 0 0 0 0 0 0 0 0 0 0 0 0 0 0 0 0 0 0 0 0 0 0 0 0 0 0 0 0 0 0 0 0 0 0 0 0 0 
41 48 82 181 202 214 0 0 0 0 0 0 0 0 0 0 0 0 0 0 0 0 0 0 0 0 0 0 0 0 0 0 0 0 0 0 0 0 0 0 0 0 0 0 0 0 0 0 0 0 0 0 0 0 0 0 0 0 0 0 0 0 0 0 0 0 0 0 0 0 0 0 0 0 0 0 0 0 0 0 
37 42 83 182 203 215 0 0 0 0 0 0 0 0 0 0 0 0 0 0 0 0 0 0 0 0 0 0 0 0 0 0 0 0 0 0 0 0 0 0 0 0 0 0 0 0 0 0 0 0 0 0 0 0 0 0 0 0 0 0 0 0 0 0 0 0 0 0 0 0 0 0 0 0 0 0 0 0 0 0 
38 43 84 183 204 216 0 0 0 0 0 0 0 0 0 0 0 0 0 0 0 0 0 0 0 0 0 0 0 0 0 0 0 0 0 0 0 0 0 0 0 0 0 0 0 0 0 0 0 0 0 0 0 0 0 0 0 0 0 0 0 0 0 0 0 0 0 0 0 0 0 0 0 0 0 0 0 0 0 0 
51 56 85 196 205 217 0 0 0 0 0 0 0 0 0 0 0 0 0 0 0 0 0 0 0 0 0 0 0 0 0 0 0 0 0 0 0 0 0 0 0 0 0 0 0 0 0 0 0 0 0 0 0 0 0 0 0 0 0 0 0 0 0 0 0 0 0 0 0 0 0 0 0 0 0 0 0 0 0 0 
52 57 86 197 206 218 0 0 0 0 0 0 0 0 0 0 0 0 0 0 0 0 0 0 0 0 0 0 0 0 0 0 0 0 0 0 0 0 0 0 0 0 0 0 0 0 0 0 0 0 0 0 0 0 0 0 0 0 0 0 0 0 0 0 0 0 0 0 0 0 0 0 0 0 0 0 0 0 0 0 
53 58 87 198 207 219 0 0 0 0 0 0 0 0 0 0 0 0 0 0 0 0 0 0 0 0 0 0 0 0 0 0 0 0 0 0 0 0 0 0 0 0 0 0 0 0 0 0 0 0 0 0 0 0 0 0 0 0 0 0 0 0 0 0 0 0 0 0 0 0 0 0 0 0 0 0 0 0 0 0 
54 59 88 199 208 220 0 0 0 0 0 0 0 0 0 0 0 0 0 0 0 0 0 0 0 0 0 0 0 0 0 0 0 0 0 0 0 0 0 0 0 0 0 0 0 0 0 0 0 0 0 0 0 0 0 0 0 0 0 0 0 0 0 0 0 0 0 0 0 0 0 0 0 0 0 0 0 0 0 0 
55 60 89 200 209 221 0 0 0 0 0 0 0 0 0 0 0 0 0 0 0 0 0 0 0 0 0 0 0 0 0 0 0 0 0 0 0 0 0 0 0 0 0 0 0 0 0 0 0 0 0 0 0 0 0 0 0 0 0 0 0 0 0 0 0 0 0 0 0 0 0 0 0 0 0 0 0 0 0 0 
49 56 90 201 210 222 0 0 0 0 0 0 0 0 0 0 0 0 0 0 0 0 0 0 0 0 0 0 0 0 0 0 0 0 0 0 0 0 0 0 0 0 0 0 0 0 0 0 0 0 0 0 0 0 0 0 0 0 0 0 0 0 0 0 0 0 0 0 0 0 0 0 0 0 0 0 0 0 0 0 
50 57 91 202 211 223 0 0 0 0 0 0 0 0 0 0 0 0 0 0 0 0 0 0 0 0 0 0 0 0 0 0 0 0 0 0 0 0 0 0 0 0 0 0 0 0 0 0 0 0 0 0 0 0 0 0 0 0 0 0 0 0 0 0 0 0 0 0 0 0 0 0 0 0 0 0 0 0 0 0 
51 58 92 203 212 224 0 0 0 0 0 0 0 0 0 0 0 0 0 0 0 0 0 0 0 0 0 0 0 0 0 0 0 0 0 0 0 0 0 0 0 0 0 0 0 0 0 0 0 0 0 0 0 0 0 0 0 0 0 0 0 0 0 0 0 0 0 0 0 0 0 0 0 0 0 0 0 0 0 0 
52 59 93 204 213 225 0 0 0 0 0 0 0 0 0 0 0 0 0 0 0 0 0 0 0 0 0 0 0 0 0 0 0 0 0 0 0 0 0 0 0 0 0 0 0 0 0 0 0 0 0 0 0 0 0 0 0 0 0 0 0 0 0 0 0 0 0 0 0 0 0 0 0 0 0 0 0 0 0 0 
53 60 94 193 214 226 0 0 0 0 0 0 0 0 0 0 0 0 0 0 0 0 0 0 0 0 0 0 0 0 0 0 0 0 0 0 0 0 0 0 0 0 0 0 0 0 0 0 0 0 0 0 0 0 0 0 0 0 0 0 0 0 0 0 0 0 0 0 0 0 0 0 0 0 0 0 0 0 0 0 
49 54 95 194 215 227 0 0 0 0 0 0 0 0 0 0 0 0 0 0 0 0 0 0 0 0 0 0 0 0 0 0 0 0 0 0 0 0 0 0 0 0 0 0 0 0 0 0 0 0 0 0 0 0 0 0 0 0 0 0 0 0 0 0 0 0 0 0 0 0 0 0 0 0 0 0 0 0 0 0 
50 55 96 195 216 228 0 0 0 0 0 0 0 0 0 0 0 0 0 0 0 0 0 0 0 0 0 0 0 0 0 0 0 0 0 0 0 0 0 0 0 0 0 0 0 0 0 0 0 0 0 0 0 0 0 0 0 0 0 0 0 0 0 0 0 0 0 0 0 0 0 0 0 0 0 0 0 0 0 0 
63 68 97 208 217 229 0 0 0 0 0 0 0 0 0 0 0 0 0 0 0 0 0 0 0 0 0 0 0 0 0 0 0 0 0 0 0 0 0 0 0 0 0 0 0 0 0 0 0 0 0 0 0 0 0 0 0 0 0 0 0 0 0 0 0 0 0 0 0 0 0 0 0 0 0 0 0 0 0 0 
64 69 98 209 218 230 0 0 0 0 0 0 0 0 0 0 0 0 0 0 0 0 0 0 0 0 0 0 0 0 0 0 0 0 0 0 0 0 0 0 0 0 0 0 0 0 0 0 0 0 0 0 0 0 0 0 0 0 0 0 0 0 0 0 0 0 0 0 0 0 0 0 0 0 0 0 0 0 0 0 
65 70 99 210 219 231 0 0 0 0 0 0 0 0 0 0 0 0 0 0 0 0 0 0 0 0 0 0 0 0 0 0 0 0 0 0 0 0 0 0 0 0 0 0 0 0 0 0 0 0 0 0 0 0 0 0 0 0 0 0 0 0 0 0 0 0 0 0 0 0 0 0 0 0 0 0 0 0 0 0 
66 71 100 211 220 232 0 0 0 0 0 0 0 0 0 0 0 0 0 0 0 0 0 0 0 0 0 0 0 0 0 0 0 0 0 0 0 0 0 0 0 0 0 0 0 0 0 0 0 0 0 0 0 0 0 0 0 0 0 0 0 0 0 0 0 0 0 0 0 0 0 0 0 0 0 0 0 0 0 0 
67 72 101 212 221 233 0 0 0 0 0 0 0 0 0 0 0 0 0 0 0 0 0 0 0 0 0 0 0 0 0 0 0 0 0 0 0 0 0 0 0 0 0 0 0 0 0 0 0 0 0 0 0 0 0 0 0 0 0 0 0 0 0 0 0 0 0 0 0 0 0 0 0 0 0 0 0 0 0 0 
61 68 102 213 222 234 0 0 0 0 0 0 0 0 0 0 0 0 0 0 0 0 0 0 0 0 0 0 0 0 0 0 0 0 0 0 0 0 0 0 0 0 0 0 0 0 0 0 0 0 0 0 0 0 0 0 0 0 0 0 0 0 0 0 0 0 0 0 0 0 0 0 0 0 0 0 0 0 0 0 
62 69 103 214 223 235 0 0 0 0 0 0 0 0 0 0 0 0 0 0 0 0 0 0 0 0 0 0 0 0 0 0 0 0 0 0 0 0 0 0 0 0 0 0 0 0 0 0 0 0 0 0 0 0 0 0 0 0 0 0 0 0 0 0 0 0 0 0 0 0 0 0 0 0 0 0 0 0 0 0 
63 70 104 215 224 236 0 0 0 0 0 0 0 0 0 0 0 0 0 0 0 0 0 0 0 0 0 0 0 0 0 0 0 0 0 0 0 0 0 0 0 0 0 0 0 0 0 0 0 0 0 0 0 0 0 0 0 0 0 0 0 0 0 0 0 0 0 0 0 0 0 0 0 0 0 0 0 0 0 0 
64 71 105 216 225 237 0 0 0 0 0 0 0 0 0 0 0 0 0 0 0 0 0 0 0 0 0 0 0 0 0 0 0 0 0 0 0 0 0 0 0 0 0 0 0 0 0 0 0 0 0 0 0 0 0 0 0 0 0 0 0 0 0 0 0 0 0 0 0 0 0 0 0 0 0 0 0 0 0 0 
65 72 106 205 226 238 0 0 0 0 0 0 0 0 0 0 0 0 0 0 0 0 0 0 0 0 0 0 0 0 0 0 0 0 0 0 0 0 0 0 0 0 0 0 0 0 0 0 0 0 0 0 0 0 0 0 0 0 0 0 0 0 0 0 0 0 0 0 0 0 0 0 0 0 0 0 0 0 0 0 
61 66 107 206 227 239 0 0 0 0 0 0 0 0 0 0 0 0 0 0 0 0 0 0 0 0 0 0 0 0 0 0 0 0 0 0 0 0 0 0 0 0 0 0 0 0 0 0 0 0 0 0 0 0 0 0 0 0 0 0 0 0 0 0 0 0 0 0 0 0 0 0 0 0 0 0 0 0 0 0 
62 67 108 207 228 240 0 0 0 0 0 0 0 0 0 0 0 0 0 0 0 0 0 0 0 0 0 0 0 0 0 0 0 0 0 0 0 0 0 0 0 0 0 0 0 0 0 0 0 0 0 0 0 0 0 0 0 0 0 0 0 0 0 0 0 0 0 0 0 0 0 0 0 0 0 0 0 0 0 0 
75 80 109 220 229 241 0 0 0 0 0 0 0 0 0 0 0 0 0 0 0 0 0 0 0 0 0 0 0 0 0 0 0 0 0 0 0 0 0 0 0 0 0 0 0 0 0 0 0 0 0 0 0 0 0 0 0 0 0 0 0 0 0 0 0 0 0 0 0 0 0 0 0 0 0 0 0 0 0 0 
76 81 110 221 230 242 0 0 0 0 0 0 0 0 0 0 0 0 0 0 0 0 0 0 0 0 0 0 0 0 0 0 0 0 0 0 0 0 0 0 0 0 0 0 0 0 0 0 0 0 0 0 0 0 0 0 0 0 0 0 0 0 0 0 0 0 0 0 0 0 0 0 0 0 0 0 0 0 0 0 
77 82 111 222 231 243 0 0 0 0 0 0 0 0 0 0 0 0 0 0 0 0 0 0 0 0 0 0 0 0 0 0 0 0 0 0 0 0 0 0 0 0 0 0 0 0 0 0 0 0 0 0 0 0 0 0 0 0 0 0 0 0 0 0 0 0 0 0 0 0 0 0 0 0 0 0 0 0 0 0 
78 83 112 223 232 244 0 0 0 0 0 0 0 0 0 0 0 0 0 0 0 0 0 0 0 0 0 0 0 0 0 0 0 0 0 0 0 0 0 0 0 0 0 0 0 0 0 0 0 0 0 0 0 0 0 0 0 0 0 0 0 0 0 0 0 0 0 0 0 0 0 0 0 0 0 0 0 0 0 0 
79 84 113 224 233 245 0 0 0 0 0 0 0 0 0 0 0 0 0 0 0 0 0 0 0 0 0 0 0 0 0 0 0 0 0 0 0 0 0 0 0 0 0 0 0 0 0 0 0 0 0 0 0 0 0 0 0 0 0 0 0 0 0 0 0 0 0 0 0 0 0 0 0 0 0 0 0 0 0 0 
73 80 114 225 234 246 0 0 0 0 0 0 0 0 0 0 0 0 0 0 0 0 0 0 0 0 0 0 0 0 0 0 0 0 0 0 0 0 0 0 0 0 0 0 0 0 0 0 0 0 0 0 0 0 0 0 0 0 0 0 0 0 0 0 0 0 0 0 0 0 0 0 0 0 0 0 0 0 0 0 
74 81 115 226 235 247 0 0 0 0 0 0 0 0 0 0 0 0 0 0 0 0 0 0 0 0 0 0 0 0 0 0 0 0 0 0 0 0 0 0 0 0 0 0 0 0 0 0 0 0 0 0 0 0 0 0 0 0 0 0 0 0 0 0 0 0 0 0 0 0 0 0 0 0 0 0 0 0 0 0 
75 82 116 227 236 248 0 0 0 0 0 0 0 0 0 0 0 0 0 0 0 0 0 0 0 0 0 0 0 0 0 0 0 0 0 0 0 0 0 0 0 0 0 0 0 0 0 0 0 0 0 0 0 0 0 0 0 0 0 0 0 0 0 0 0 0 0 0 0 0 0 0 0 0 0 0 0 0 0 0 
76 83 117 228 237 249 0 0 0 0 0 0 0 0 0 0 0 0 0 0 0 0 0 0 0 0 0 0 0 0 0 0 0 0 0 0 0 0 0 0 0 0 0 0 0 0 0 0 0 0 0 0 0 0 0 0 0 0 0 0 0 0 0 0 0 0 0 0 0 0 0 0 0 0 0 0 0 0 0 0 
77 84 118 217 238 250 0 0 0 0 0 0 0 0 0 0 0 0 0 0 0 0 0 0 0 0 0 0 0 0 0 0 0 0 0 0 0 0 0 0 0 0 0 0 0 0 0 0 0 0 0 0 0 0 0 0 0 0 0 0 0 0 0 0 0 0 0 0 0 0 0 0 0 0 0 0 0 0 0 0 
73 78 119 218 239 251 0 0 0 0 0 0 0 0 0 0 0 0 0 0 0 0 0 0 0 0 0 0 0 0 0 0 0 0 0 0 0 0 0 0 0 0 0 0 0 0 0 0 0 0 0 0 0 0 0 0 0 0 0 0 0 0 0 0 0 0 0 0 0 0 0 0 0 0 0 0 0 0 0 0 
74 79 120 219 240 252 0 0 0 0 0 0 0 0 0 0 0 0 0 0 0 0 0 0 0 0 0 0 0 0 0 0 0 0 0 0 0 0 0 0 0 0 0 0 0 0 0 0 0 0 0 0 0 0 0 0 0 0 0 0 0 0 0 0 0 0 0 0 0 0 0 0 0 0 0 0 0 0 0 0 
87 92 121 232 241 253 0 0 0 0 0 0 0 0 0 0 0 0 0 0 0 0 0 0 0 0 0 0 0 0 0 0 0 0 0 0 0 0 0 0 0 0 0 0 0 0 0 0 0 0 0 0 0 0 0 0 0 0 0 0 0 0 0 0 0 0 0 0 0 0 0 0 0 0 0 0 0 0 0 0 
88 93 122 233 242 254 0 0 0 0 0 0 0 0 0 0 0 0 0 0 0 0 0 0 0 0 0 0 0 0 0 0 0 0 0 0 0 0 0 0 0 0 0 0 0 0 0 0 0 0 0 0 0 0 0 0 0 0 0 0 0 0 0 0 0 0 0 0 0 0 0 0 0 0 0 0 0 0 0 0 
89 94 123 234 243 255 0 0 0 0 0 0 0 0 0 0 0 0 0 0 0 0 0 0 0 0 0 0 0 0 0 0 0 0 0 0 0 0 0 0 0 0 0 0 0 0 0 0 0 0 0 0 0 0 0 0 0 0 0 0 0 0 0 0 0 0 0 0 0 0 0 0 0 0 0 0 0 0 0 0 
90 95 124 235 244 256 0 0 0 0 0 0 0 0 0 0 0 0 0 0 0 0 0 0 0 0 0 0 0 0 0 0 0 0 0 0 0 0 0 0 0 0 0 0 0 0 0 0 0 0 0 0 0 0 0 0 0 0 0 0 0 0 0 0 0 0 0 0 0 0 0 0 0 0 0 0 0 0 0 0 
91 96 125 236 245 257 0 0 0 0 0 0 0 0 0 0 0 0 0 0 0 0 0 0 0 0 0 0 0 0 0 0 0 0 0 0 0 0 0 0 0 0 0 0 0 0 0 0 0 0 0 0 0 0 0 0 0 0 0 0 0 0 0 0 0 0 0 0 0 0 0 0 0 0 0 0 0 0 0 0 
85 92 126 237 246 258 0 0 0 0 0 0 0 0 0 0 0 0 0 0 0 0 0 0 0 0 0 0 0 0 0 0 0 0 0 0 0 0 0 0 0 0 0 0 0 0 0 0 0 0 0 0 0 0 0 0 0 0 0 0 0 0 0 0 0 0 0 0 0 0 0 0 0 0 0 0 0 0 0 0 
86 93 127 238 247 259 0 0 0 0 0 0 0 0 0 0 0 0 0 0 0 0 0 0 0 0 0 0 0 0 0 0 0 0 0 0 0 0 0 0 0 0 0 0 0 0 0 0 0 0 0 0 0 0 0 0 0 0 0 0 0 0 0 0 0 0 0 0 0 0 0 0 0 0 0 0 0 0 0 0 
87 94 128 239 248 260 0 0 0 0 0 0 0 0 0 0 0 0 0 0 0 0 0 0 0 0 0 0 0 0 0 0 0 0 0 0 0 0 0 0 0 0 0 0 0 0 0 0 0 0 0 0 0 0 0 0 0 0 0 0 0 0 0 0 0 0 0 0 0 0 0 0 0 0 0 0 0 0 0 0 
88 95 129 240 249 261 0 0 0 0 0 0 0 0 0 0 0 0 0 0 0 0 0 0 0 0 0 0 0 0 0 0 0 0 0 0 0 0 0 0 0 0 0 0 0 0 0 0 0 0 0 0 0 0 0 0 0 0 0 0 0 0 0 0 0 0 0 0 0 0 0 0 0 0 0 0 0 0 0 0 
89 96 130 229 250 262 0 0 0 0 0 0 0 0 0 0 0 0 0 0 0 0 0 0 0 0 0 0 0 0 0 0 0 0 0 0 0 0 0 0 0 0 0 0 0 0 0 0 0 0 0 0 0 0 0 0 0 0 0 0 0 0 0 0 0 0 0 0 0 0 0 0 0 0 0 0 0 0 0 0 
85 90 131 230 251 263 0 0 0 0 0 0 0 0 0 0 0 0 0 0 0 0 0 0 0 0 0 0 0 0 0 0 0 0 0 0 0 0 0 0 0 0 0 0 0 0 0 0 0 0 0 0 0 0 0 0 0 0 0 0 0 0 0 0 0 0 0 0 0 0 0 0 0 0 0 0 0 0 0 0 
86 91 132 231 252 264 0 0 0 0 0 0 0 0 0 0 0 0 0 0 0 0 0 0 0 0 0 0 0 0 0 0 0 0 0 0 0 0 0 0 0 0 0 0 0 0 0 0 0 0 0 0 0 0 0 0 0 0 0 0 0 0 0 0 0 0 0 0 0 0 0 0 0 0 0 0 0 0 0 0 
99 104 133 244 253 265 0 0 0 0 0 0 0 0 0 0 0 0 0 0 0 0 0 0 0 0 0 0 0 0 0 0 0 0 0 0 0 0 0 0 0 0 0 0 0 0 0 0 0 0 0 0 0 0 0 0 0 0 0 0 0 0 0 0 0 0 0 0 0 0 0 0 0 0 0 0 0 0 0 0 
100 105 134 245 254 266 0 0 0 0 0 0 0 0 0 0 0 0 0 0 0 0 0 0 0 0 0 0 0 0 0 0 0 0 0 0 0 0 0 0 0 0 0 0 0 0 0 0 0 0 0 0 0 0 0 0 0 0 0 0 0 0 0 0 0 0 0 0 0 0 0 0 0 0 0 0 0 0 0 0 
101 106 135 246 255 267 0 0 0 0 0 0 0 0 0 0 0 0 0 0 0 0 0 0 0 0 0 0 0 0 0 0 0 0 0 0 0 0 0 0 0 0 0 0 0 0 0 0 0 0 0 0 0 0 0 0 0 0 0 0 0 0 0 0 0 0 0 0 0 0 0 0 0 0 0 0 0 0 0 0 
102 107 136 247 256 268 0 0 0 0 0 0 0 0 0 0 0 0 0 0 0 0 0 0 0 0 0 0 0 0 0 0 0 0 0 0 0 0 0 0 0 0 0 0 0 0 0 0 0 0 0 0 0 0 0 0 0 0 0 0 0 0 0 0 0 0 0 0 0 0 0 0 0 0 0 0 0 0 0 0 
103 108 137 248 257 269 0 0 0 0 0 0 0 0 0 0 0 0 0 0 0 0 0 0 0 0 0 0 0 0 0 0 0 0 0 0 0 0 0 0 0 0 0 0 0 0 0 0 0 0 0 0 0 0 0 0 0 0 0 0 0 0 0 0 0 0 0 0 0 0 0 0 0 0 0 0 0 0 0 0 
97 104 138 249 258 270 0 0 0 0 0 0 0 0 0 0 0 0 0 0 0 0 0 0 0 0 0 0 0 0 0 0 0 0 0 0 0 0 0 0 0 0 0 0 0 0 0 0 0 0 0 0 0 0 0 0 0 0 0 0 0 0 0 0 0 0 0 0 0 0 0 0 0 0 0 0 0 0 0 0 
98 105 139 250 259 271 0 0 0 0 0 0 0 0 0 0 0 0 0 0 0 0 0 0 0 0 0 0 0 0 0 0 0 0 0 0 0 0 0 0 0 0 0 0 0 0 0 0 0 0 0 0 0 0 0 0 0 0 0 0 0 0 0 0 0 0 0 0 0 0 0 0 0 0 0 0 0 0 0 0 
99 106 140 251 260 272 0 0 0 0 0 0 0 0 0 0 0 0 0 0 0 0 0 0 0 0 0 0 0 0 0 0 0 0 0 0 0 0 0 0 0 0 0 0 0 0 0 0 0 0 0 0 0 0 0 0 0 0 0 0 0 0 0 0 0 0 0 0 0 0 0 0 0 0 0 0 0 0 0 0 
100 107 141 252 261 273 0 0 0 0 0 0 0 0 0 0 0 0 0 0 0 0 0 0 0 0 0 0 0 0 0 0 0 0 0 0 0 0 0 0 0 0 0 0 0 0 0 0 0 0 0 0 0 0 0 0 0 0 0 0 0 0 0 0 0 0 0 0 0 0 0 0 0 0 0 0 0 0 0 0 
101 108 142 241 262 274 0 0 0 0 0 0 0 0 0 0 0 0 0 0 0 0 0 0 0 0 0 0 0 0 0 0 0 0 0 0 0 0 0 0 0 0 0 0 0 0 0 0 0 0 0 0 0 0 0 0 0 0 0 0 0 0 0 0 0 0 0 0 0 0 0 0 0 0 0 0 0 0 0 0 
97 102 143 242 263 275 0 0 0 0 0 0 0 0 0 0 0 0 0 0 0 0 0 0 0 0 0 0 0 0 0 0 0 0 0 0 0 0 0 0 0 0 0 0 0 0 0 0 0 0 0 0 0 0 0 0 0 0 0 0 0 0 0 0 0 0 0 0 0 0 0 0 0 0 0 0 0 0 0 0 
98 103 144 243 264 276 0 0 0 0 0 0 0 0 0 0 0 0 0 0 0 0 0 0 0 0 0 0 0 0 0 0 0 0 0 0 0 0 0 0 0 0 0 0 0 0 0 0 0 0 0 0 0 0 0 0 0 0 0 0 0 0 0 0 0 0 0 0 0 0 0 0 0 0 0 0 0 0 0 0 
1 111 116 256 265 277 0 0 0 0 0 0 0 0 0 0 0 0 0 0 0 0 0 0 0 0 0 0 0 0 0 0 0 0 0 0 0 0 0 0 0 0 0 0 0 0 0 0 0 0 0 0 0 0 0 0 0 0 0 0 0 0 0 0 0 0 0 0 0 0 0 0 0 0 0 0 0 0 0 0 
2 112 117 257 266 278 0 0 0 0 0 0 0 0 0 0 0 0 0 0 0 0 0 0 0 0 0 0 0 0 0 0 0 0 0 0 0 0 0 0 0 0 0 0 0 0 0 0 0 0 0 0 0 0 0 0 0 0 0 0 0 0 0 0 0 0 0 0 0 0 0 0 0 0 0 0 0 0 0 0 
3 113 118 258 267 279 0 0 0 0 0 0 0 0 0 0 0 0 0 0 0 0 0 0 0 0 0 0 0 0 0 0 0 0 0 0 0 0 0 0 0 0 0 0 0 0 0 0 0 0 0 0 0 0 0 0 0 0 0 0 0 0 0 0 0 0 0 0 0 0 0 0 0 0 0 0 0 0 0 0 
4 114 119 259 268 280 0 0 0 0 0 0 0 0 0 0 0 0 0 0 0 0 0 0 0 0 0 0 0 0 0 0 0 0 0 0 0 0 0 0 0 0 0 0 0 0 0 0 0 0 0 0 0 0 0 0 0 0 0 0 0 0 0 0 0 0 0 0 0 0 0 0 0 0 0 0 0 0 0 0 
5 115 120 260 269 281 0 0 0 0 0 0 0 0 0 0 0 0 0 0 0 0 0 0 0 0 0 0 0 0 0 0 0 0 0 0 0 0 0 0 0 0 0 0 0 0 0 0 0 0 0 0 0 0 0 0 0 0 0 0 0 0 0 0 0 0 0 0 0 0 0 0 0 0 0 0 0 0 0 0 
6 109 116 261 270 282 0 0 0 0 0 0 0 0 0 0 0 0 0 0 0 0 0 0 0 0 0 0 0 0 0 0 0 0 0 0 0 0 0 0 0 0 0 0 0 0 0 0 0 0 0 0 0 0 0 0 0 0 0 0 0 0 0 0 0 0 0 0 0 0 0 0 0 0 0 0 0 0 0 0 
7 110 117 262 271 283 0 0 0 0 0 0 0 0 0 0 0 0 0 0 0 0 0 0 0 0 0 0 0 0 0 0 0 0 0 0 0 0 0 0 0 0 0 0 0 0 0 0 0 0 0 0 0 0 0 0 0 0 0 0 0 0 0 0 0 0 0 0 0 0 0 0 0 0 0 0 0 0 0 0 
8 111 118 263 272 284 0 0 0 0 0 0 0 0 0 0 0 0 0 0 0 0 0 0 0 0 0 0 0 0 0 0 0 0 0 0 0 0 0 0 0 0 0 0 0 0 0 0 0 0 0 0 0 0 0 0 0 0 0 0 0 0 0 0 0 0 0 0 0 0 0 0 0 0 0 0 0 0 0 0 
9 112 119 264 273 285 0 0 0 0 0 0 0 0 0 0 0 0 0 0 0 0 0 0 0 0 0 0 0 0 0 0 0 0 0 0 0 0 0 0 0 0 0 0 0 0 0 0 0 0 0 0 0 0 0 0 0 0 0 0 0 0 0 0 0 0 0 0 0 0 0 0 0 0 0 0 0 0 0 0 
10 113 120 253 274 286 0 0 0 0 0 0 0 0 0 0 0 0 0 0 0 0 0 0 0 0 0 0 0 0 0 0 0 0 0 0 0 0 0 0 0 0 0 0 0 0 0 0 0 0 0 0 0 0 0 0 0 0 0 0 0 0 0 0 0 0 0 0 0 0 0 0 0 0 0 0 0 0 0 0 
11 109 114 254 275 287 0 0 0 0 0 0 0 0 0 0 0 0 0 0 0 0 0 0 0 0 0 0 0 0 0 0 0 0 0 0 0 0 0 0 0 0 0 0 0 0 0 0 0 0 0 0 0 0 0 0 0 0 0 0 0 0 0 0 0 0 0 0 0 0 0 0 0 0 0 0 0 0 0 0 
12 110 115 255 276 288 0 0 0 0 0 0 0 0 0 0 0 0 0 0 0 0 0 0 0 0 0 0 0 0 0 0 0 0 0 0 0 0 0 0 0 0 0 0 0 0 0 0 0 0 0 0 0 0 0 0 0 0 0 0 0 0 0 0 0 0 0 0 0 0 0 0 0 0 0 0 0 0 0 0 
13 123 128 145 268 277 0 0 0 0 0 0 0 0 0 0 0 0 0 0 0 0 0 0 0 0 0 0 0 0 0 0 0 0 0 0 0 0 0 0 0 0 0 0 0 0 0 0 0 0 0 0 0 0 0 0 0 0 0 0 0 0 0 0 0 0 0 0 0 0 0 0 0 0 0 0 0 0 0 0 
14 124 129 146 269 278 0 0 0 0 0 0 0 0 0 0 0 0 0 0 0 0 0 0 0 0 0 0 0 0 0 0 0 0 0 0 0 0 0 0 0 0 0 0 0 0 0 0 0 0 0 0 0 0 0 0 0 0 0 0 0 0 0 0 0 0 0 0 0 0 0 0 0 0 0 0 0 0 0 0 
15 125 130 147 270 279 0 0 0 0 0 0 0 0 0 0 0 0 0 0 0 0 0 0 0 0 0 0 0 0 0 0 0 0 0 0 0 0 0 0 0 0 0 0 0 0 0 0 0 0 0 0 0 0 0 0 0 0 0 0 0 0 0 0 0 0 0 0 0 0 0 0 0 0 0 0 0 0 0 0 
16 126 131 148 271 280 0 0 0 0 0 0 0 0 0 0 0 0 0 0 0 0 0 0 0 0 0 0 0 0 0 0 0 0 0 0 0 0 0 0 0 0 0 0 0 0 0 0 0 0 0 0 0 0 0 0 0 0 0 0 0 0 0 0 0 0 0 0 0 0 0 0 0 0 0 0 0 0 0 0 
17 127 132 149 272 281 0 0 0 0 0 0 0 0 0 0 0 0 0 0 0 0 0 0 0 0 0 0 0 0 0 0 0 0 0 0 0 0 0 0 0 0 0 0 0 0 0 0 0 0 0 0 0 0 0 0 0 0 0 0 0 0 0 0 0 0 0 0 0 0 0 0 0 0 0 0 0 0 0 0 
18 121 128 150 273 282 0 0 0 0 0 0 0 0 0 0 0 0 0 0 0 0 0 0 0 0 0 0 0 0 0 0 0 0 0 0 0 0 0 0 0 0 0 0 0 0 0 0 0 0 0 0 0 0 0 0 0 0 0 0 0 0 0 0 0 0 0 0 0 0 0 0 0 0 0 0 0 0 0 0 
19 122 129 151 274 283 0 0 0 0 0 0 0 0 0 0 0 0 0 0 0 0 0 0 0 0 0 0 0 0 0 0 0 0 0 0 0 0 0 0 0 0 0 0 0 0 0 0 0 0 0 0 0 0 0 0 0 0 0 0 0 0 0 0 0 0 0 0 0 0 0 0 0 0 0 0 0 0 0 0 
20 123 130 152 275 284 0 0 0 0 0 0 0 0 0 0 0 0 0 0 0 0 0 0 0 0 0 0 0 0 0 0 0 0 0 0 0 0 0 0 0 0 0 0 0 0 0 0 0 0 0 0 0 0 0 0 0 0 0 0 0 0 0 0 0 0 0 0 0 0 0 0 0 0 0 0 0 0 0 0 
21 124 131 153 276 285 0 0 0 0 0 0 0 0 0 0 0 0 0 0 0 0 0 0 0 0 0 0 0 0 0 0 0 0 0 0 0 0 0 0 0 0 0 0 0 0 0 0 0 0 0 0 0 0 0 0 0 0 0 0 0 0 0 0 0 0 0 0 0 0 0 0 0 0 0 0 0 0 0 0 
22 125 132 154 265 286 0 0 0 0 0 0 0 0 0 0 0 0 0 0 0 0 0 0 0 0 0 0 0 0 0 0 0 0 0 0 0 0 0 0 0 0 0 0 0 0 0 0 0 0 0 0 0 0 0 0 0 0 0 0 0 0 0 0 0 0 0 0 0 0 0 0 0 0 0 0 0 0 0 0 
25 135 140 145 157 280 0 0 0 0 0 0 0 0 0 0 0 0 0 0 0 0 0 0 0 0 0 0 0 0 0 0 0 0 0 0 0 0 0 0 0 0 0 0 0 0 0 0 0 0 0 0 0 0 0 0 0 0 0 0 0 0 0 0 0 0 0 0 0 0 0 0 0 0 0 0 0 0 0 0 
26 136 141 146 158 281 0 0 0 0 0 0 0 0 0 0 0 0 0 0 0 0 0 0 0 0 0 0 0 0 0 0 0 0 0 0 0 0 0 0 0 0 0 0 0 0 0 0 0 0 0 0 0 0 0 0 0 0 0 0 0 0 0 0 0 0 0 0 0 0 0 0 0 0 0 0 0 0 0 0 
27 137 142 147 159 282 0 0 0 0 0 0 0 0 0 0 0 0 0 0 0 0 0 0 0 0 0 0 0 0 0 0 0 0 0 0 0 0 0 0 0 0 0 0 0 0 0 0 0 0 0 0 0 0 0 0 0 0 0 0 0 0 0 0 0 0 0 0 0 0 0 0 0 0 0 0 0 0 0 0 
28 138 143 148 160 283 0 0 0 0 0 0 0 0 0 0 0 0 0 0 0 0 0 0 0 0 0 0 0 0 0 0 0 0 0 0 0 0 0 0 0 0 0 0 0 0 0 0 0 0 0 0 0 0 0 0 0 0 0 0 0 0 0 0 0 0 0 0 0 0 0 0 0 0 0 0 0 0 0 0 
29 139 144 149 161 284 0 0 0 0 0 0 0 0 0 0 0 0 0 0 0 0 0 0 0 0 0 0 0 0 0 0 0 0 0 0 0 0 0 0 0 0 0 0 0 0 0 0 0 0 0 0 0 0 0 0 0 0 0 0 0 0 0 0 0 0 0 0 0 0 0 0 0 0 0 0 0 0 0 0 
30 133 140 150 162 285 0 0 0 0 0 0 0 0 0 0 0 0 0 0 0 0 0 0 0 0 0 0 0 0 0 0 0 0 0 0 0 0 0 0 0 0 0 0 0 0 0 0 0 0 0 0 0 0 0 0 0 0 0 0 0 0 0 0 0 0 0 0 0 0 0 0 0 0 0 0 0 0 0 0 
31 134 141 151 163 286 0 0 0 0 0 0 0 0 0 0 0 0 0 0 0 0 0 0 0 0 0 0 0 0 0 0 0 0 0 0 0 0 0 0 0 0 0 0 0 0 0 0 0 0 0 0 0 0 0 0 0 0 0 0 0 0 0 0 0 0 0 0 0 0 0 0 0 0 0 0 0 0 0 0 
32 135 142 152 164 287 0 0 0 0 0 0 0 0 0 0 0 0 0 0 0 0 0 0 0 0 0 0 0 0 0 0 0 0 0 0 0 0 0 0 0 0 0 0 0 0 0 0 0 0 0 0 0 0 0 0 0 0 0 0 0 0 0 0 0 0 0 0 0 0 0 0 0 0 0 0 0 0 0 0 
113 115 116 117 118 120 125 127 128 129 130 132 153 154 155 156 181 184 185 186 187 188 191 192 193 194 195 196 197 198 199 200 201 202 203 204 217 219 221 224 225 227 229 231 233 235 237 239 253 254 256 258 260 261 262 263 0 0 0 0 0 0 0 0 0 0 0 0 0 0 0 0 0 0 0 0 0 0 0 0 
114 116 118 125 126 127 128 129 130 140 142 144 154 156 164 166 183 190 194 195 196 197 198 199 201 202 203 204 205 206 207 208 209 210 211 212 213 214 215 216 224 229 231 233 234 235 237 239 241 243 245 247 249 251 254 258 261 267 269 272 0 0 0 0 0 0 0 0 0 0 0 0 0 0 0 0 0 0 0 0 
163 167 193 195 196 197 198 200 202 203 229 231 237 239 265 266 270 273 0 0 0 0 0 0 0 0 0 0 0 0 0 0 0 0 0 0 0 0 0 0 0 0 0 0 0 0 0 0 0 0 0 0 0 0 0 0 0 0 0 0 0 0 0 0 0 0 0 0 0 0 0 0 0 0 0 0 0 0 0 0 
164 168 194 196 197 198 199 201 203 204 230 232 238 240 266 267 271 274 0 0 0 0 0 0 0 0 0 0 0 0 0 0 0 0 0 0 0 0 0 0 0 0 0 0 0 0 0 0 0 0 0 0 0 0 0 0 0 0 0 0 0 0 0 0 0 0 0 0 0 0 0 0 0 0 0 0 0 0 0 0 
114 116 118 126 132 137 139 141 154 156 163 165 183 190 199 204 224 229 230 231 232 234 235 236 237 238 239 240 254 258 261 266 268 269 271 275 0 0 0 0 0 0 0 0 0 0 0 0 0 0 0 0 0 0 0 0 0 0 0 0 0 0 0 0 0 0 0 0 0 0 0 0 0 0 0 0 0 0 0 0 
115 116 117 118 119 120 127 129 131 137 139 141 153 154 155 156 163 166 167 168 181 184 185 186 187 188 191 192 193 196 197 198 200 203 218 220 222 223 226 228 229 231 236 237 239 253 254 256 258 259 264 265 270 276 0 0 0 0 0 0 0 0 0 0 0 0 0 0 0 0 0 0 0 0 0 0 0 0 0 0 
115 116 117 118 119 120 126 132 137 138 143 144 153 154 155 156 165 166 167 168 173 178 179 180 181 184 185 186 187 188 191 192 193 196 197 198 199 200 203 204 206 207 209 211 213 216 218 220 222 223 226 228 230 232 234 235 238 240 241 242 244 246 249 250 251 252 253 254 256 258 259 264 265 266 268 271 277 278 281 282 
114 120 128 130 132 137 143 153 154 155 156 165 167 174 180 182 183 189 190 194 201 205 207 210 212 214 215 217 218 219 220 221 222 225 226 227 228 235 244 246 248 253 254 256 258 259 260 262 265 268 269 270 277 278 283 284 0 0 0 0 0 0 0 0 0 0 0 0 0 0 0 0 0 0 0 0 0 0 0 0 
115 116 117 118 119 120 126 132 137 138 143 144 153 154 155 156 165 166 167 168 173 175 178 180 181 184 185 186 187 188 191 192 193 196 197 198 199 200 203 204 205 206 208 210 211 212 213 214 215 216 218 220 222 223 226 228 230 232 234 235 238 240 242 243 244 246 250 252 253 254 256 258 259 264 265 266 268 271 281 285 
176 180 206 208 209 210 211 213 215 216 242 244 250 252 278 279 283 286 0 0 0 0 0 0 0 0 0 0 0 0 0 0 0 0 0 0 0 0 0 0 0 0 0 0 0 0 0 0 0 0 0 0 0 0 0 0 0 0 0 0 0 0 0 0 0 0 0 0 0 0 0 0 0 0 0 0 0 0 0 0 
114 120 128 130 132 137 143 153 154 155 156 165 167 173 177 178 180 182 183 189 190 194 201 207 209 211 216 217 218 219 220 221 222 225 226 227 228 235 241 242 244 246 247 249 250 251 252 253 254 256 258 259 260 262 265 268 269 270 278 280 281 287 0 0 0 0 0 0 0 0 0 0 0 0 0 0 0 0 0 0 
114 120 128 130 132 137 143 153 154 155 156 165 167 178 180 182 183 189 190 194 201 205 206 208 209 210 211 212 213 215 216 217 218 219 220 221 222 225 226 227 228 235 242 244 246 250 252 253 254 256 258 259 260 262 265 268 269 270 278 281 283 288 0 0 0 0 0 0 0 0 0 0 0 0 0 0 0 0 0 0 
