288 150
13 74
7 9 3 3 3 8 9 10 9 5 5 7 9 10 5 8 7 6 9 8 13 4 9 12 9 11 8 8 10 10 13 7 7 3 10 9 5 5 5 5 5 11 5 5 5 5 5 5 6 4 7 4 8 12 6 4 6 4 6 4 8 8 10 9 7 11 9 8 9 8 9 9 7 7 7 11 7 7 7 7 7 7 11 7 8 7 7 11 7 7 7 8 7 7 11 7 9 7 6 13 9 7 8 9 7 7 11 7 7 9 7 9 3 3 3 3 2 2 1 1 10 13 9 13 3 3 3 2 1 2 2 2 10 9 7 8 3 2 2 2 2 3 3 3 9 6 5 8 6 7 6 8 3 3 3 3 11 7 7 9 10 10 3 3 3 3 3 3 7 6 7 7 3 3 3 3 3 3 3 3 3 3 3 3 3 3 3 3 3 3 3 3 3 3 3 3 3 3 3 3 3 3 3 3 3 3 3 3 3 3 3 3 3 3 3 3 3 3 3 3 3 3 3 3 3 3 3 3 3 3 3 3 3 3 3 3 3 3 2 2 3 3 3 3 3 3 3 3 2 2 2 2 3 3 3 3 3 3 3 3 3 3 4 3 3 3 3 2 2 3 3 4 3 3 4 4 3 2 2 2 2 4 2 3 3 3 4 4 
6 6 6 6 6 6 6 6 6 6 6 6 6 6 6 6 6 6 6 6 6 6 6 6 6 6 6 6 6 6 6 6 6 6 6 6 6 6 6 6 6 6 6 6 6 6 6 6 6 6 6 6 6 6 6 6 6 6 6 6 6 6 6 6 6 6 6 6 6 6 6 6 6 6 6 6 6 6 6 6 6 6 6 6 6 6 6 6 6 6 6 6 6 6 6 6 6 6 6 6 6 6 6 6 6 6 6 6 6 6 6 6 6 6 6 6 6 6 6 6 6 6 6 6 6 6 6 6 6 6 6 6 6 6 6 6 6 6 50 22 74 72 40 58 54 62 62 60 62 42 
4 13 25 141 143 147 149 0 0 0 0 0 0 
5 14 26 139 141 144 146 149 150 0 0 0 0 
6 15 27 0 0 0 0 0 0 0 0 0 0 
7 16 28 0 0 0 0 0 0 0 0 0 0 
8 17 29 0 0 0 0 0 0 0 0 0 0 
9 18 30 141 143 145 147 149 0 0 0 0 0 
10 19 31 139 141 144 146 149 150 0 0 0 0 
11 20 32 139 140 141 143 146 147 149 0 0 0 
12 21 33 139 144 146 147 149 150 0 0 0 0 
1 22 34 142 148 0 0 0 0 0 0 0 0 
2 23 35 141 147 0 0 0 0 0 0 0 0 
3 24 36 139 141 146 149 0 0 0 0 0 0 
16 25 37 139 141 144 145 148 150 0 0 0 0 
17 26 38 139 142 143 146 148 149 150 0 0 0 
18 27 39 142 148 0 0 0 0 0 0 0 0 
19 28 40 139 141 142 146 150 0 0 0 0 0 
20 29 41 139 140 142 148 0 0 0 0 0 0 
21 30 42 139 144 149 0 0 0 0 0 0 0 
22 31 43 139 143 145 147 148 150 0 0 0 0 
23 32 44 143 144 146 147 149 0 0 0 0 0 
24 33 45 139 141 142 143 144 145 146 148 149 150 
13 34 46 148 0 0 0 0 0 0 0 0 0 
14 35 47 139 142 144 145 146 150 0 0 0 0 
15 36 48 139 141 142 143 145 146 147 148 149 0 
28 37 49 139 140 143 144 146 148 0 0 0 0 
29 38 50 139 140 141 143 144 145 148 149 0 0 
30 39 51 142 146 147 148 149 0 0 0 0 0 
31 40 52 139 143 146 148 149 0 0 0 0 0 
32 41 53 139 143 144 145 147 148 149 0 0 0 
33 42 54 139 140 141 143 145 148 149 0 0 0 
34 43 55 139 141 142 143 144 146 147 148 149 150 
35 44 56 142 144 149 150 0 0 0 0 0 0 
36 45 57 139 140 143 147 0 0 0 0 0 0 
25 46 58 0 0 0 0 0 0 0 0 0 0 
26 47 59 139 141 143 144 145 146 147 0 0 0 
27 48 60 139 142 143 144 147 150 0 0 0 0 
40 49 61 141 147 0 0 0 0 0 0 0 0 
41 50 62 142 148 0 0 0 0 0 0 0 0 
42 51 63 141 147 0 0 0 0 0 0 0 0 
43 52 64 142 148 0 0 0 0 0 0 0 0 
44 53 65 143 149 0 0 0 0 0 0 0 0 
45 54 66 139 141 142 144 146 148 149 150 0 0 
46 55 67 141 147 0 0 0 0 0 0 0 0 
47 56 68 142 148 0 0 0 0 0 0 0 0 
48 57 69 141 147 0 0 0 0 0 0 0 0 
37 58 70 142 148 0 0 0 0 0 0 0 0 
38 59 71 141 147 0 0 0 0 0 0 0 0 
39 60 72 142 148 0 0 0 0 0 0 0 0 
52 61 73 141 144 145 0 0 0 0 0 0 0 
53 62 74 142 0 0 0 0 0 0 0 0 0 
54 63 75 139 141 144 145 0 0 0 0 0 0 
55 64 76 142 0 0 0 0 0 0 0 0 0 
56 65 77 141 142 146 149 150 0 0 0 0 0 
57 66 78 139 141 143 145 146 147 148 149 150 0 
58 67 79 141 144 145 0 0 0 0 0 0 0 
59 68 80 142 0 0 0 0 0 0 0 0 0 
60 69 81 141 144 145 0 0 0 0 0 0 0 
49 70 82 142 0 0 0 0 0 0 0 0 0 
50 71 83 141 144 145 0 0 0 0 0 0 0 
51 72 84 142 0 0 0 0 0 0 0 0 0 
64 73 85 144 145 147 148 149 0 0 0 0 0 
65 74 86 140 146 147 148 149 0 0 0 0 0 
66 75 87 139 143 144 145 147 148 149 0 0 0 
67 76 88 140 144 146 147 148 149 0 0 0 0 
68 77 89 141 146 148 149 0 0 0 0 0 0 
69 78 90 139 140 142 143 146 148 149 150 0 0 
70 79 91 141 144 145 147 148 149 0 0 0 0 
71 80 92 142 146 147 148 149 0 0 0 0 0 
72 81 93 141 144 145 147 148 149 0 0 0 0 
61 82 94 142 146 147 148 149 0 0 0 0 0 
62 83 95 141 144 145 147 148 149 0 0 0 0 
63 84 96 140 142 146 147 148 149 0 0 0 0 
76 85 97 141 142 147 148 0 0 0 0 0 0 
77 86 98 141 142 147 148 0 0 0 0 0 0 
78 87 99 142 143 148 149 0 0 0 0 0 0 
79 88 100 139 142 144 146 147 148 149 150 0 0 
80 89 101 141 142 147 148 0 0 0 0 0 0 
81 90 102 141 142 147 148 0 0 0 0 0 0 
82 91 103 141 142 147 148 0 0 0 0 0 0 
83 92 104 141 142 147 148 0 0 0 0 0 0 
84 93 105 141 142 147 148 0 0 0 0 0 0 
73 94 106 142 143 148 149 0 0 0 0 0 0 
74 95 107 139 142 144 146 147 148 149 150 0 0 
75 96 108 141 142 147 148 0 0 0 0 0 0 
88 97 109 139 141 142 144 145 0 0 0 0 0 
89 98 110 141 142 144 145 0 0 0 0 0 0 
90 99 111 141 146 149 150 0 0 0 0 0 0 
91 100 112 139 143 144 146 147 148 149 150 0 0 
92 101 113 141 142 144 145 0 0 0 0 0 0 
93 102 114 141 142 144 145 0 0 0 0 0 0 
94 103 115 141 142 144 145 0 0 0 0 0 0 
95 104 116 139 141 142 144 145 0 0 0 0 0 
96 105 117 141 142 144 145 0 0 0 0 0 0 
85 106 118 141 146 149 150 0 0 0 0 0 0 
86 107 119 139 143 144 146 147 148 149 150 0 0 
87 108 120 141 142 144 145 0 0 0 0 0 0 
100 109 121 139 142 143 144 145 146 0 0 0 0 
101 110 122 140 141 145 146 0 0 0 0 0 0 
102 111 123 141 142 147 0 0 0 0 0 0 0 
103 112 124 139 140 141 142 143 144 145 146 147 150 
104 113 125 140 141 142 144 145 146 0 0 0 0 
105 114 126 142 144 145 146 0 0 0 0 0 0 
106 115 127 140 141 144 145 146 0 0 0 0 0 
107 116 128 139 142 143 144 145 146 0 0 0 0 
108 117 129 140 141 145 146 0 0 0 0 0 0 
97 118 130 140 141 142 147 0 0 0 0 0 0 
98 119 139 140 142 143 144 145 146 147 150 0 0 
99 120 140 141 144 145 146 0 0 0 0 0 0 
112 121 131 141 143 147 149 0 0 0 0 0 0 
113 122 132 139 141 144 146 149 150 0 0 0 0 
114 123 133 141 143 147 149 0 0 0 0 0 0 
115 124 134 139 141 144 146 149 150 0 0 0 0 
116 125 135 0 0 0 0 0 0 0 0 0 0 
117 126 136 0 0 0 0 0 0 0 0 0 0 
118 127 137 0 0 0 0 0 0 0 0 0 0 
119 128 138 0 0 0 0 0 0 0 0 0 0 
120 129 0 0 0 0 0 0 0 0 0 0 0 
109 130 0 0 0 0 0 0 0 0 0 0 0 
110 0 0 0 0 0 0 0 0 0 0 0 0 
111 0 0 0 0 0 0 0 0 0 0 0 0 
1 124 131 139 142 144 145 146 149 150 0 0 0 
2 125 132 139 141 142 143 145 146 147 148 149 150 
3 126 133 142 144 145 146 149 150 0 0 0 0 
4 127 134 139 141 142 143 145 146 147 148 149 150 
5 128 135 0 0 0 0 0 0 0 0 0 0 
6 129 136 0 0 0 0 0 0 0 0 0 0 
7 130 137 0 0 0 0 0 0 0 0 0 0 
8 138 0 0 0 0 0 0 0 0 0 0 0 
9 0 0 0 0 0 0 0 0 0 0 0 0 
10 121 0 0 0 0 0 0 0 0 0 0 0 
11 122 0 0 0 0 0 0 0 0 0 0 0 
12 123 0 0 0 0 0 0 0 0 0 0 0 
1 13 134 139 141 143 144 145 146 147 0 0 0 
2 14 135 139 142 143 144 147 150 0 0 0 0 
3 15 136 144 145 146 147 0 0 0 0 0 0 
4 16 137 139 140 143 147 150 0 0 0 0 0 
5 17 138 0 0 0 0 0 0 0 0 0 0 
6 18 0 0 0 0 0 0 0 0 0 0 0 
7 19 0 0 0 0 0 0 0 0 0 0 0 
8 20 0 0 0 0 0 0 0 0 0 0 0 
9 21 0 0 0 0 0 0 0 0 0 0 0 
10 22 131 0 0 0 0 0 0 0 0 0 0 
11 23 132 0 0 0 0 0 0 0 0 0 0 
12 24 133 0 0 0 0 0 0 0 0 0 0 
3 8 37 139 141 142 146 148 149 0 0 0 0 
4 9 38 141 145 147 0 0 0 0 0 0 0 
5 10 39 142 148 0 0 0 0 0 0 0 0 
6 11 40 139 141 142 146 150 0 0 0 0 0 
7 12 41 139 142 148 0 0 0 0 0 0 0 
1 8 42 141 142 146 150 0 0 0 0 0 0 
2 9 43 141 146 149 0 0 0 0 0 0 0 
3 10 44 142 145 146 147 150 0 0 0 0 0 
4 11 45 0 0 0 0 0 0 0 0 0 0 
5 12 46 0 0 0 0 0 0 0 0 0 0 
1 6 47 0 0 0 0 0 0 0 0 0 0 
2 7 48 0 0 0 0 0 0 0 0 0 0 
15 20 49 140 141 142 143 145 146 147 149 0 0 
16 21 50 144 148 149 150 0 0 0 0 0 0 
17 22 51 145 146 147 149 0 0 0 0 0 0 
18 23 52 141 142 143 148 149 150 0 0 0 0 
19 24 53 142 143 144 145 146 147 149 0 0 0 
13 20 54 140 141 142 144 148 149 150 0 0 0 
14 21 55 0 0 0 0 0 0 0 0 0 0 
15 22 56 0 0 0 0 0 0 0 0 0 0 
16 23 57 0 0 0 0 0 0 0 0 0 0 
17 24 58 0 0 0 0 0 0 0 0 0 0 
13 18 59 0 0 0 0 0 0 0 0 0 0 
14 19 60 0 0 0 0 0 0 0 0 0 0 
27 32 61 145 146 147 150 0 0 0 0 0 0 
28 33 62 146 147 148 0 0 0 0 0 0 0 
29 34 63 145 148 149 150 0 0 0 0 0 0 
30 35 64 145 146 149 150 0 0 0 0 0 0 
31 36 65 0 0 0 0 0 0 0 0 0 0 
25 32 66 0 0 0 0 0 0 0 0 0 0 
26 33 67 0 0 0 0 0 0 0 0 0 0 
27 34 68 0 0 0 0 0 0 0 0 0 0 
28 35 69 0 0 0 0 0 0 0 0 0 0 
29 36 70 0 0 0 0 0 0 0 0 0 0 
25 30 71 0 0 0 0 0 0 0 0 0 0 
26 31 72 0 0 0 0 0 0 0 0 0 0 
39 44 73 0 0 0 0 0 0 0 0 0 0 
40 45 74 0 0 0 0 0 0 0 0 0 0 
41 46 75 0 0 0 0 0 0 0 0 0 0 
42 47 76 0 0 0 0 0 0 0 0 0 0 
43 48 77 0 0 0 0 0 0 0 0 0 0 
37 44 78 0 0 0 0 0 0 0 0 0 0 
38 45 79 0 0 0 0 0 0 0 0 0 0 
39 46 80 0 0 0 0 0 0 0 0 0 0 
40 47 81 0 0 0 0 0 0 0 0 0 0 
41 48 82 0 0 0 0 0 0 0 0 0 0 
37 42 83 0 0 0 0 0 0 0 0 0 0 
38 43 84 0 0 0 0 0 0 0 0 0 0 
51 56 85 0 0 0 0 0 0 0 0 0 0 
52 57 86 0 0 0 0 0 0 0 0 0 0 
53 58 87 0 0 0 0 0 0 0 0 0 0 
54 59 88 0 0 0 0 0 0 0 0 0 0 
55 60 89 0 0 0 0 0 0 0 0 0 0 
49 56 90 0 0 0 0 0 0 0 0 0 0 
50 57 91 0 0 0 0 0 0 0 0 0 0 
51 58 92 0 0 0 0 0 0 0 0 0 0 
52 59 93 0 0 0 0 0 0 0 0 0 0 
53 60 94 0 0 0 0 0 0 0 0 0 0 
49 54 95 0 0 0 0 0 0 0 0 0 0 
50 55 96 0 0 0 0 0 0 0 0 0 0 
63 68 97 0 0 0 0 0 0 0 0 0 0 
64 69 98 0 0 0 0 0 0 0 0 0 0 
65 70 99 0 0 0 0 0 0 0 0 0 0 
66 71 100 0 0 0 0 0 0 0 0 0 0 
67 72 101 0 0 0 0 0 0 0 0 0 0 
61 68 102 0 0 0 0 0 0 0 0 0 0 
62 69 103 0 0 0 0 0 0 0 0 0 0 
63 70 104 0 0 0 0 0 0 0 0 0 0 
64 71 105 0 0 0 0 0 0 0 0 0 0 
65 72 106 0 0 0 0 0 0 0 0 0 0 
61 66 107 0 0 0 0 0 0 0 0 0 0 
62 67 108 0 0 0 0 0 0 0 0 0 0 
75 80 109 0 0 0 0 0 0 0 0 0 0 
76 81 110 0 0 0 0 0 0 0 0 0 0 
77 82 111 0 0 0 0 0 0 0 0 0 0 
78 83 112 0 0 0 0 0 0 0 0 0 0 
79 84 113 0 0 0 0 0 0 0 0 0 0 
73 80 114 0 0 0 0 0 0 0 0 0 0 
74 81 115 0 0 0 0 0 0 0 0 0 0 
75 82 116 0 0 0 0 0 0 0 0 0 0 
76 83 117 0 0 0 0 0 0 0 0 0 0 
77 84 118 0 0 0 0 0 0 0 0 0 0 
73 78 119 0 0 0 0 0 0 0 0 0 0 
74 79 120 0 0 0 0 0 0 0 0 0 0 
87 92 121 0 0 0 0 0 0 0 0 0 0 
88 93 122 0 0 0 0 0 0 0 0 0 0 
89 94 123 0 0 0 0 0 0 0 0 0 0 
90 95 124 0 0 0 0 0 0 0 0 0 0 
91 96 125 0 0 0 0 0 0 0 0 0 0 
85 92 126 0 0 0 0 0 0 0 0 0 0 
86 93 127 0 0 0 0 0 0 0 0 0 0 
87 94 128 0 0 0 0 0 0 0 0 0 0 
88 95 129 0 0 0 0 0 0 0 0 0 0 
89 96 130 0 0 0 0 0 0 0 0 0 0 
85 90 0 0 0 0 0 0 0 0 0 0 0 
86 91 0 0 0 0 0 0 0 0 0 0 0 
99 104 131 0 0 0 0 0 0 0 0 0 0 
100 105 132 0 0 0 0 0 0 0 0 0 0 
101 106 133 0 0 0 0 0 0 0 0 0 0 
102 107 134 0 0 0 0 0 0 0 0 0 0 
103 108 135 0 0 0 0 0 0 0 0 0 0 
97 104 136 0 0 0 0 0 0 0 0 0 0 
98 105 137 0 0 0 0 0 0 0 0 0 0 
99 106 138 0 0 0 0 0 0 0 0 0 0 
100 107 0 0 0 0 0 0 0 0 0 0 0 
101 108 0 0 0 0 0 0 0 0 0 0 0 
97 102 0 0 0 0 0 0 0 0 0 0 0 
98 103 0 0 0 0 0 0 0 0 0 0 0 
1 111 116 0 0 0 0 0 0 0 0 0 0 
2 112 117 0 0 0 0 0 0 0 0 0 0 
3 113 118 0 0 0 0 0 0 0 0 0 0 
4 114 119 0 0 0 0 0 0 0 0 0 0 
5 115 120 0 0 0 0 0 0 0 0 0 0 
6 109 116 0 0 0 0 0 0 0 0 0 0 
7 110 117 0 0 0 0 0 0 0 0 0 0 
8 111 118 0 0 0 0 0 0 0 0 0 0 
9 112 119 0 0 0 0 0 0 0 0 0 0 
10 113 120 0 0 0 0 0 0 0 0 0 0 
11 109 114 139 0 0 0 0 0 0 0 0 0 
12 110 115 0 0 0 0 0 0 0 0 0 0 
13 123 128 0 0 0 0 0 0 0 0 0 0 
14 124 129 0 0 0 0 0 0 0 0 0 0 
15 125 130 0 0 0 0 0 0 0 0 0 0 
16 126 0 0 0 0 0 0 0 0 0 0 0 
17 127 0 0 0 0 0 0 0 0 0 0 0 
18 121 128 0 0 0 0 0 0 0 0 0 0 
19 122 129 0 0 0 0 0 0 0 0 0 0 
20 123 130 140 0 0 0 0 0 0 0 0 0 
21 124 141 0 0 0 0 0 0 0 0 0 0 
22 125 142 0 0 0 0 0 0 0 0 0 0 
23 121 126 143 0 0 0 0 0 0 0 0 0 
24 122 127 144 0 0 0 0 0 0 0 0 0 
25 133 138 0 0 0 0 0 0 0 0 0 0 
26 134 0 0 0 0 0 0 0 0 0 0 0 
27 135 0 0 0 0 0 0 0 0 0 0 0 
28 136 0 0 0 0 0 0 0 0 0 0 0 
29 137 0 0 0 0 0 0 0 0 0 0 0 
30 131 138 145 0 0 0 0 0 0 0 0 0 
31 132 0 0 0 0 0 0 0 0 0 0 0 
32 133 146 0 0 0 0 0 0 0 0 0 0 
33 134 147 0 0 0 0 0 0 0 0 0 0 
34 135 148 0 0 0 0 0 0 0 0 0 0 
35 131 136 149 0 0 0 0 0 0 0 0 0 
36 132 137 150 0 0 0 0 0 0 0 0 0 
10 121 133 150 155 253 0 0 0 0 0 0 0 0 0 0 0 0 0 0 0 0 0 0 0 0 0 0 0 0 0 0 0 0 0 0 0 0 0 0 0 0 0 0 0 0 0 0 0 0 0 0 0 0 0 0 0 0 0 0 0 0 0 0 0 0 0 0 0 0 0 0 0 0 
11 122 134 151 156 254 0 0 0 0 0 0 0 0 0 0 0 0 0 0 0 0 0 0 0 0 0 0 0 0 0 0 0 0 0 0 0 0 0 0 0 0 0 0 0 0 0 0 0 0 0 0 0 0 0 0 0 0 0 0 0 0 0 0 0 0 0 0 0 0 0 0 0 0 
12 123 135 145 152 255 0 0 0 0 0 0 0 0 0 0 0 0 0 0 0 0 0 0 0 0 0 0 0 0 0 0 0 0 0 0 0 0 0 0 0 0 0 0 0 0 0 0 0 0 0 0 0 0 0 0 0 0 0 0 0 0 0 0 0 0 0 0 0 0 0 0 0 0 
1 124 136 146 153 256 0 0 0 0 0 0 0 0 0 0 0 0 0 0 0 0 0 0 0 0 0 0 0 0 0 0 0 0 0 0 0 0 0 0 0 0 0 0 0 0 0 0 0 0 0 0 0 0 0 0 0 0 0 0 0 0 0 0 0 0 0 0 0 0 0 0 0 0 
2 125 137 147 154 257 0 0 0 0 0 0 0 0 0 0 0 0 0 0 0 0 0 0 0 0 0 0 0 0 0 0 0 0 0 0 0 0 0 0 0 0 0 0 0 0 0 0 0 0 0 0 0 0 0 0 0 0 0 0 0 0 0 0 0 0 0 0 0 0 0 0 0 0 
3 126 138 148 155 258 0 0 0 0 0 0 0 0 0 0 0 0 0 0 0 0 0 0 0 0 0 0 0 0 0 0 0 0 0 0 0 0 0 0 0 0 0 0 0 0 0 0 0 0 0 0 0 0 0 0 0 0 0 0 0 0 0 0 0 0 0 0 0 0 0 0 0 0 
4 127 139 149 156 259 0 0 0 0 0 0 0 0 0 0 0 0 0 0 0 0 0 0 0 0 0 0 0 0 0 0 0 0 0 0 0 0 0 0 0 0 0 0 0 0 0 0 0 0 0 0 0 0 0 0 0 0 0 0 0 0 0 0 0 0 0 0 0 0 0 0 0 0 
5 128 140 145 150 260 0 0 0 0 0 0 0 0 0 0 0 0 0 0 0 0 0 0 0 0 0 0 0 0 0 0 0 0 0 0 0 0 0 0 0 0 0 0 0 0 0 0 0 0 0 0 0 0 0 0 0 0 0 0 0 0 0 0 0 0 0 0 0 0 0 0 0 0 
6 129 141 146 151 261 0 0 0 0 0 0 0 0 0 0 0 0 0 0 0 0 0 0 0 0 0 0 0 0 0 0 0 0 0 0 0 0 0 0 0 0 0 0 0 0 0 0 0 0 0 0 0 0 0 0 0 0 0 0 0 0 0 0 0 0 0 0 0 0 0 0 0 0 
7 130 142 147 152 262 0 0 0 0 0 0 0 0 0 0 0 0 0 0 0 0 0 0 0 0 0 0 0 0 0 0 0 0 0 0 0 0 0 0 0 0 0 0 0 0 0 0 0 0 0 0 0 0 0 0 0 0 0 0 0 0 0 0 0 0 0 0 0 0 0 0 0 0 
8 131 143 148 153 263 0 0 0 0 0 0 0 0 0 0 0 0 0 0 0 0 0 0 0 0 0 0 0 0 0 0 0 0 0 0 0 0 0 0 0 0 0 0 0 0 0 0 0 0 0 0 0 0 0 0 0 0 0 0 0 0 0 0 0 0 0 0 0 0 0 0 0 0 
9 132 144 149 154 264 0 0 0 0 0 0 0 0 0 0 0 0 0 0 0 0 0 0 0 0 0 0 0 0 0 0 0 0 0 0 0 0 0 0 0 0 0 0 0 0 0 0 0 0 0 0 0 0 0 0 0 0 0 0 0 0 0 0 0 0 0 0 0 0 0 0 0 0 
1 22 133 162 167 265 0 0 0 0 0 0 0 0 0 0 0 0 0 0 0 0 0 0 0 0 0 0 0 0 0 0 0 0 0 0 0 0 0 0 0 0 0 0 0 0 0 0 0 0 0 0 0 0 0 0 0 0 0 0 0 0 0 0 0 0 0 0 0 0 0 0 0 0 
2 23 134 163 168 266 0 0 0 0 0 0 0 0 0 0 0 0 0 0 0 0 0 0 0 0 0 0 0 0 0 0 0 0 0 0 0 0 0 0 0 0 0 0 0 0 0 0 0 0 0 0 0 0 0 0 0 0 0 0 0 0 0 0 0 0 0 0 0 0 0 0 0 0 
3 24 135 157 164 267 0 0 0 0 0 0 0 0 0 0 0 0 0 0 0 0 0 0 0 0 0 0 0 0 0 0 0 0 0 0 0 0 0 0 0 0 0 0 0 0 0 0 0 0 0 0 0 0 0 0 0 0 0 0 0 0 0 0 0 0 0 0 0 0 0 0 0 0 
4 13 136 158 165 268 0 0 0 0 0 0 0 0 0 0 0 0 0 0 0 0 0 0 0 0 0 0 0 0 0 0 0 0 0 0 0 0 0 0 0 0 0 0 0 0 0 0 0 0 0 0 0 0 0 0 0 0 0 0 0 0 0 0 0 0 0 0 0 0 0 0 0 0 
5 14 137 159 166 269 0 0 0 0 0 0 0 0 0 0 0 0 0 0 0 0 0 0 0 0 0 0 0 0 0 0 0 0 0 0 0 0 0 0 0 0 0 0 0 0 0 0 0 0 0 0 0 0 0 0 0 0 0 0 0 0 0 0 0 0 0 0 0 0 0 0 0 0 
6 15 138 160 167 270 0 0 0 0 0 0 0 0 0 0 0 0 0 0 0 0 0 0 0 0 0 0 0 0 0 0 0 0 0 0 0 0 0 0 0 0 0 0 0 0 0 0 0 0 0 0 0 0 0 0 0 0 0 0 0 0 0 0 0 0 0 0 0 0 0 0 0 0 
7 16 139 161 168 271 0 0 0 0 0 0 0 0 0 0 0 0 0 0 0 0 0 0 0 0 0 0 0 0 0 0 0 0 0 0 0 0 0 0 0 0 0 0 0 0 0 0 0 0 0 0 0 0 0 0 0 0 0 0 0 0 0 0 0 0 0 0 0 0 0 0 0 0 
8 17 140 157 162 272 0 0 0 0 0 0 0 0 0 0 0 0 0 0 0 0 0 0 0 0 0 0 0 0 0 0 0 0 0 0 0 0 0 0 0 0 0 0 0 0 0 0 0 0 0 0 0 0 0 0 0 0 0 0 0 0 0 0 0 0 0 0 0 0 0 0 0 0 
9 18 141 158 163 273 0 0 0 0 0 0 0 0 0 0 0 0 0 0 0 0 0 0 0 0 0 0 0 0 0 0 0 0 0 0 0 0 0 0 0 0 0 0 0 0 0 0 0 0 0 0 0 0 0 0 0 0 0 0 0 0 0 0 0 0 0 0 0 0 0 0 0 0 
10 19 142 159 164 274 0 0 0 0 0 0 0 0 0 0 0 0 0 0 0 0 0 0 0 0 0 0 0 0 0 0 0 0 0 0 0 0 0 0 0 0 0 0 0 0 0 0 0 0 0 0 0 0 0 0 0 0 0 0 0 0 0 0 0 0 0 0 0 0 0 0 0 0 
11 20 143 160 165 275 0 0 0 0 0 0 0 0 0 0 0 0 0 0 0 0 0 0 0 0 0 0 0 0 0 0 0 0 0 0 0 0 0 0 0 0 0 0 0 0 0 0 0 0 0 0 0 0 0 0 0 0 0 0 0 0 0 0 0 0 0 0 0 0 0 0 0 0 
12 21 144 161 166 276 0 0 0 0 0 0 0 0 0 0 0 0 0 0 0 0 0 0 0 0 0 0 0 0 0 0 0 0 0 0 0 0 0 0 0 0 0 0 0 0 0 0 0 0 0 0 0 0 0 0 0 0 0 0 0 0 0 0 0 0 0 0 0 0 0 0 0 0 
1 13 34 174 179 277 0 0 0 0 0 0 0 0 0 0 0 0 0 0 0 0 0 0 0 0 0 0 0 0 0 0 0 0 0 0 0 0 0 0 0 0 0 0 0 0 0 0 0 0 0 0 0 0 0 0 0 0 0 0 0 0 0 0 0 0 0 0 0 0 0 0 0 0 
2 14 35 175 180 278 0 0 0 0 0 0 0 0 0 0 0 0 0 0 0 0 0 0 0 0 0 0 0 0 0 0 0 0 0 0 0 0 0 0 0 0 0 0 0 0 0 0 0 0 0 0 0 0 0 0 0 0 0 0 0 0 0 0 0 0 0 0 0 0 0 0 0 0 
3 15 36 169 176 279 0 0 0 0 0 0 0 0 0 0 0 0 0 0 0 0 0 0 0 0 0 0 0 0 0 0 0 0 0 0 0 0 0 0 0 0 0 0 0 0 0 0 0 0 0 0 0 0 0 0 0 0 0 0 0 0 0 0 0 0 0 0 0 0 0 0 0 0 
4 16 25 170 177 280 0 0 0 0 0 0 0 0 0 0 0 0 0 0 0 0 0 0 0 0 0 0 0 0 0 0 0 0 0 0 0 0 0 0 0 0 0 0 0 0 0 0 0 0 0 0 0 0 0 0 0 0 0 0 0 0 0 0 0 0 0 0 0 0 0 0 0 0 
5 17 26 171 178 281 0 0 0 0 0 0 0 0 0 0 0 0 0 0 0 0 0 0 0 0 0 0 0 0 0 0 0 0 0 0 0 0 0 0 0 0 0 0 0 0 0 0 0 0 0 0 0 0 0 0 0 0 0 0 0 0 0 0 0 0 0 0 0 0 0 0 0 0 
6 18 27 172 179 282 0 0 0 0 0 0 0 0 0 0 0 0 0 0 0 0 0 0 0 0 0 0 0 0 0 0 0 0 0 0 0 0 0 0 0 0 0 0 0 0 0 0 0 0 0 0 0 0 0 0 0 0 0 0 0 0 0 0 0 0 0 0 0 0 0 0 0 0 
7 19 28 173 180 283 0 0 0 0 0 0 0 0 0 0 0 0 0 0 0 0 0 0 0 0 0 0 0 0 0 0 0 0 0 0 0 0 0 0 0 0 0 0 0 0 0 0 0 0 0 0 0 0 0 0 0 0 0 0 0 0 0 0 0 0 0 0 0 0 0 0 0 0 
8 20 29 169 174 284 0 0 0 0 0 0 0 0 0 0 0 0 0 0 0 0 0 0 0 0 0 0 0 0 0 0 0 0 0 0 0 0 0 0 0 0 0 0 0 0 0 0 0 0 0 0 0 0 0 0 0 0 0 0 0 0 0 0 0 0 0 0 0 0 0 0 0 0 
9 21 30 170 175 285 0 0 0 0 0 0 0 0 0 0 0 0 0 0 0 0 0 0 0 0 0 0 0 0 0 0 0 0 0 0 0 0 0 0 0 0 0 0 0 0 0 0 0 0 0 0 0 0 0 0 0 0 0 0 0 0 0 0 0 0 0 0 0 0 0 0 0 0 
10 22 31 171 176 286 0 0 0 0 0 0 0 0 0 0 0 0 0 0 0 0 0 0 0 0 0 0 0 0 0 0 0 0 0 0 0 0 0 0 0 0 0 0 0 0 0 0 0 0 0 0 0 0 0 0 0 0 0 0 0 0 0 0 0 0 0 0 0 0 0 0 0 0 
11 23 32 172 177 287 0 0 0 0 0 0 0 0 0 0 0 0 0 0 0 0 0 0 0 0 0 0 0 0 0 0 0 0 0 0 0 0 0 0 0 0 0 0 0 0 0 0 0 0 0 0 0 0 0 0 0 0 0 0 0 0 0 0 0 0 0 0 0 0 0 0 0 0 
12 24 33 173 178 288 0 0 0 0 0 0 0 0 0 0 0 0 0 0 0 0 0 0 0 0 0 0 0 0 0 0 0 0 0 0 0 0 0 0 0 0 0 0 0 0 0 0 0 0 0 0 0 0 0 0 0 0 0 0 0 0 0 0 0 0 0 0 0 0 0 0 0 0 
13 25 46 145 186 191 0 0 0 0 0 0 0 0 0 0 0 0 0 0 0 0 0 0 0 0 0 0 0 0 0 0 0 0 0 0 0 0 0 0 0 0 0 0 0 0 0 0 0 0 0 0 0 0 0 0 0 0 0 0 0 0 0 0 0 0 0 0 0 0 0 0 0 0 
14 26 47 146 187 192 0 0 0 0 0 0 0 0 0 0 0 0 0 0 0 0 0 0 0 0 0 0 0 0 0 0 0 0 0 0 0 0 0 0 0 0 0 0 0 0 0 0 0 0 0 0 0 0 0 0 0 0 0 0 0 0 0 0 0 0 0 0 0 0 0 0 0 0 
15 27 48 147 181 188 0 0 0 0 0 0 0 0 0 0 0 0 0 0 0 0 0 0 0 0 0 0 0 0 0 0 0 0 0 0 0 0 0 0 0 0 0 0 0 0 0 0 0 0 0 0 0 0 0 0 0 0 0 0 0 0 0 0 0 0 0 0 0 0 0 0 0 0 
16 28 37 148 182 189 0 0 0 0 0 0 0 0 0 0 0 0 0 0 0 0 0 0 0 0 0 0 0 0 0 0 0 0 0 0 0 0 0 0 0 0 0 0 0 0 0 0 0 0 0 0 0 0 0 0 0 0 0 0 0 0 0 0 0 0 0 0 0 0 0 0 0 0 
17 29 38 149 183 190 0 0 0 0 0 0 0 0 0 0 0 0 0 0 0 0 0 0 0 0 0 0 0 0 0 0 0 0 0 0 0 0 0 0 0 0 0 0 0 0 0 0 0 0 0 0 0 0 0 0 0 0 0 0 0 0 0 0 0 0 0 0 0 0 0 0 0 0 
18 30 39 150 184 191 0 0 0 0 0 0 0 0 0 0 0 0 0 0 0 0 0 0 0 0 0 0 0 0 0 0 0 0 0 0 0 0 0 0 0 0 0 0 0 0 0 0 0 0 0 0 0 0 0 0 0 0 0 0 0 0 0 0 0 0 0 0 0 0 0 0 0 0 
19 31 40 151 185 192 0 0 0 0 0 0 0 0 0 0 0 0 0 0 0 0 0 0 0 0 0 0 0 0 0 0 0 0 0 0 0 0 0 0 0 0 0 0 0 0 0 0 0 0 0 0 0 0 0 0 0 0 0 0 0 0 0 0 0 0 0 0 0 0 0 0 0 0 
20 32 41 152 181 186 0 0 0 0 0 0 0 0 0 0 0 0 0 0 0 0 0 0 0 0 0 0 0 0 0 0 0 0 0 0 0 0 0 0 0 0 0 0 0 0 0 0 0 0 0 0 0 0 0 0 0 0 0 0 0 0 0 0 0 0 0 0 0 0 0 0 0 0 
21 33 42 153 182 187 0 0 0 0 0 0 0 0 0 0 0 0 0 0 0 0 0 0 0 0 0 0 0 0 0 0 0 0 0 0 0 0 0 0 0 0 0 0 0 0 0 0 0 0 0 0 0 0 0 0 0 0 0 0 0 0 0 0 0 0 0 0 0 0 0 0 0 0 
22 34 43 154 183 188 0 0 0 0 0 0 0 0 0 0 0 0 0 0 0 0 0 0 0 0 0 0 0 0 0 0 0 0 0 0 0 0 0 0 0 0 0 0 0 0 0 0 0 0 0 0 0 0 0 0 0 0 0 0 0 0 0 0 0 0 0 0 0 0 0 0 0 0 
23 35 44 155 184 189 0 0 0 0 0 0 0 0 0 0 0 0 0 0 0 0 0 0 0 0 0 0 0 0 0 0 0 0 0 0 0 0 0 0 0 0 0 0 0 0 0 0 0 0 0 0 0 0 0 0 0 0 0 0 0 0 0 0 0 0 0 0 0 0 0 0 0 0 
24 36 45 156 185 190 0 0 0 0 0 0 0 0 0 0 0 0 0 0 0 0 0 0 0 0 0 0 0 0 0 0 0 0 0 0 0 0 0 0 0 0 0 0 0 0 0 0 0 0 0 0 0 0 0 0 0 0 0 0 0 0 0 0 0 0 0 0 0 0 0 0 0 0 
25 37 58 157 198 203 0 0 0 0 0 0 0 0 0 0 0 0 0 0 0 0 0 0 0 0 0 0 0 0 0 0 0 0 0 0 0 0 0 0 0 0 0 0 0 0 0 0 0 0 0 0 0 0 0 0 0 0 0 0 0 0 0 0 0 0 0 0 0 0 0 0 0 0 
26 38 59 158 199 204 0 0 0 0 0 0 0 0 0 0 0 0 0 0 0 0 0 0 0 0 0 0 0 0 0 0 0 0 0 0 0 0 0 0 0 0 0 0 0 0 0 0 0 0 0 0 0 0 0 0 0 0 0 0 0 0 0 0 0 0 0 0 0 0 0 0 0 0 
27 39 60 159 193 200 0 0 0 0 0 0 0 0 0 0 0 0 0 0 0 0 0 0 0 0 0 0 0 0 0 0 0 0 0 0 0 0 0 0 0 0 0 0 0 0 0 0 0 0 0 0 0 0 0 0 0 0 0 0 0 0 0 0 0 0 0 0 0 0 0 0 0 0 
28 40 49 160 194 201 0 0 0 0 0 0 0 0 0 0 0 0 0 0 0 0 0 0 0 0 0 0 0 0 0 0 0 0 0 0 0 0 0 0 0 0 0 0 0 0 0 0 0 0 0 0 0 0 0 0 0 0 0 0 0 0 0 0 0 0 0 0 0 0 0 0 0 0 
29 41 50 161 195 202 0 0 0 0 0 0 0 0 0 0 0 0 0 0 0 0 0 0 0 0 0 0 0 0 0 0 0 0 0 0 0 0 0 0 0 0 0 0 0 0 0 0 0 0 0 0 0 0 0 0 0 0 0 0 0 0 0 0 0 0 0 0 0 0 0 0 0 0 
30 42 51 162 196 203 0 0 0 0 0 0 0 0 0 0 0 0 0 0 0 0 0 0 0 0 0 0 0 0 0 0 0 0 0 0 0 0 0 0 0 0 0 0 0 0 0 0 0 0 0 0 0 0 0 0 0 0 0 0 0 0 0 0 0 0 0 0 0 0 0 0 0 0 
31 43 52 163 197 204 0 0 0 0 0 0 0 0 0 0 0 0 0 0 0 0 0 0 0 0 0 0 0 0 0 0 0 0 0 0 0 0 0 0 0 0 0 0 0 0 0 0 0 0 0 0 0 0 0 0 0 0 0 0 0 0 0 0 0 0 0 0 0 0 0 0 0 0 
32 44 53 164 193 198 0 0 0 0 0 0 0 0 0 0 0 0 0 0 0 0 0 0 0 0 0 0 0 0 0 0 0 0 0 0 0 0 0 0 0 0 0 0 0 0 0 0 0 0 0 0 0 0 0 0 0 0 0 0 0 0 0 0 0 0 0 0 0 0 0 0 0 0 
33 45 54 165 194 199 0 0 0 0 0 0 0 0 0 0 0 0 0 0 0 0 0 0 0 0 0 0 0 0 0 0 0 0 0 0 0 0 0 0 0 0 0 0 0 0 0 0 0 0 0 0 0 0 0 0 0 0 0 0 0 0 0 0 0 0 0 0 0 0 0 0 0 0 
34 46 55 166 195 200 0 0 0 0 0 0 0 0 0 0 0 0 0 0 0 0 0 0 0 0 0 0 0 0 0 0 0 0 0 0 0 0 0 0 0 0 0 0 0 0 0 0 0 0 0 0 0 0 0 0 0 0 0 0 0 0 0 0 0 0 0 0 0 0 0 0 0 0 
35 47 56 167 196 201 0 0 0 0 0 0 0 0 0 0 0 0 0 0 0 0 0 0 0 0 0 0 0 0 0 0 0 0 0 0 0 0 0 0 0 0 0 0 0 0 0 0 0 0 0 0 0 0 0 0 0 0 0 0 0 0 0 0 0 0 0 0 0 0 0 0 0 0 
36 48 57 168 197 202 0 0 0 0 0 0 0 0 0 0 0 0 0 0 0 0 0 0 0 0 0 0 0 0 0 0 0 0 0 0 0 0 0 0 0 0 0 0 0 0 0 0 0 0 0 0 0 0 0 0 0 0 0 0 0 0 0 0 0 0 0 0 0 0 0 0 0 0 
37 49 70 169 210 215 0 0 0 0 0 0 0 0 0 0 0 0 0 0 0 0 0 0 0 0 0 0 0 0 0 0 0 0 0 0 0 0 0 0 0 0 0 0 0 0 0 0 0 0 0 0 0 0 0 0 0 0 0 0 0 0 0 0 0 0 0 0 0 0 0 0 0 0 
38 50 71 170 211 216 0 0 0 0 0 0 0 0 0 0 0 0 0 0 0 0 0 0 0 0 0 0 0 0 0 0 0 0 0 0 0 0 0 0 0 0 0 0 0 0 0 0 0 0 0 0 0 0 0 0 0 0 0 0 0 0 0 0 0 0 0 0 0 0 0 0 0 0 
39 51 72 171 205 212 0 0 0 0 0 0 0 0 0 0 0 0 0 0 0 0 0 0 0 0 0 0 0 0 0 0 0 0 0 0 0 0 0 0 0 0 0 0 0 0 0 0 0 0 0 0 0 0 0 0 0 0 0 0 0 0 0 0 0 0 0 0 0 0 0 0 0 0 
40 52 61 172 206 213 0 0 0 0 0 0 0 0 0 0 0 0 0 0 0 0 0 0 0 0 0 0 0 0 0 0 0 0 0 0 0 0 0 0 0 0 0 0 0 0 0 0 0 0 0 0 0 0 0 0 0 0 0 0 0 0 0 0 0 0 0 0 0 0 0 0 0 0 
41 53 62 173 207 214 0 0 0 0 0 0 0 0 0 0 0 0 0 0 0 0 0 0 0 0 0 0 0 0 0 0 0 0 0 0 0 0 0 0 0 0 0 0 0 0 0 0 0 0 0 0 0 0 0 0 0 0 0 0 0 0 0 0 0 0 0 0 0 0 0 0 0 0 
42 54 63 174 208 215 0 0 0 0 0 0 0 0 0 0 0 0 0 0 0 0 0 0 0 0 0 0 0 0 0 0 0 0 0 0 0 0 0 0 0 0 0 0 0 0 0 0 0 0 0 0 0 0 0 0 0 0 0 0 0 0 0 0 0 0 0 0 0 0 0 0 0 0 
43 55 64 175 209 216 0 0 0 0 0 0 0 0 0 0 0 0 0 0 0 0 0 0 0 0 0 0 0 0 0 0 0 0 0 0 0 0 0 0 0 0 0 0 0 0 0 0 0 0 0 0 0 0 0 0 0 0 0 0 0 0 0 0 0 0 0 0 0 0 0 0 0 0 
44 56 65 176 205 210 0 0 0 0 0 0 0 0 0 0 0 0 0 0 0 0 0 0 0 0 0 0 0 0 0 0 0 0 0 0 0 0 0 0 0 0 0 0 0 0 0 0 0 0 0 0 0 0 0 0 0 0 0 0 0 0 0 0 0 0 0 0 0 0 0 0 0 0 
45 57 66 177 206 211 0 0 0 0 0 0 0 0 0 0 0 0 0 0 0 0 0 0 0 0 0 0 0 0 0 0 0 0 0 0 0 0 0 0 0 0 0 0 0 0 0 0 0 0 0 0 0 0 0 0 0 0 0 0 0 0 0 0 0 0 0 0 0 0 0 0 0 0 
46 58 67 178 207 212 0 0 0 0 0 0 0 0 0 0 0 0 0 0 0 0 0 0 0 0 0 0 0 0 0 0 0 0 0 0 0 0 0 0 0 0 0 0 0 0 0 0 0 0 0 0 0 0 0 0 0 0 0 0 0 0 0 0 0 0 0 0 0 0 0 0 0 0 
47 59 68 179 208 213 0 0 0 0 0 0 0 0 0 0 0 0 0 0 0 0 0 0 0 0 0 0 0 0 0 0 0 0 0 0 0 0 0 0 0 0 0 0 0 0 0 0 0 0 0 0 0 0 0 0 0 0 0 0 0 0 0 0 0 0 0 0 0 0 0 0 0 0 
48 60 69 180 209 214 0 0 0 0 0 0 0 0 0 0 0 0 0 0 0 0 0 0 0 0 0 0 0 0 0 0 0 0 0 0 0 0 0 0 0 0 0 0 0 0 0 0 0 0 0 0 0 0 0 0 0 0 0 0 0 0 0 0 0 0 0 0 0 0 0 0 0 0 
49 61 82 181 222 227 0 0 0 0 0 0 0 0 0 0 0 0 0 0 0 0 0 0 0 0 0 0 0 0 0 0 0 0 0 0 0 0 0 0 0 0 0 0 0 0 0 0 0 0 0 0 0 0 0 0 0 0 0 0 0 0 0 0 0 0 0 0 0 0 0 0 0 0 
50 62 83 182 223 228 0 0 0 0 0 0 0 0 0 0 0 0 0 0 0 0 0 0 0 0 0 0 0 0 0 0 0 0 0 0 0 0 0 0 0 0 0 0 0 0 0 0 0 0 0 0 0 0 0 0 0 0 0 0 0 0 0 0 0 0 0 0 0 0 0 0 0 0 
51 63 84 183 217 224 0 0 0 0 0 0 0 0 0 0 0 0 0 0 0 0 0 0 0 0 0 0 0 0 0 0 0 0 0 0 0 0 0 0 0 0 0 0 0 0 0 0 0 0 0 0 0 0 0 0 0 0 0 0 0 0 0 0 0 0 0 0 0 0 0 0 0 0 
52 64 73 184 218 225 0 0 0 0 0 0 0 0 0 0 0 0 0 0 0 0 0 0 0 0 0 0 0 0 0 0 0 0 0 0 0 0 0 0 0 0 0 0 0 0 0 0 0 0 0 0 0 0 0 0 0 0 0 0 0 0 0 0 0 0 0 0 0 0 0 0 0 0 
53 65 74 185 219 226 0 0 0 0 0 0 0 0 0 0 0 0 0 0 0 0 0 0 0 0 0 0 0 0 0 0 0 0 0 0 0 0 0 0 0 0 0 0 0 0 0 0 0 0 0 0 0 0 0 0 0 0 0 0 0 0 0 0 0 0 0 0 0 0 0 0 0 0 
54 66 75 186 220 227 0 0 0 0 0 0 0 0 0 0 0 0 0 0 0 0 0 0 0 0 0 0 0 0 0 0 0 0 0 0 0 0 0 0 0 0 0 0 0 0 0 0 0 0 0 0 0 0 0 0 0 0 0 0 0 0 0 0 0 0 0 0 0 0 0 0 0 0 
55 67 76 187 221 228 0 0 0 0 0 0 0 0 0 0 0 0 0 0 0 0 0 0 0 0 0 0 0 0 0 0 0 0 0 0 0 0 0 0 0 0 0 0 0 0 0 0 0 0 0 0 0 0 0 0 0 0 0 0 0 0 0 0 0 0 0 0 0 0 0 0 0 0 
56 68 77 188 217 222 0 0 0 0 0 0 0 0 0 0 0 0 0 0 0 0 0 0 0 0 0 0 0 0 0 0 0 0 0 0 0 0 0 0 0 0 0 0 0 0 0 0 0 0 0 0 0 0 0 0 0 0 0 0 0 0 0 0 0 0 0 0 0 0 0 0 0 0 
57 69 78 189 218 223 0 0 0 0 0 0 0 0 0 0 0 0 0 0 0 0 0 0 0 0 0 0 0 0 0 0 0 0 0 0 0 0 0 0 0 0 0 0 0 0 0 0 0 0 0 0 0 0 0 0 0 0 0 0 0 0 0 0 0 0 0 0 0 0 0 0 0 0 
58 70 79 190 219 224 0 0 0 0 0 0 0 0 0 0 0 0 0 0 0 0 0 0 0 0 0 0 0 0 0 0 0 0 0 0 0 0 0 0 0 0 0 0 0 0 0 0 0 0 0 0 0 0 0 0 0 0 0 0 0 0 0 0 0 0 0 0 0 0 0 0 0 0 
59 71 80 191 220 225 0 0 0 0 0 0 0 0 0 0 0 0 0 0 0 0 0 0 0 0 0 0 0 0 0 0 0 0 0 0 0 0 0 0 0 0 0 0 0 0 0 0 0 0 0 0 0 0 0 0 0 0 0 0 0 0 0 0 0 0 0 0 0 0 0 0 0 0 
60 72 81 192 221 226 0 0 0 0 0 0 0 0 0 0 0 0 0 0 0 0 0 0 0 0 0 0 0 0 0 0 0 0 0 0 0 0 0 0 0 0 0 0 0 0 0 0 0 0 0 0 0 0 0 0 0 0 0 0 0 0 0 0 0 0 0 0 0 0 0 0 0 0 
61 73 94 193 234 239 0 0 0 0 0 0 0 0 0 0 0 0 0 0 0 0 0 0 0 0 0 0 0 0 0 0 0 0 0 0 0 0 0 0 0 0 0 0 0 0 0 0 0 0 0 0 0 0 0 0 0 0 0 0 0 0 0 0 0 0 0 0 0 0 0 0 0 0 
62 74 95 194 235 240 0 0 0 0 0 0 0 0 0 0 0 0 0 0 0 0 0 0 0 0 0 0 0 0 0 0 0 0 0 0 0 0 0 0 0 0 0 0 0 0 0 0 0 0 0 0 0 0 0 0 0 0 0 0 0 0 0 0 0 0 0 0 0 0 0 0 0 0 
63 75 96 195 229 236 0 0 0 0 0 0 0 0 0 0 0 0 0 0 0 0 0 0 0 0 0 0 0 0 0 0 0 0 0 0 0 0 0 0 0 0 0 0 0 0 0 0 0 0 0 0 0 0 0 0 0 0 0 0 0 0 0 0 0 0 0 0 0 0 0 0 0 0 
64 76 85 196 230 237 0 0 0 0 0 0 0 0 0 0 0 0 0 0 0 0 0 0 0 0 0 0 0 0 0 0 0 0 0 0 0 0 0 0 0 0 0 0 0 0 0 0 0 0 0 0 0 0 0 0 0 0 0 0 0 0 0 0 0 0 0 0 0 0 0 0 0 0 
65 77 86 197 231 238 0 0 0 0 0 0 0 0 0 0 0 0 0 0 0 0 0 0 0 0 0 0 0 0 0 0 0 0 0 0 0 0 0 0 0 0 0 0 0 0 0 0 0 0 0 0 0 0 0 0 0 0 0 0 0 0 0 0 0 0 0 0 0 0 0 0 0 0 
66 78 87 198 232 239 0 0 0 0 0 0 0 0 0 0 0 0 0 0 0 0 0 0 0 0 0 0 0 0 0 0 0 0 0 0 0 0 0 0 0 0 0 0 0 0 0 0 0 0 0 0 0 0 0 0 0 0 0 0 0 0 0 0 0 0 0 0 0 0 0 0 0 0 
67 79 88 199 233 240 0 0 0 0 0 0 0 0 0 0 0 0 0 0 0 0 0 0 0 0 0 0 0 0 0 0 0 0 0 0 0 0 0 0 0 0 0 0 0 0 0 0 0 0 0 0 0 0 0 0 0 0 0 0 0 0 0 0 0 0 0 0 0 0 0 0 0 0 
68 80 89 200 229 234 0 0 0 0 0 0 0 0 0 0 0 0 0 0 0 0 0 0 0 0 0 0 0 0 0 0 0 0 0 0 0 0 0 0 0 0 0 0 0 0 0 0 0 0 0 0 0 0 0 0 0 0 0 0 0 0 0 0 0 0 0 0 0 0 0 0 0 0 
69 81 90 201 230 235 0 0 0 0 0 0 0 0 0 0 0 0 0 0 0 0 0 0 0 0 0 0 0 0 0 0 0 0 0 0 0 0 0 0 0 0 0 0 0 0 0 0 0 0 0 0 0 0 0 0 0 0 0 0 0 0 0 0 0 0 0 0 0 0 0 0 0 0 
70 82 91 202 231 236 0 0 0 0 0 0 0 0 0 0 0 0 0 0 0 0 0 0 0 0 0 0 0 0 0 0 0 0 0 0 0 0 0 0 0 0 0 0 0 0 0 0 0 0 0 0 0 0 0 0 0 0 0 0 0 0 0 0 0 0 0 0 0 0 0 0 0 0 
71 83 92 203 232 237 0 0 0 0 0 0 0 0 0 0 0 0 0 0 0 0 0 0 0 0 0 0 0 0 0 0 0 0 0 0 0 0 0 0 0 0 0 0 0 0 0 0 0 0 0 0 0 0 0 0 0 0 0 0 0 0 0 0 0 0 0 0 0 0 0 0 0 0 
72 84 93 204 233 238 0 0 0 0 0 0 0 0 0 0 0 0 0 0 0 0 0 0 0 0 0 0 0 0 0 0 0 0 0 0 0 0 0 0 0 0 0 0 0 0 0 0 0 0 0 0 0 0 0 0 0 0 0 0 0 0 0 0 0 0 0 0 0 0 0 0 0 0 
73 85 106 205 246 251 0 0 0 0 0 0 0 0 0 0 0 0 0 0 0 0 0 0 0 0 0 0 0 0 0 0 0 0 0 0 0 0 0 0 0 0 0 0 0 0 0 0 0 0 0 0 0 0 0 0 0 0 0 0 0 0 0 0 0 0 0 0 0 0 0 0 0 0 
74 86 107 206 247 252 0 0 0 0 0 0 0 0 0 0 0 0 0 0 0 0 0 0 0 0 0 0 0 0 0 0 0 0 0 0 0 0 0 0 0 0 0 0 0 0 0 0 0 0 0 0 0 0 0 0 0 0 0 0 0 0 0 0 0 0 0 0 0 0 0 0 0 0 
75 87 108 207 241 248 0 0 0 0 0 0 0 0 0 0 0 0 0 0 0 0 0 0 0 0 0 0 0 0 0 0 0 0 0 0 0 0 0 0 0 0 0 0 0 0 0 0 0 0 0 0 0 0 0 0 0 0 0 0 0 0 0 0 0 0 0 0 0 0 0 0 0 0 
76 88 97 208 242 249 0 0 0 0 0 0 0 0 0 0 0 0 0 0 0 0 0 0 0 0 0 0 0 0 0 0 0 0 0 0 0 0 0 0 0 0 0 0 0 0 0 0 0 0 0 0 0 0 0 0 0 0 0 0 0 0 0 0 0 0 0 0 0 0 0 0 0 0 
77 89 98 209 243 250 0 0 0 0 0 0 0 0 0 0 0 0 0 0 0 0 0 0 0 0 0 0 0 0 0 0 0 0 0 0 0 0 0 0 0 0 0 0 0 0 0 0 0 0 0 0 0 0 0 0 0 0 0 0 0 0 0 0 0 0 0 0 0 0 0 0 0 0 
78 90 99 210 244 251 0 0 0 0 0 0 0 0 0 0 0 0 0 0 0 0 0 0 0 0 0 0 0 0 0 0 0 0 0 0 0 0 0 0 0 0 0 0 0 0 0 0 0 0 0 0 0 0 0 0 0 0 0 0 0 0 0 0 0 0 0 0 0 0 0 0 0 0 
79 91 100 211 245 252 0 0 0 0 0 0 0 0 0 0 0 0 0 0 0 0 0 0 0 0 0 0 0 0 0 0 0 0 0 0 0 0 0 0 0 0 0 0 0 0 0 0 0 0 0 0 0 0 0 0 0 0 0 0 0 0 0 0 0 0 0 0 0 0 0 0 0 0 
80 92 101 212 241 246 0 0 0 0 0 0 0 0 0 0 0 0 0 0 0 0 0 0 0 0 0 0 0 0 0 0 0 0 0 0 0 0 0 0 0 0 0 0 0 0 0 0 0 0 0 0 0 0 0 0 0 0 0 0 0 0 0 0 0 0 0 0 0 0 0 0 0 0 
81 93 102 213 242 247 0 0 0 0 0 0 0 0 0 0 0 0 0 0 0 0 0 0 0 0 0 0 0 0 0 0 0 0 0 0 0 0 0 0 0 0 0 0 0 0 0 0 0 0 0 0 0 0 0 0 0 0 0 0 0 0 0 0 0 0 0 0 0 0 0 0 0 0 
82 94 103 214 243 248 0 0 0 0 0 0 0 0 0 0 0 0 0 0 0 0 0 0 0 0 0 0 0 0 0 0 0 0 0 0 0 0 0 0 0 0 0 0 0 0 0 0 0 0 0 0 0 0 0 0 0 0 0 0 0 0 0 0 0 0 0 0 0 0 0 0 0 0 
83 95 104 215 244 249 0 0 0 0 0 0 0 0 0 0 0 0 0 0 0 0 0 0 0 0 0 0 0 0 0 0 0 0 0 0 0 0 0 0 0 0 0 0 0 0 0 0 0 0 0 0 0 0 0 0 0 0 0 0 0 0 0 0 0 0 0 0 0 0 0 0 0 0 
84 96 105 216 245 250 0 0 0 0 0 0 0 0 0 0 0 0 0 0 0 0 0 0 0 0 0 0 0 0 0 0 0 0 0 0 0 0 0 0 0 0 0 0 0 0 0 0 0 0 0 0 0 0 0 0 0 0 0 0 0 0 0 0 0 0 0 0 0 0 0 0 0 0 
85 97 118 217 258 263 0 0 0 0 0 0 0 0 0 0 0 0 0 0 0 0 0 0 0 0 0 0 0 0 0 0 0 0 0 0 0 0 0 0 0 0 0 0 0 0 0 0 0 0 0 0 0 0 0 0 0 0 0 0 0 0 0 0 0 0 0 0 0 0 0 0 0 0 
86 98 119 218 259 264 0 0 0 0 0 0 0 0 0 0 0 0 0 0 0 0 0 0 0 0 0 0 0 0 0 0 0 0 0 0 0 0 0 0 0 0 0 0 0 0 0 0 0 0 0 0 0 0 0 0 0 0 0 0 0 0 0 0 0 0 0 0 0 0 0 0 0 0 
87 99 120 219 253 260 0 0 0 0 0 0 0 0 0 0 0 0 0 0 0 0 0 0 0 0 0 0 0 0 0 0 0 0 0 0 0 0 0 0 0 0 0 0 0 0 0 0 0 0 0 0 0 0 0 0 0 0 0 0 0 0 0 0 0 0 0 0 0 0 0 0 0 0 
88 100 109 220 254 261 0 0 0 0 0 0 0 0 0 0 0 0 0 0 0 0 0 0 0 0 0 0 0 0 0 0 0 0 0 0 0 0 0 0 0 0 0 0 0 0 0 0 0 0 0 0 0 0 0 0 0 0 0 0 0 0 0 0 0 0 0 0 0 0 0 0 0 0 
89 101 110 221 255 262 0 0 0 0 0 0 0 0 0 0 0 0 0 0 0 0 0 0 0 0 0 0 0 0 0 0 0 0 0 0 0 0 0 0 0 0 0 0 0 0 0 0 0 0 0 0 0 0 0 0 0 0 0 0 0 0 0 0 0 0 0 0 0 0 0 0 0 0 
90 102 111 222 256 263 0 0 0 0 0 0 0 0 0 0 0 0 0 0 0 0 0 0 0 0 0 0 0 0 0 0 0 0 0 0 0 0 0 0 0 0 0 0 0 0 0 0 0 0 0 0 0 0 0 0 0 0 0 0 0 0 0 0 0 0 0 0 0 0 0 0 0 0 
91 103 112 223 257 264 0 0 0 0 0 0 0 0 0 0 0 0 0 0 0 0 0 0 0 0 0 0 0 0 0 0 0 0 0 0 0 0 0 0 0 0 0 0 0 0 0 0 0 0 0 0 0 0 0 0 0 0 0 0 0 0 0 0 0 0 0 0 0 0 0 0 0 0 
92 104 113 224 253 258 0 0 0 0 0 0 0 0 0 0 0 0 0 0 0 0 0 0 0 0 0 0 0 0 0 0 0 0 0 0 0 0 0 0 0 0 0 0 0 0 0 0 0 0 0 0 0 0 0 0 0 0 0 0 0 0 0 0 0 0 0 0 0 0 0 0 0 0 
93 105 114 225 254 259 0 0 0 0 0 0 0 0 0 0 0 0 0 0 0 0 0 0 0 0 0 0 0 0 0 0 0 0 0 0 0 0 0 0 0 0 0 0 0 0 0 0 0 0 0 0 0 0 0 0 0 0 0 0 0 0 0 0 0 0 0 0 0 0 0 0 0 0 
94 106 115 226 255 260 0 0 0 0 0 0 0 0 0 0 0 0 0 0 0 0 0 0 0 0 0 0 0 0 0 0 0 0 0 0 0 0 0 0 0 0 0 0 0 0 0 0 0 0 0 0 0 0 0 0 0 0 0 0 0 0 0 0 0 0 0 0 0 0 0 0 0 0 
95 107 116 227 256 261 0 0 0 0 0 0 0 0 0 0 0 0 0 0 0 0 0 0 0 0 0 0 0 0 0 0 0 0 0 0 0 0 0 0 0 0 0 0 0 0 0 0 0 0 0 0 0 0 0 0 0 0 0 0 0 0 0 0 0 0 0 0 0 0 0 0 0 0 
96 108 117 228 257 262 0 0 0 0 0 0 0 0 0 0 0 0 0 0 0 0 0 0 0 0 0 0 0 0 0 0 0 0 0 0 0 0 0 0 0 0 0 0 0 0 0 0 0 0 0 0 0 0 0 0 0 0 0 0 0 0 0 0 0 0 0 0 0 0 0 0 0 0 
97 109 130 229 270 275 0 0 0 0 0 0 0 0 0 0 0 0 0 0 0 0 0 0 0 0 0 0 0 0 0 0 0 0 0 0 0 0 0 0 0 0 0 0 0 0 0 0 0 0 0 0 0 0 0 0 0 0 0 0 0 0 0 0 0 0 0 0 0 0 0 0 0 0 
98 110 131 230 271 276 0 0 0 0 0 0 0 0 0 0 0 0 0 0 0 0 0 0 0 0 0 0 0 0 0 0 0 0 0 0 0 0 0 0 0 0 0 0 0 0 0 0 0 0 0 0 0 0 0 0 0 0 0 0 0 0 0 0 0 0 0 0 0 0 0 0 0 0 
99 111 132 231 265 272 0 0 0 0 0 0 0 0 0 0 0 0 0 0 0 0 0 0 0 0 0 0 0 0 0 0 0 0 0 0 0 0 0 0 0 0 0 0 0 0 0 0 0 0 0 0 0 0 0 0 0 0 0 0 0 0 0 0 0 0 0 0 0 0 0 0 0 0 
100 112 121 232 266 273 0 0 0 0 0 0 0 0 0 0 0 0 0 0 0 0 0 0 0 0 0 0 0 0 0 0 0 0 0 0 0 0 0 0 0 0 0 0 0 0 0 0 0 0 0 0 0 0 0 0 0 0 0 0 0 0 0 0 0 0 0 0 0 0 0 0 0 0 
101 113 122 233 267 274 0 0 0 0 0 0 0 0 0 0 0 0 0 0 0 0 0 0 0 0 0 0 0 0 0 0 0 0 0 0 0 0 0 0 0 0 0 0 0 0 0 0 0 0 0 0 0 0 0 0 0 0 0 0 0 0 0 0 0 0 0 0 0 0 0 0 0 0 
102 114 123 234 268 275 0 0 0 0 0 0 0 0 0 0 0 0 0 0 0 0 0 0 0 0 0 0 0 0 0 0 0 0 0 0 0 0 0 0 0 0 0 0 0 0 0 0 0 0 0 0 0 0 0 0 0 0 0 0 0 0 0 0 0 0 0 0 0 0 0 0 0 0 
103 115 124 235 269 276 0 0 0 0 0 0 0 0 0 0 0 0 0 0 0 0 0 0 0 0 0 0 0 0 0 0 0 0 0 0 0 0 0 0 0 0 0 0 0 0 0 0 0 0 0 0 0 0 0 0 0 0 0 0 0 0 0 0 0 0 0 0 0 0 0 0 0 0 
104 116 125 236 265 270 0 0 0 0 0 0 0 0 0 0 0 0 0 0 0 0 0 0 0 0 0 0 0 0 0 0 0 0 0 0 0 0 0 0 0 0 0 0 0 0 0 0 0 0 0 0 0 0 0 0 0 0 0 0 0 0 0 0 0 0 0 0 0 0 0 0 0 0 
105 117 126 237 266 271 0 0 0 0 0 0 0 0 0 0 0 0 0 0 0 0 0 0 0 0 0 0 0 0 0 0 0 0 0 0 0 0 0 0 0 0 0 0 0 0 0 0 0 0 0 0 0 0 0 0 0 0 0 0 0 0 0 0 0 0 0 0 0 0 0 0 0 0 
106 118 127 238 267 272 0 0 0 0 0 0 0 0 0 0 0 0 0 0 0 0 0 0 0 0 0 0 0 0 0 0 0 0 0 0 0 0 0 0 0 0 0 0 0 0 0 0 0 0 0 0 0 0 0 0 0 0 0 0 0 0 0 0 0 0 0 0 0 0 0 0 0 0 
109 121 142 241 282 287 0 0 0 0 0 0 0 0 0 0 0 0 0 0 0 0 0 0 0 0 0 0 0 0 0 0 0 0 0 0 0 0 0 0 0 0 0 0 0 0 0 0 0 0 0 0 0 0 0 0 0 0 0 0 0 0 0 0 0 0 0 0 0 0 0 0 0 0 
110 122 143 242 283 288 0 0 0 0 0 0 0 0 0 0 0 0 0 0 0 0 0 0 0 0 0 0 0 0 0 0 0 0 0 0 0 0 0 0 0 0 0 0 0 0 0 0 0 0 0 0 0 0 0 0 0 0 0 0 0 0 0 0 0 0 0 0 0 0 0 0 0 0 
111 123 144 243 277 284 0 0 0 0 0 0 0 0 0 0 0 0 0 0 0 0 0 0 0 0 0 0 0 0 0 0 0 0 0 0 0 0 0 0 0 0 0 0 0 0 0 0 0 0 0 0 0 0 0 0 0 0 0 0 0 0 0 0 0 0 0 0 0 0 0 0 0 0 
112 124 133 244 278 285 0 0 0 0 0 0 0 0 0 0 0 0 0 0 0 0 0 0 0 0 0 0 0 0 0 0 0 0 0 0 0 0 0 0 0 0 0 0 0 0 0 0 0 0 0 0 0 0 0 0 0 0 0 0 0 0 0 0 0 0 0 0 0 0 0 0 0 0 
113 125 134 245 279 286 0 0 0 0 0 0 0 0 0 0 0 0 0 0 0 0 0 0 0 0 0 0 0 0 0 0 0 0 0 0 0 0 0 0 0 0 0 0 0 0 0 0 0 0 0 0 0 0 0 0 0 0 0 0 0 0 0 0 0 0 0 0 0 0 0 0 0 0 
114 126 135 246 280 287 0 0 0 0 0 0 0 0 0 0 0 0 0 0 0 0 0 0 0 0 0 0 0 0 0 0 0 0 0 0 0 0 0 0 0 0 0 0 0 0 0 0 0 0 0 0 0 0 0 0 0 0 0 0 0 0 0 0 0 0 0 0 0 0 0 0 0 0 
115 127 136 247 281 288 0 0 0 0 0 0 0 0 0 0 0 0 0 0 0 0 0 0 0 0 0 0 0 0 0 0 0 0 0 0 0 0 0 0 0 0 0 0 0 0 0 0 0 0 0 0 0 0 0 0 0 0 0 0 0 0 0 0 0 0 0 0 0 0 0 0 0 0 
116 128 137 248 277 282 0 0 0 0 0 0 0 0 0 0 0 0 0 0 0 0 0 0 0 0 0 0 0 0 0 0 0 0 0 0 0 0 0 0 0 0 0 0 0 0 0 0 0 0 0 0 0 0 0 0 0 0 0 0 0 0 0 0 0 0 0 0 0 0 0 0 0 0 
2 7 8 9 12 13 14 16 17 18 19 21 23 24 25 26 28 29 30 31 33 35 36 42 51 54 63 66 76 83 85 88 92 95 97 100 104 107 110 112 121 122 124 133 134 136 145 148 149 263 0 0 0 0 0 0 0 0 0 0 0 0 0 0 0 0 0 0 0 0 0 0 0 0 
8 17 25 26 30 33 62 64 66 72 98 100 101 103 105 106 107 108 136 157 162 272 0 0 0 0 0 0 0 0 0 0 0 0 0 0 0 0 0 0 0 0 0 0 0 0 0 0 0 0 0 0 0 0 0 0 0 0 0 0 0 0 0 0 0 0 0 0 0 0 0 0 0 0 
1 2 6 7 8 11 12 13 16 21 24 26 30 31 35 37 39 42 43 45 47 49 51 53 54 55 57 59 65 67 69 71 73 74 77 78 79 80 81 84 85 86 87 89 90 91 92 93 94 96 98 99 100 101 103 105 106 108 109 110 111 112 122 124 133 145 146 148 150 151 157 160 162 273 
10 14 15 16 17 21 23 24 27 31 32 36 38 40 42 44 46 48 50 52 53 56 58 60 66 68 70 72 73 74 75 76 77 78 79 80 81 82 83 84 85 86 89 90 91 92 93 96 97 99 100 101 102 104 106 107 121 122 123 124 134 145 147 148 149 150 152 157 160 161 162 274 0 0 
1 6 8 14 19 20 21 24 25 26 28 29 30 31 33 35 36 41 54 63 66 75 82 88 95 97 100 104 107 109 111 122 124 133 134 136 157 160 161 275 0 0 0 0 0 0 0 0 0 0 0 0 0 0 0 0 0 0 0 0 0 0 0 0 0 0 0 0 0 0 0 0 0 0 
2 7 9 13 18 20 21 23 25 26 29 31 32 35 36 42 49 51 55 57 59 61 63 64 67 69 71 76 83 85 86 88 89 90 91 92 93 95 96 97 100 101 102 103 104 107 108 110 112 121 123 133 134 135 158 161 162 276 0 0 0 0 0 0 0 0 0 0 0 0 0 0 0 0 
6 13 19 21 23 24 26 29 30 35 49 51 54 55 57 59 61 63 67 69 71 85 86 89 90 91 92 93 96 97 98 100 101 102 103 104 105 107 108 121 122 123 124 133 135 146 152 157 159 161 169 171 172 282 0 0 0 0 0 0 0 0 0 0 0 0 0 0 0 0 0 0 0 0 
2 7 8 9 12 14 16 20 21 23 24 25 27 28 31 35 42 53 54 62 64 65 66 68 70 72 76 83 87 88 94 95 97 98 100 101 102 103 104 105 107 108 110 112 121 122 123 124 133 135 145 148 150 151 152 157 159 161 169 170 172 284 0 0 0 0 0 0 0 0 0 0 0 0 
1 6 8 9 11 19 20 24 27 29 31 33 35 36 37 39 43 45 47 54 61 62 63 64 67 68 69 70 71 72 73 74 76 77 78 79 80 81 83 84 88 95 99 100 106 107 109 111 122 124 133 134 135 136 146 152 157 159 161 169 170 285 0 0 0 0 0 0 0 0 0 0 0 0 
10 13 14 15 17 19 21 22 24 25 26 27 28 29 30 31 38 40 42 44 46 48 54 61 62 63 64 65 66 67 68 69 70 71 72 73 74 75 76 77 78 79 80 81 82 83 84 88 95 122 124 145 147 149 158 160 162 170 171 286 0 0 0 0 0 0 0 0 0 0 0 0 0 0 
1 2 6 7 8 9 12 14 18 20 21 24 26 27 28 29 30 31 32 41 42 53 54 61 62 63 64 65 66 67 68 69 70 71 72 75 76 82 83 87 88 94 95 109 110 111 112 121 122 123 124 145 151 157 158 159 160 161 162 171 172 287 0 0 0 0 0 0 0 0 0 0 0 0 
2 7 9 13 14 16 19 21 23 31 32 36 42 53 54 66 76 83 87 88 94 95 100 107 110 112 121 122 123 124 134 136 148 150 152 158 160 162 169 171 172 288 0 0 0 0 0 0 0 0 0 0 0 0 0 0 0 0 0 0 0 0 0 0 0 0 0 0 0 0 0 0 0 0 
