72 30
3 6
3 3 3 3 3 3 3 3 3 3 3 3 3 3 3 3 2 2 3 3 2 2 1 1 3 2 1 2 2 2 2 2 2 3 3 2 3 3 3 3 3 3 3 3 3 3 2 2 3 3 2 2 2 2 3 3 3 3 3 3 3 3 2 1 2 3 2 1 1 1 2 3 
6 6 6 6 6 6 6 6 6 6 6 6 6 6 6 6 6 6 6 6 6 6 6 6 6 6 6 6 6 6 
4	7	13	
5	8	14	
6	9	15	
1	10	16	
2	11	17	
3	12	18	
10	13	19	
11	14	20	
12	15	21	
7	16	22	
8	17	23	
9	18	24	
16	19	25	
17	20	26	
18	21	27	
13	22	28	
14	23	0	
15	24	0	
22	25	29	
23	26	30	
24	27	0	
19	28	0	
20	0	0	
21	0	0	
1	28	29	
2	30	0	
3	0	0	
4	25	0	
5	26	0	
6	27	0	
1	7	0	
2	8	0	
3	9	0	
4	10	29	
5	11	30	
6	12	0	
2	3	19	
3	4	20	
4	5	21	
5	6	22	
1	6	23	
1	2	24	
8	9	25	
9	10	26	
10	11	27	
11	12	28	
7	12	0	
7	8	0	
14	15	29	
15	16	30	
16	17	0	
17	18	0	
13	18	0	
13	14	0	
1	20	21	
2	21	22	
3	22	23	
4	23	24	
5	19	24	
6	19	20	
7	26	27	
8	27	28	
9	28	0	
10	0	0	
11	25	0	
12	25	26	
13	30	0	
14	0	0	
15	0	0	
16	0	0	
17	29	0	
18	29	30	
4	25	31	41	42	55	
5	26	32	37	42	56	
6	27	33	37	38	57	
1	28	34	38	39	58	
2	29	35	39	40	59	
3	30	36	40	41	60	
1	10	31	47	48	61	
2	11	32	43	48	62	
3	12	33	43	44	63	
4	7	34	44	45	64	
5	8	35	45	46	65	
6	9	36	46	47	66	
1	7	16	53	54	67	
2	8	17	49	54	68	
3	9	18	49	50	69	
4	10	13	50	51	70	
5	11	14	51	52	71	
6	12	15	52	53	72	
7	13	22	37	59	60	
8	14	23	38	55	60	
9	15	24	39	55	56	
10	16	19	40	56	57	
11	17	20	41	57	58	
12	18	21	42	58	59	
13	19	28	43	65	66	
14	20	29	44	61	66	
15	21	30	45	61	62	
16	22	25	46	62	63	
19	25	34	49	71	72	
20	26	35	50	67	72	
