72 42
12 20
9 5 5 5 5 7 11 11 9 8 9 12 10 9 8 8 9 10 7 8 2 2 1 1 9 9 1 2 2 2 10 5 2 3 3 2 7 11 9 8 3 3 10 10 3 3 2 2 3 3 2 2 2 2 3 3 4 3 3 3 4 4 3 2 3 4 2 2 2 2 3 4 
6 6 6 6 6 6 6 6 6 6 6 6 6 6 6 6 6 6 6 6 6 6 6 6 6 6 6 6 6 6 14 18 18 10 20 18 20 12 16 14 10 10 
4 7 13 32 33 35 36 37 42 0 0 0 
5 8 14 33 38 0 0 0 0 0 0 0 
6 9 15 34 39 0 0 0 0 0 0 0 
1 10 16 35 40 0 0 0 0 0 0 0 
2 11 17 35 40 0 0 0 0 0 0 0 
3 12 18 31 33 40 41 0 0 0 0 0 
10 13 19 31 32 35 37 38 40 41 42 0 
11 14 20 31 32 35 37 38 40 41 42 0 
12 15 21 32 35 36 38 39 42 0 0 0 
7 16 22 33 36 37 39 40 0 0 0 0 
8 17 23 31 33 36 37 39 40 0 0 0 
9 18 24 31 32 33 34 35 36 38 39 41 
16 19 25 31 32 33 34 35 37 39 0 0 
17 20 26 31 32 33 34 35 39 0 0 0 
18 21 27 32 35 36 37 38 0 0 0 0 
13 22 28 32 33 36 37 39 0 0 0 0 
14 23 31 32 33 34 36 37 39 0 0 0 
15 24 31 32 33 34 35 36 37 39 0 0 
22 25 29 35 36 40 41 0 0 0 0 0 
23 26 30 33 35 36 37 42 0 0 0 0 
24 27 0 0 0 0 0 0 0 0 0 0 
19 28 0 0 0 0 0 0 0 0 0 0 
20 0 0 0 0 0 0 0 0 0 0 0 
21 0 0 0 0 0 0 0 0 0 0 0 
1 28 29 31 36 37 39 40 41 0 0 0 
2 30 32 33 35 37 38 40 42 0 0 0 
3 0 0 0 0 0 0 0 0 0 0 0 
4 25 0 0 0 0 0 0 0 0 0 0 
5 26 0 0 0 0 0 0 0 0 0 0 
6 27 0 0 0 0 0 0 0 0 0 0 
1 7 31 32 33 34 36 37 38 39 0 0 
2 8 35 38 39 0 0 0 0 0 0 0 
3 9 0 0 0 0 0 0 0 0 0 0 
4 10 29 0 0 0 0 0 0 0 0 0 
5 11 30 0 0 0 0 0 0 0 0 0 
6 12 0 0 0 0 0 0 0 0 0 0 
2 3 19 31 33 35 41 0 0 0 0 0 
3 4 20 31 32 35 36 37 40 41 42 0 
4 5 21 32 35 36 37 38 42 0 0 0 
5 6 22 32 33 36 37 39 0 0 0 0 
1 6 23 0 0 0 0 0 0 0 0 0 
1 2 24 0 0 0 0 0 0 0 0 0 
8 9 25 32 34 35 37 38 40 41 0 0 
9 10 26 33 34 36 37 39 40 42 0 0 
10 11 27 0 0 0 0 0 0 0 0 0 
11 12 28 0 0 0 0 0 0 0 0 0 
7 12 0 0 0 0 0 0 0 0 0 0 
7 8 0 0 0 0 0 0 0 0 0 0 
14 15 29 0 0 0 0 0 0 0 0 0 
15 16 30 0 0 0 0 0 0 0 0 0 
16 17 0 0 0 0 0 0 0 0 0 0 
17 18 0 0 0 0 0 0 0 0 0 0 
13 18 0 0 0 0 0 0 0 0 0 0 
13 14 0 0 0 0 0 0 0 0 0 0 
1 20 21 0 0 0 0 0 0 0 0 0 
2 21 22 0 0 0 0 0 0 0 0 0 
3 22 23 31 0 0 0 0 0 0 0 0 
4 23 24 0 0 0 0 0 0 0 0 0 
5 19 24 0 0 0 0 0 0 0 0 0 
6 19 20 0 0 0 0 0 0 0 0 0 
7 26 27 32 0 0 0 0 0 0 0 0 
8 27 28 33 0 0 0 0 0 0 0 0 
9 28 34 0 0 0 0 0 0 0 0 0 
10 35 0 0 0 0 0 0 0 0 0 0 
11 25 36 0 0 0 0 0 0 0 0 0 
12 25 26 37 0 0 0 0 0 0 0 0 
13 30 0 0 0 0 0 0 0 0 0 0 
14 38 0 0 0 0 0 0 0 0 0 0 
15 39 0 0 0 0 0 0 0 0 0 0 
16 40 0 0 0 0 0 0 0 0 0 0 
17 29 41 0 0 0 0 0 0 0 0 0 
18 29 30 42 0 0 0 0 0 0 0 0 
4 25 31 41 42 55 0 0 0 0 0 0 0 0 0 0 0 0 0 0 
5 26 32 37 42 56 0 0 0 0 0 0 0 0 0 0 0 0 0 0 
6 27 33 37 38 57 0 0 0 0 0 0 0 0 0 0 0 0 0 0 
1 28 34 38 39 58 0 0 0 0 0 0 0 0 0 0 0 0 0 0 
2 29 35 39 40 59 0 0 0 0 0 0 0 0 0 0 0 0 0 0 
3 30 36 40 41 60 0 0 0 0 0 0 0 0 0 0 0 0 0 0 
1 10 31 47 48 61 0 0 0 0 0 0 0 0 0 0 0 0 0 0 
2 11 32 43 48 62 0 0 0 0 0 0 0 0 0 0 0 0 0 0 
3 12 33 43 44 63 0 0 0 0 0 0 0 0 0 0 0 0 0 0 
4 7 34 44 45 64 0 0 0 0 0 0 0 0 0 0 0 0 0 0 
5 8 35 45 46 65 0 0 0 0 0 0 0 0 0 0 0 0 0 0 
6 9 36 46 47 66 0 0 0 0 0 0 0 0 0 0 0 0 0 0 
1 7 16 53 54 67 0 0 0 0 0 0 0 0 0 0 0 0 0 0 
2 8 17 49 54 68 0 0 0 0 0 0 0 0 0 0 0 0 0 0 
3 9 18 49 50 69 0 0 0 0 0 0 0 0 0 0 0 0 0 0 
4 10 13 50 51 70 0 0 0 0 0 0 0 0 0 0 0 0 0 0 
5 11 14 51 52 71 0 0 0 0 0 0 0 0 0 0 0 0 0 0 
6 12 15 52 53 72 0 0 0 0 0 0 0 0 0 0 0 0 0 0 
7 13 22 37 59 60 0 0 0 0 0 0 0 0 0 0 0 0 0 0 
8 14 23 38 55 60 0 0 0 0 0 0 0 0 0 0 0 0 0 0 
9 15 24 39 55 56 0 0 0 0 0 0 0 0 0 0 0 0 0 0 
10 16 19 40 56 57 0 0 0 0 0 0 0 0 0 0 0 0 0 0 
11 17 20 41 57 58 0 0 0 0 0 0 0 0 0 0 0 0 0 0 
12 18 21 42 58 59 0 0 0 0 0 0 0 0 0 0 0 0 0 0 
13 19 28 43 65 66 0 0 0 0 0 0 0 0 0 0 0 0 0 0 
14 20 29 44 61 66 0 0 0 0 0 0 0 0 0 0 0 0 0 0 
15 21 30 45 61 62 0 0 0 0 0 0 0 0 0 0 0 0 0 0 
16 22 25 46 62 63 0 0 0 0 0 0 0 0 0 0 0 0 0 0 
19 25 34 49 71 72 0 0 0 0 0 0 0 0 0 0 0 0 0 0 
20 26 35 50 67 72 0 0 0 0 0 0 0 0 0 0 0 0 0 0 
6 7 8 11 12 13 14 17 18 25 31 37 38 57 0 0 0 0 0 0 
1 7 8 9 12 13 14 15 16 17 18 26 31 38 39 40 43 61 0 0 
1 2 6 10 11 12 13 14 16 17 18 20 26 31 37 40 44 62 0 0 
3 12 13 14 17 18 31 43 44 63 0 0 0 0 0 0 0 0 0 0 
1 4 5 7 8 9 12 13 14 15 18 19 20 26 32 37 38 39 43 64 
1 9 10 11 12 15 16 17 18 19 20 25 31 38 39 40 44 65 0 0 
1 7 8 10 11 13 15 16 17 18 20 25 26 31 38 39 40 43 44 66 
2 7 8 9 12 15 26 31 32 39 43 68 0 0 0 0 0 0 0 0 
3 9 10 11 12 13 14 16 17 18 25 31 32 40 44 69 0 0 0 0 
4 5 6 7 8 10 11 19 25 26 38 43 44 70 0 0 0 0 0 0 
6 7 8 12 19 25 37 38 43 71 0 0 0 0 0 0 0 0 0 0 
1 7 8 9 20 26 38 39 44 72 0 0 0 0 0 0 0 0 0 0 
