72 42
11 20
3 3 3 3 3 3 3 3 3 3 2 2 3 3 2 2 2 2 3 3 9 10 7 8 1 2 5 5 5 9 1 2 4 6 8 9 3 3 2 2 6 2 3 3 5 7 4 3 9 10 11 10 9 10 7 4 4 7 10 5 4 3 3 4 4 4 7 3 3 4 3 2 
6 6 6 6 6 6 6 6 6 6 6 6 6 6 6 6 6 6 6 6 6 6 6 6 6 6 6 6 6 6 8 8 20 20 18 12 14 10 6 12 6 14 
5 6 19 0 0 0 0 0 0 0 0 
1 6 20 0 0 0 0 0 0 0 0 
1 2 21 0 0 0 0 0 0 0 0 
2 3 22 0 0 0 0 0 0 0 0 
3 4 23 0 0 0 0 0 0 0 0 
4 5 24 0 0 0 0 0 0 0 0 
11 12 25 0 0 0 0 0 0 0 0 
7 12 26 0 0 0 0 0 0 0 0 
7 8 27 0 0 0 0 0 0 0 0 
8 9 28 0 0 0 0 0 0 0 0 
9 10 0 0 0 0 0 0 0 0 0 
10 11 0 0 0 0 0 0 0 0 0 
17 18 29 0 0 0 0 0 0 0 0 
13 18 30 0 0 0 0 0 0 0 0 
13 14 0 0 0 0 0 0 0 0 0 
14 15 0 0 0 0 0 0 0 0 0 
15 16 0 0 0 0 0 0 0 0 0 
16 17 0 0 0 0 0 0 0 0 0 
1 23 24 0 0 0 0 0 0 0 0 
2 19 24 0 0 0 0 0 0 0 0 
3 19 20 31 32 36 38 40 42 0 0 
4 20 21 33 34 35 36 38 40 42 0 
5 21 22 32 33 34 35 0 0 0 0 
6 22 23 31 33 34 35 36 0 0 0 
7 0 0 0 0 0 0 0 0 0 0 
8 25 0 0 0 0 0 0 0 0 0 
9 25 26 31 34 0 0 0 0 0 0 
10 26 27 36 37 0 0 0 0 0 0 
11 27 28 32 37 0 0 0 0 0 0 
12 28 31 34 36 37 38 40 42 0 0 
13 0 0 0 0 0 0 0 0 0 0 
14 29 0 0 0 0 0 0 0 0 0 
15 29 30 34 0 0 0 0 0 0 0 
16 30 33 34 35 37 0 0 0 0 0 
17 33 34 35 37 38 40 42 0 0 0 
18 32 33 35 36 37 38 40 42 0 0 
4 25 29 0 0 0 0 0 0 0 0 
5 26 30 0 0 0 0 0 0 0 0 
6 27 0 0 0 0 0 0 0 0 0 
1 28 0 0 0 0 0 0 0 0 0 
2 31 33 34 35 36 0 0 0 0 0 
3 31 0 0 0 0 0 0 0 0 0 
1 10 29 0 0 0 0 0 0 0 0 
2 11 30 0 0 0 0 0 0 0 0 
3 12 33 34 37 0 0 0 0 0 0 
4 7 35 36 38 40 42 0 0 0 0 
5 8 32 33 0 0 0 0 0 0 0 
6 9 33 0 0 0 0 0 0 0 0 
1 7 16 33 34 35 37 41 42 0 0 
2 8 17 33 34 35 37 39 41 42 0 
3 9 18 33 34 35 37 39 40 41 42 
4 10 13 33 34 35 37 39 40 42 0 
5 11 14 33 34 35 37 39 40 0 0 
6 12 15 33 34 35 37 38 41 42 0 
7 13 22 33 34 35 36 0 0 0 0 
8 14 23 31 0 0 0 0 0 0 0 
9 15 24 31 0 0 0 0 0 0 0 
10 16 19 33 34 35 36 0 0 0 0 
11 17 20 32 33 34 35 38 40 42 0 
12 18 21 32 36 0 0 0 0 0 0 
13 19 28 32 0 0 0 0 0 0 0 
14 20 33 0 0 0 0 0 0 0 0 
15 21 34 0 0 0 0 0 0 0 0 
16 22 25 35 0 0 0 0 0 0 0 
17 23 26 36 0 0 0 0 0 0 0 
18 24 27 37 0 0 0 0 0 0 0 
19 25 38 39 40 41 42 0 0 0 0 
20 26 38 0 0 0 0 0 0 0 0 
21 27 39 0 0 0 0 0 0 0 0 
22 28 29 40 0 0 0 0 0 0 0 
23 30 41 0 0 0 0 0 0 0 0 
24 42 0 0 0 0 0 0 0 0 0 
2 3 19 40 43 49 0 0 0 0 0 0 0 0 0 0 0 0 0 0 
3 4 20 41 44 50 0 0 0 0 0 0 0 0 0 0 0 0 0 0 
4 5 21 42 45 51 0 0 0 0 0 0 0 0 0 0 0 0 0 0 
5 6 22 37 46 52 0 0 0 0 0 0 0 0 0 0 0 0 0 0 
1 6 23 38 47 53 0 0 0 0 0 0 0 0 0 0 0 0 0 0 
1 2 24 39 48 54 0 0 0 0 0 0 0 0 0 0 0 0 0 0 
8 9 25 46 49 55 0 0 0 0 0 0 0 0 0 0 0 0 0 0 
9 10 26 47 50 56 0 0 0 0 0 0 0 0 0 0 0 0 0 0 
10 11 27 48 51 57 0 0 0 0 0 0 0 0 0 0 0 0 0 0 
11 12 28 43 52 58 0 0 0 0 0 0 0 0 0 0 0 0 0 0 
7 12 29 44 53 59 0 0 0 0 0 0 0 0 0 0 0 0 0 0 
7 8 30 45 54 60 0 0 0 0 0 0 0 0 0 0 0 0 0 0 
14 15 31 52 55 61 0 0 0 0 0 0 0 0 0 0 0 0 0 0 
15 16 32 53 56 62 0 0 0 0 0 0 0 0 0 0 0 0 0 0 
16 17 33 54 57 63 0 0 0 0 0 0 0 0 0 0 0 0 0 0 
17 18 34 49 58 64 0 0 0 0 0 0 0 0 0 0 0 0 0 0 
13 18 35 50 59 65 0 0 0 0 0 0 0 0 0 0 0 0 0 0 
13 14 36 51 60 66 0 0 0 0 0 0 0 0 0 0 0 0 0 0 
1 20 21 58 61 67 0 0 0 0 0 0 0 0 0 0 0 0 0 0 
2 21 22 59 62 68 0 0 0 0 0 0 0 0 0 0 0 0 0 0 
3 22 23 60 63 69 0 0 0 0 0 0 0 0 0 0 0 0 0 0 
4 23 24 55 64 70 0 0 0 0 0 0 0 0 0 0 0 0 0 0 
5 19 24 56 65 71 0 0 0 0 0 0 0 0 0 0 0 0 0 0 
6 19 20 57 66 72 0 0 0 0 0 0 0 0 0 0 0 0 0 0 
7 26 27 37 64 67 0 0 0 0 0 0 0 0 0 0 0 0 0 0 
8 27 28 38 65 68 0 0 0 0 0 0 0 0 0 0 0 0 0 0 
9 28 29 39 66 69 0 0 0 0 0 0 0 0 0 0 0 0 0 0 
10 29 30 40 61 70 0 0 0 0 0 0 0 0 0 0 0 0 0 0 
13 32 33 37 43 70 0 0 0 0 0 0 0 0 0 0 0 0 0 0 
14 33 34 38 44 71 0 0 0 0 0 0 0 0 0 0 0 0 0 0 
21 24 27 30 41 42 56 57 0 0 0 0 0 0 0 0 0 0 0 0 
21 23 29 36 47 59 60 61 0 0 0 0 0 0 0 0 0 0 0 0 
22 23 24 34 35 36 41 45 47 48 49 50 51 52 53 54 55 58 59 62 
22 23 24 27 30 33 34 35 41 45 49 50 51 52 53 54 55 58 59 63 
22 23 24 34 35 36 41 46 49 50 51 52 53 54 55 58 59 64 0 0 
21 22 24 28 30 36 41 46 55 58 60 65 0 0 0 0 0 0 0 0 
28 29 30 34 35 36 45 49 50 51 52 53 54 66 0 0 0 0 0 0 
21 22 30 35 36 46 54 59 67 68 0 0 0 0 0 0 0 0 0 0 
50 51 52 53 67 69 0 0 0 0 0 0 0 0 0 0 0 0 0 0 
21 22 30 35 36 46 51 52 53 59 67 70 0 0 0 0 0 0 0 0 
49 50 51 54 67 71 0 0 0 0 0 0 0 0 0 0 0 0 0 0 
21 22 30 35 36 46 49 50 51 52 54 59 67 72 0 0 0 0 0 0 
