72 30
3 6
3 3 3 3 3 3 3 3 3 3 2 2 3 3 2 2 2 2 3 3 3 3 3 3 1 2 3 3 3 2 1 2 3 2 1 1 3 3 2 2 1 1 3 3 2 2 2 2 3 3 3 3 3 3 3 3 3 3 3 3 3 2 2 3 3 3 2 2 2 3 2 1 
6 6 6 6 6 6 6 6 6 6 6 6 6 6 6 6 6 6 6 6 6 6 6 6 6 6 6 6 6 6 
5	6	19	
1	6	20	
1	2	21	
2	3	22	
3	4	23	
4	5	24	
11	12	25	
7	12	26	
7	8	27	
8	9	28	
9	10	0	
10	11	0	
17	18	29	
13	18	30	
13	14	0	
14	15	0	
15	16	0	
16	17	0	
1	23	24	
2	19	24	
3	19	20	
4	20	21	
5	21	22	
6	22	23	
7	0	0	
8	25	0	
9	25	26	
10	26	27	
11	27	28	
12	28	0	
13	0	0	
14	29	0	
15	29	30	
16	30	0	
17	0	0	
18	0	0	
4	25	29	
5	26	30	
6	27	0	
1	28	0	
2	0	0	
3	0	0	
1	10	29	
2	11	30	
3	12	0	
4	7	0	
5	8	0	
6	9	0	
1	7	16	
2	8	17	
3	9	18	
4	10	13	
5	11	14	
6	12	15	
7	13	22	
8	14	23	
9	15	24	
10	16	19	
11	17	20	
12	18	21	
13	19	28	
14	20	0	
15	21	0	
16	22	25	
17	23	26	
18	24	27	
19	25	0	
20	26	0	
21	27	0	
22	28	29	
23	30	0	
24	0	0	
2	3	19	40	43	49	
3	4	20	41	44	50	
4	5	21	42	45	51	
5	6	22	37	46	52	
1	6	23	38	47	53	
1	2	24	39	48	54	
8	9	25	46	49	55	
9	10	26	47	50	56	
10	11	27	48	51	57	
11	12	28	43	52	58	
7	12	29	44	53	59	
7	8	30	45	54	60	
14	15	31	52	55	61	
15	16	32	53	56	62	
16	17	33	54	57	63	
17	18	34	49	58	64	
13	18	35	50	59	65	
13	14	36	51	60	66	
1	20	21	58	61	67	
2	21	22	59	62	68	
3	22	23	60	63	69	
4	23	24	55	64	70	
5	19	24	56	65	71	
6	19	20	57	66	72	
7	26	27	37	64	67	
8	27	28	38	65	68	
9	28	29	39	66	69	
10	29	30	40	61	70	
13	32	33	37	43	70	
14	33	34	38	44	71	
