90 49
10 24
7 8 8 8 8 7 8 8 8 4 3 4 7 7 7 7 6 6 4 5 5 8 8 3 3 7 7 8 7 8 6 6 5 7 4 4 4 2 2 3 2 2 6 2 2 8 10 3 3 3 3 3 3 3 3 3 3 3 2 2 3 2 2 3 3 3 3 3 3 3 3 3 3 3 3 3 3 4 3 3 3 4 4 4 1 3 3 1 3 3 
6 6 6 6 6 6 6 6 6 6 6 6 6 6 6 6 6 6 6 6 6 6 6 6 6 6 6 6 6 6 6 6 6 6 6 6 6 6 6 6 6 24 22 24 24 12 14 16 12 
1 7 22 44 45 48 49 0 0 0 
2 8 23 42 43 45 46 49 0 0 
3 9 24 42 43 44 47 48 0 0 
4 10 25 42 44 45 48 49 0 0 
5 11 26 42 43 45 48 49 0 0 
6 12 27 43 44 48 49 0 0 0 
7 13 28 42 43 45 47 48 0 0 
8 14 29 42 43 46 47 48 0 0 
9 15 30 42 43 44 45 48 0 0 
10 16 31 42 0 0 0 0 0 0 
11 17 32 0 0 0 0 0 0 0 
12 18 33 42 0 0 0 0 0 0 
13 19 34 42 43 44 45 0 0 0 
14 20 35 42 43 44 45 0 0 0 
15 21 36 42 43 44 45 0 0 0 
16 22 37 44 45 46 47 0 0 0 
17 23 38 44 46 47 0 0 0 0 
18 24 39 45 46 47 0 0 0 0 
19 25 40 43 0 0 0 0 0 0 
20 26 42 44 48 0 0 0 0 0 
21 27 42 45 49 0 0 0 0 0 
22 28 41 42 43 45 47 49 0 0 
23 29 42 44 45 47 48 49 0 0 
24 30 47 0 0 0 0 0 0 0 
1 25 31 0 0 0 0 0 0 0 
2 26 32 43 44 45 48 0 0 0 
3 27 33 43 44 45 49 0 0 0 
4 28 34 42 43 44 46 48 0 0 
5 29 35 43 44 46 48 0 0 0 
6 30 36 42 43 44 46 48 0 0 
7 31 37 42 44 45 0 0 0 0 
8 32 38 42 43 45 0 0 0 0 
9 33 39 43 44 0 0 0 0 0 
10 34 40 44 45 46 47 0 0 0 
11 35 44 47 0 0 0 0 0 0 
12 36 45 46 0 0 0 0 0 0 
13 37 41 42 0 0 0 0 0 0 
14 38 0 0 0 0 0 0 0 0 
15 39 0 0 0 0 0 0 0 0 
1 16 40 0 0 0 0 0 0 0 
2 17 0 0 0 0 0 0 0 0 
3 18 0 0 0 0 0 0 0 0 
4 19 41 43 44 45 0 0 0 0 
5 20 0 0 0 0 0 0 0 0 
6 21 0 0 0 0 0 0 0 0 
2 3 28 42 43 45 47 49 0 0 
1 3 29 42 44 45 46 47 48 49 
1 2 30 0 0 0 0 0 0 0 
5 6 31 0 0 0 0 0 0 0 
4 6 32 0 0 0 0 0 0 0 
4 5 33 0 0 0 0 0 0 0 
8 9 34 0 0 0 0 0 0 0 
7 9 35 0 0 0 0 0 0 0 
7 8 36 0 0 0 0 0 0 0 
11 12 37 0 0 0 0 0 0 0 
10 12 38 0 0 0 0 0 0 0 
10 11 39 0 0 0 0 0 0 0 
14 15 40 0 0 0 0 0 0 0 
13 15 0 0 0 0 0 0 0 0 
13 14 0 0 0 0 0 0 0 0 
17 18 41 0 0 0 0 0 0 0 
16 18 0 0 0 0 0 0 0 0 
16 17 0 0 0 0 0 0 0 0 
1 20 21 0 0 0 0 0 0 0 
2 19 21 0 0 0 0 0 0 0 
3 19 20 0 0 0 0 0 0 0 
4 23 24 0 0 0 0 0 0 0 
5 22 24 0 0 0 0 0 0 0 
6 22 23 0 0 0 0 0 0 0 
7 26 27 0 0 0 0 0 0 0 
8 25 27 0 0 0 0 0 0 0 
9 25 26 0 0 0 0 0 0 0 
10 29 30 0 0 0 0 0 0 0 
11 28 30 0 0 0 0 0 0 0 
12 28 29 0 0 0 0 0 0 0 
13 32 33 0 0 0 0 0 0 0 
14 31 33 0 0 0 0 0 0 0 
15 31 32 42 0 0 0 0 0 0 
16 35 36 0 0 0 0 0 0 0 
17 34 36 0 0 0 0 0 0 0 
18 34 35 0 0 0 0 0 0 0 
19 38 39 43 0 0 0 0 0 0 
20 37 39 44 0 0 0 0 0 0 
21 37 38 45 0 0 0 0 0 0 
22 0 0 0 0 0 0 0 0 0 
23 40 46 0 0 0 0 0 0 0 
24 40 47 0 0 0 0 0 0 0 
25 0 0 0 0 0 0 0 0 0 
26 41 48 0 0 0 0 0 0 0 
27 41 49 0 0 0 0 0 0 0 
1 25 40 47 48 64 0 0 0 0 0 0 0 0 0 0 0 0 0 0 0 0 0 0 
2 26 41 46 48 65 0 0 0 0 0 0 0 0 0 0 0 0 0 0 0 0 0 0 
3 27 42 46 47 66 0 0 0 0 0 0 0 0 0 0 0 0 0 0 0 0 0 0 
4 28 43 50 51 67 0 0 0 0 0 0 0 0 0 0 0 0 0 0 0 0 0 0 
5 29 44 49 51 68 0 0 0 0 0 0 0 0 0 0 0 0 0 0 0 0 0 0 
6 30 45 49 50 69 0 0 0 0 0 0 0 0 0 0 0 0 0 0 0 0 0 0 
1 7 31 53 54 70 0 0 0 0 0 0 0 0 0 0 0 0 0 0 0 0 0 0 
2 8 32 52 54 71 0 0 0 0 0 0 0 0 0 0 0 0 0 0 0 0 0 0 
3 9 33 52 53 72 0 0 0 0 0 0 0 0 0 0 0 0 0 0 0 0 0 0 
4 10 34 56 57 73 0 0 0 0 0 0 0 0 0 0 0 0 0 0 0 0 0 0 
5 11 35 55 57 74 0 0 0 0 0 0 0 0 0 0 0 0 0 0 0 0 0 0 
6 12 36 55 56 75 0 0 0 0 0 0 0 0 0 0 0 0 0 0 0 0 0 0 
7 13 37 59 60 76 0 0 0 0 0 0 0 0 0 0 0 0 0 0 0 0 0 0 
8 14 38 58 60 77 0 0 0 0 0 0 0 0 0 0 0 0 0 0 0 0 0 0 
9 15 39 58 59 78 0 0 0 0 0 0 0 0 0 0 0 0 0 0 0 0 0 0 
10 16 40 62 63 79 0 0 0 0 0 0 0 0 0 0 0 0 0 0 0 0 0 0 
11 17 41 61 63 80 0 0 0 0 0 0 0 0 0 0 0 0 0 0 0 0 0 0 
12 18 42 61 62 81 0 0 0 0 0 0 0 0 0 0 0 0 0 0 0 0 0 0 
13 19 43 65 66 82 0 0 0 0 0 0 0 0 0 0 0 0 0 0 0 0 0 0 
14 20 44 64 66 83 0 0 0 0 0 0 0 0 0 0 0 0 0 0 0 0 0 0 
15 21 45 64 65 84 0 0 0 0 0 0 0 0 0 0 0 0 0 0 0 0 0 0 
1 16 22 68 69 85 0 0 0 0 0 0 0 0 0 0 0 0 0 0 0 0 0 0 
2 17 23 67 69 86 0 0 0 0 0 0 0 0 0 0 0 0 0 0 0 0 0 0 
3 18 24 67 68 87 0 0 0 0 0 0 0 0 0 0 0 0 0 0 0 0 0 0 
4 19 25 71 72 88 0 0 0 0 0 0 0 0 0 0 0 0 0 0 0 0 0 0 
5 20 26 70 72 89 0 0 0 0 0 0 0 0 0 0 0 0 0 0 0 0 0 0 
6 21 27 70 71 90 0 0 0 0 0 0 0 0 0 0 0 0 0 0 0 0 0 0 
7 22 28 46 74 75 0 0 0 0 0 0 0 0 0 0 0 0 0 0 0 0 0 0 
8 23 29 47 73 75 0 0 0 0 0 0 0 0 0 0 0 0 0 0 0 0 0 0 
9 24 30 48 73 74 0 0 0 0 0 0 0 0 0 0 0 0 0 0 0 0 0 0 
10 25 31 49 77 78 0 0 0 0 0 0 0 0 0 0 0 0 0 0 0 0 0 0 
11 26 32 50 76 78 0 0 0 0 0 0 0 0 0 0 0 0 0 0 0 0 0 0 
12 27 33 51 76 77 0 0 0 0 0 0 0 0 0 0 0 0 0 0 0 0 0 0 
13 28 34 52 80 81 0 0 0 0 0 0 0 0 0 0 0 0 0 0 0 0 0 0 
14 29 35 53 79 81 0 0 0 0 0 0 0 0 0 0 0 0 0 0 0 0 0 0 
15 30 36 54 79 80 0 0 0 0 0 0 0 0 0 0 0 0 0 0 0 0 0 0 
16 31 37 55 83 84 0 0 0 0 0 0 0 0 0 0 0 0 0 0 0 0 0 0 
17 32 38 56 82 84 0 0 0 0 0 0 0 0 0 0 0 0 0 0 0 0 0 0 
18 33 39 57 82 83 0 0 0 0 0 0 0 0 0 0 0 0 0 0 0 0 0 0 
19 34 40 58 86 87 0 0 0 0 0 0 0 0 0 0 0 0 0 0 0 0 0 0 
22 37 43 61 89 90 0 0 0 0 0 0 0 0 0 0 0 0 0 0 0 0 0 0 
2 3 4 5 7 8 9 10 12 13 14 15 20 21 22 23 28 30 31 32 37 46 47 78 
2 3 5 6 7 8 9 13 14 15 19 22 26 27 28 29 30 32 33 43 46 82 0 0 
1 3 4 6 9 13 14 15 16 17 20 23 26 27 28 29 30 31 33 34 35 43 47 83 
1 2 4 5 7 9 13 14 15 16 18 21 22 23 26 27 31 32 34 36 43 46 47 84 
2 8 16 17 18 28 29 30 34 36 47 86 0 0 0 0 0 0 0 0 0 0 0 0 
3 7 8 16 17 18 22 23 24 34 35 46 47 87 0 0 0 0 0 0 0 0 0 0 
1 3 4 5 6 7 8 9 20 23 26 28 29 30 47 89 0 0 0 0 0 0 0 0 
1 2 4 5 6 21 22 23 27 46 47 90 0 0 0 0 0 0 0 0 0 0 0 0 
