90 41
3 6
3 3 3 3 3 3 3 3 3 3 3 3 3 3 3 3 3 3 3 3 3 3 2 2 3 2 2 3 3 3 3 3 3 3 3 3 3 3 3 1 2 2 1 2 2 3 2 2 3 2 2 3 3 3 3 3 3 3 3 3 3 2 2 3 2 2 3 3 3 3 3 3 3 3 3 3 3 3 3 3 3 3 3 3 3 2 2 3 2 2 
6 6 6 6 6 6 6 6 6 6 6 6 6 6 6 6 6 6 6 6 6 6 6 6 6 6 6 6 6 6 6 6 6 6 6 6 6 6 6 6 6 
2	3	19	
1	3	20	
1	2	21	
5	6	22	
4	6	23	
4	5	24	
8	9	25	
7	9	26	
7	8	27	
11	12	28	
10	12	29	
10	11	30	
14	15	31	
13	15	32	
13	14	33	
17	18	34	
16	18	35	
16	17	36	
20	21	37	
19	21	38	
19	20	39	
23	24	40	
22	24	0	
22	23	0	
26	27	41	
25	27	0	
25	26	0	
1	29	30	
2	28	30	
3	28	29	
4	32	33	
5	31	33	
6	31	32	
7	35	36	
8	34	36	
9	34	35	
10	38	39	
11	37	39	
12	37	38	
13	0	0	
14	40	0	
15	40	0	
16	0	0	
17	41	0	
18	41	0	
1	25	40	
2	26	0	
3	27	0	
4	28	41	
5	29	0	
6	30	0	
1	7	31	
2	8	32	
3	9	33	
4	10	34	
5	11	35	
6	12	36	
7	13	37	
8	14	38	
9	15	39	
10	16	40	
11	17	0	
12	18	0	
13	19	41	
14	20	0	
15	21	0	
1	16	22	
2	17	23	
3	18	24	
4	19	25	
5	20	26	
6	21	27	
7	22	28	
8	23	29	
9	24	30	
10	25	31	
11	26	32	
12	27	33	
13	28	34	
14	29	35	
15	30	36	
16	31	37	
17	32	38	
18	33	39	
19	34	40	
20	35	0	
21	36	0	
22	37	41	
23	38	0	
24	39	0	
2	3	28	46	52	67	
1	3	29	47	53	68	
1	2	30	48	54	69	
5	6	31	49	55	70	
4	6	32	50	56	71	
4	5	33	51	57	72	
8	9	34	52	58	73	
7	9	35	53	59	74	
7	8	36	54	60	75	
11	12	37	55	61	76	
10	12	38	56	62	77	
10	11	39	57	63	78	
14	15	40	58	64	79	
13	15	41	59	65	80	
13	14	42	60	66	81	
17	18	43	61	67	82	
16	18	44	62	68	83	
16	17	45	63	69	84	
1	20	21	64	70	85	
2	19	21	65	71	86	
3	19	20	66	72	87	
4	23	24	67	73	88	
5	22	24	68	74	89	
6	22	23	69	75	90	
7	26	27	46	70	76	
8	25	27	47	71	77	
9	25	26	48	72	78	
10	29	30	49	73	79	
11	28	30	50	74	80	
12	28	29	51	75	81	
13	32	33	52	76	82	
14	31	33	53	77	83	
15	31	32	54	78	84	
16	35	36	55	79	85	
17	34	36	56	80	86	
18	34	35	57	81	87	
19	38	39	58	82	88	
20	37	39	59	83	89	
21	37	38	60	84	90	
22	41	42	46	61	85	
25	44	45	49	64	88	
