90 49
9 20
3 3 3 3 3 3 3 3 3 3 3 3 3 3 3 3 3 3 3 3 3 3 2 2 3 2 2 3 3 3 3 3 3 3 3 3 3 5 5 1 6 5 1 6 5 3 2 2 8 6 5 5 4 4 5 5 5 5 8 5 5 7 6 3 6 5 8 7 7 5 4 4 3 3 3 6 9 4 6 5 5 4 4 4 5 3 3 5 3 3 
6 6 6 6 6 6 6 6 6 6 6 6 6 6 6 6 6 6 6 6 6 6 6 6 6 6 6 6 6 6 6 6 6 6 6 6 6 6 6 6 6 14 18 12 20 10 18 10 10 
2 3 19 0 0 0 0 0 0 
1 3 20 0 0 0 0 0 0 
1 2 21 0 0 0 0 0 0 
5 6 22 0 0 0 0 0 0 
4 6 23 0 0 0 0 0 0 
4 5 24 0 0 0 0 0 0 
8 9 25 0 0 0 0 0 0 
7 9 26 0 0 0 0 0 0 
7 8 27 0 0 0 0 0 0 
11 12 28 0 0 0 0 0 0 
10 12 29 0 0 0 0 0 0 
10 11 30 0 0 0 0 0 0 
14 15 31 0 0 0 0 0 0 
13 15 32 0 0 0 0 0 0 
13 14 33 0 0 0 0 0 0 
17 18 34 0 0 0 0 0 0 
16 18 35 0 0 0 0 0 0 
16 17 36 0 0 0 0 0 0 
20 21 37 0 0 0 0 0 0 
19 21 38 0 0 0 0 0 0 
19 20 39 0 0 0 0 0 0 
23 24 40 0 0 0 0 0 0 
22 24 0 0 0 0 0 0 0 
22 23 0 0 0 0 0 0 0 
26 27 41 0 0 0 0 0 0 
25 27 0 0 0 0 0 0 0 
25 26 0 0 0 0 0 0 0 
1 29 30 0 0 0 0 0 0 
2 28 30 0 0 0 0 0 0 
3 28 29 0 0 0 0 0 0 
4 32 33 0 0 0 0 0 0 
5 31 33 0 0 0 0 0 0 
6 31 32 0 0 0 0 0 0 
7 35 36 0 0 0 0 0 0 
8 34 36 0 0 0 0 0 0 
9 34 35 0 0 0 0 0 0 
10 38 39 0 0 0 0 0 0 
11 37 39 43 44 0 0 0 0 
12 37 38 43 45 0 0 0 0 
13 0 0 0 0 0 0 0 0 
14 40 42 43 45 47 0 0 0 
15 40 42 45 47 0 0 0 0 
16 0 0 0 0 0 0 0 0 
17 41 42 44 45 47 0 0 0 
18 41 42 43 47 0 0 0 0 
1 25 40 0 0 0 0 0 0 
2 26 0 0 0 0 0 0 0 
3 27 0 0 0 0 0 0 0 
4 28 41 43 44 45 46 47 0 
5 29 42 43 46 47 0 0 0 
6 30 42 44 45 0 0 0 0 
1 7 31 48 49 0 0 0 0 
2 8 32 48 0 0 0 0 0 
3 9 33 49 0 0 0 0 0 
4 10 34 44 45 0 0 0 0 
5 11 35 44 45 0 0 0 0 
6 12 36 44 45 0 0 0 0 
7 13 37 46 47 0 0 0 0 
8 14 38 42 43 45 46 47 0 
9 15 39 42 45 0 0 0 0 
10 16 40 48 49 0 0 0 0 
11 17 42 43 45 47 48 0 0 
12 18 42 45 47 49 0 0 0 
13 19 41 0 0 0 0 0 0 
14 20 42 43 45 47 0 0 0 
15 21 42 45 47 0 0 0 0 
1 16 22 43 44 45 46 47 0 
2 17 23 43 44 45 46 0 0 
3 18 24 43 44 45 47 0 0 
4 19 25 48 49 0 0 0 0 
5 20 26 48 0 0 0 0 0 
6 21 27 49 0 0 0 0 0 
7 22 28 0 0 0 0 0 0 
8 23 29 0 0 0 0 0 0 
9 24 30 0 0 0 0 0 0 
10 25 31 43 46 47 0 0 0 
11 26 32 42 43 44 45 46 47 
12 27 33 42 0 0 0 0 0 
13 28 34 43 48 49 0 0 0 
14 29 35 43 48 0 0 0 0 
15 30 36 43 49 0 0 0 0 
16 31 37 43 0 0 0 0 0 
17 32 38 44 0 0 0 0 0 
18 33 39 45 0 0 0 0 0 
19 34 40 46 47 0 0 0 0 
20 35 46 0 0 0 0 0 0 
21 36 47 0 0 0 0 0 0 
22 37 41 48 49 0 0 0 0 
23 38 48 0 0 0 0 0 0 
24 39 49 0 0 0 0 0 0 
2 3 28 46 52 67 0 0 0 0 0 0 0 0 0 0 0 0 0 0 
1 3 29 47 53 68 0 0 0 0 0 0 0 0 0 0 0 0 0 0 
1 2 30 48 54 69 0 0 0 0 0 0 0 0 0 0 0 0 0 0 
5 6 31 49 55 70 0 0 0 0 0 0 0 0 0 0 0 0 0 0 
4 6 32 50 56 71 0 0 0 0 0 0 0 0 0 0 0 0 0 0 
4 5 33 51 57 72 0 0 0 0 0 0 0 0 0 0 0 0 0 0 
8 9 34 52 58 73 0 0 0 0 0 0 0 0 0 0 0 0 0 0 
7 9 35 53 59 74 0 0 0 0 0 0 0 0 0 0 0 0 0 0 
7 8 36 54 60 75 0 0 0 0 0 0 0 0 0 0 0 0 0 0 
11 12 37 55 61 76 0 0 0 0 0 0 0 0 0 0 0 0 0 0 
10 12 38 56 62 77 0 0 0 0 0 0 0 0 0 0 0 0 0 0 
10 11 39 57 63 78 0 0 0 0 0 0 0 0 0 0 0 0 0 0 
14 15 40 58 64 79 0 0 0 0 0 0 0 0 0 0 0 0 0 0 
13 15 41 59 65 80 0 0 0 0 0 0 0 0 0 0 0 0 0 0 
13 14 42 60 66 81 0 0 0 0 0 0 0 0 0 0 0 0 0 0 
17 18 43 61 67 82 0 0 0 0 0 0 0 0 0 0 0 0 0 0 
16 18 44 62 68 83 0 0 0 0 0 0 0 0 0 0 0 0 0 0 
16 17 45 63 69 84 0 0 0 0 0 0 0 0 0 0 0 0 0 0 
1 20 21 64 70 85 0 0 0 0 0 0 0 0 0 0 0 0 0 0 
2 19 21 65 71 86 0 0 0 0 0 0 0 0 0 0 0 0 0 0 
3 19 20 66 72 87 0 0 0 0 0 0 0 0 0 0 0 0 0 0 
4 23 24 67 73 88 0 0 0 0 0 0 0 0 0 0 0 0 0 0 
5 22 24 68 74 89 0 0 0 0 0 0 0 0 0 0 0 0 0 0 
6 22 23 69 75 90 0 0 0 0 0 0 0 0 0 0 0 0 0 0 
7 26 27 46 70 76 0 0 0 0 0 0 0 0 0 0 0 0 0 0 
8 25 27 47 71 77 0 0 0 0 0 0 0 0 0 0 0 0 0 0 
9 25 26 48 72 78 0 0 0 0 0 0 0 0 0 0 0 0 0 0 
10 29 30 49 73 79 0 0 0 0 0 0 0 0 0 0 0 0 0 0 
11 28 30 50 74 80 0 0 0 0 0 0 0 0 0 0 0 0 0 0 
12 28 29 51 75 81 0 0 0 0 0 0 0 0 0 0 0 0 0 0 
13 32 33 52 76 82 0 0 0 0 0 0 0 0 0 0 0 0 0 0 
14 31 33 53 77 83 0 0 0 0 0 0 0 0 0 0 0 0 0 0 
15 31 32 54 78 84 0 0 0 0 0 0 0 0 0 0 0 0 0 0 
16 35 36 55 79 85 0 0 0 0 0 0 0 0 0 0 0 0 0 0 
17 34 36 56 80 86 0 0 0 0 0 0 0 0 0 0 0 0 0 0 
18 34 35 57 81 87 0 0 0 0 0 0 0 0 0 0 0 0 0 0 
19 38 39 58 82 88 0 0 0 0 0 0 0 0 0 0 0 0 0 0 
20 37 39 59 83 89 0 0 0 0 0 0 0 0 0 0 0 0 0 0 
21 37 38 60 84 90 0 0 0 0 0 0 0 0 0 0 0 0 0 0 
22 41 42 46 61 85 0 0 0 0 0 0 0 0 0 0 0 0 0 0 
25 44 45 49 64 88 0 0 0 0 0 0 0 0 0 0 0 0 0 0 
41 42 44 45 50 51 59 60 62 63 65 66 77 78 0 0 0 0 0 0 
38 39 41 45 49 50 59 62 65 67 68 69 76 77 79 80 81 82 0 0 
38 44 49 51 55 56 57 67 68 69 77 83 0 0 0 0 0 0 0 0 
39 41 42 44 49 51 55 56 57 59 60 62 63 65 66 67 68 69 77 84 
49 50 58 59 67 68 76 77 85 86 0 0 0 0 0 0 0 0 0 0 
41 42 44 45 49 50 58 59 62 63 65 66 67 69 76 77 85 87 0 0 
52 53 61 62 70 71 79 80 88 89 0 0 0 0 0 0 0 0 0 0 
52 54 61 63 70 72 79 81 88 90 0 0 0 0 0 0 0 0 0 0 
