90 41
3 6
3 3 3 3 3 3 3 3 3 3 3 3 3 3 3 3 3 3 3 2 2 3 2 2 3 3 3 3 3 3 3 3 3 3 2 2 3 2 2 3 2 2 3 2 2 3 3 3 3 3 3 3 3 3 3 3 3 3 2 2 3 2 2 3 3 3 3 3 3 3 3 3 3 3 3 3 3 3 3 3 3 3 3 3 1 2 2 1 2 2 
6 6 6 6 6 6 6 6 6 6 6 6 6 6 6 6 6 6 6 6 6 6 6 6 6 6 6 6 6 6 6 6 6 6 6 6 6 6 6 6 6 
1	7	22	
2	8	23	
3	9	24	
4	10	25	
5	11	26	
6	12	27	
7	13	28	
8	14	29	
9	15	30	
10	16	31	
11	17	32	
12	18	33	
13	19	34	
14	20	35	
15	21	36	
16	22	37	
17	23	38	
18	24	39	
19	25	40	
20	26	0	
21	27	0	
22	28	41	
23	29	0	
24	30	0	
1	25	31	
2	26	32	
3	27	33	
4	28	34	
5	29	35	
6	30	36	
7	31	37	
8	32	38	
9	33	39	
10	34	40	
11	35	0	
12	36	0	
13	37	41	
14	38	0	
15	39	0	
1	16	40	
2	17	0	
3	18	0	
4	19	41	
5	20	0	
6	21	0	
2	3	28	
1	3	29	
1	2	30	
5	6	31	
4	6	32	
4	5	33	
8	9	34	
7	9	35	
7	8	36	
11	12	37	
10	12	38	
10	11	39	
14	15	40	
13	15	0	
13	14	0	
17	18	41	
16	18	0	
16	17	0	
1	20	21	
2	19	21	
3	19	20	
4	23	24	
5	22	24	
6	22	23	
7	26	27	
8	25	27	
9	25	26	
10	29	30	
11	28	30	
12	28	29	
13	32	33	
14	31	33	
15	31	32	
16	35	36	
17	34	36	
18	34	35	
19	38	39	
20	37	39	
21	37	38	
22	0	0	
23	40	0	
24	40	0	
25	0	0	
26	41	0	
27	41	0	
1	25	40	47	48	64	
2	26	41	46	48	65	
3	27	42	46	47	66	
4	28	43	50	51	67	
5	29	44	49	51	68	
6	30	45	49	50	69	
1	7	31	53	54	70	
2	8	32	52	54	71	
3	9	33	52	53	72	
4	10	34	56	57	73	
5	11	35	55	57	74	
6	12	36	55	56	75	
7	13	37	59	60	76	
8	14	38	58	60	77	
9	15	39	58	59	78	
10	16	40	62	63	79	
11	17	41	61	63	80	
12	18	42	61	62	81	
13	19	43	65	66	82	
14	20	44	64	66	83	
15	21	45	64	65	84	
1	16	22	68	69	85	
2	17	23	67	69	86	
3	18	24	67	68	87	
4	19	25	71	72	88	
5	20	26	70	72	89	
6	21	27	70	71	90	
7	22	28	46	74	75	
8	23	29	47	73	75	
9	24	30	48	73	74	
10	25	31	49	77	78	
11	26	32	50	76	78	
12	27	33	51	76	77	
13	28	34	52	80	81	
14	29	35	53	79	81	
15	30	36	54	79	80	
16	31	37	55	83	84	
17	32	38	56	82	84	
18	33	39	57	82	83	
19	34	40	58	86	87	
22	37	43	61	89	90	
