175 91
6 9
1 1 1 1 1 1 1 1 1 1 1 1 1 1 1 1 1 1 1 1 1 1 1 1 1 1 1 1 3 3 3 3 3 3 3 3 3 3 3 3 3 3 3 3 3 3 3 3 3 3 3 3 3 3 3 3 3 3 3 3 3 3 3 3 3 3 3 3 3 3 3 3 3 3 3 3 3 3 3 3 3 3 3 3 6 6 6 6 6 6 6 4 4 4 4 4 4 4 4 4 4 4 4 4 4 3 3 3 3 3 3 3 3 3 3 3 3 3 3 3 3 3 3 3 3 3 3 3 3 3 3 3 3 3 3 3 3 3 3 3 3 3 3 3 3 3 3 3 3 3 3 3 3 3 3 3 3 3 3 3 3 3 3 3 3 3 3 3 3 3 3 3 3 3 3 
4 4 4 4 4 4 4 6 6 6 6 6 6 6 6 6 6 6 6 6 6 5 5 5 5 5 5 5 4 4 4 4 4 4 4 6 6 6 6 6 6 6 6 6 6 6 6 6 6 5 5 5 5 5 5 5 4 4 4 4 4 4 4 6 6 6 6 6 6 6 6 6 6 6 6 6 6 5 5 5 5 5 5 5 9 9 9 9 9 9 9 
1 0 0 0 0 0 
2 0 0 0 0 0 
3 0 0 0 0 0 
4 0 0 0 0 0 
5 0 0 0 0 0 
6 0 0 0 0 0 
7 0 0 0 0 0 
8 0 0 0 0 0 
9 0 0 0 0 0 
10 0 0 0 0 0 
11 0 0 0 0 0 
12 0 0 0 0 0 
13 0 0 0 0 0 
14 0 0 0 0 0 
15 0 0 0 0 0 
16 0 0 0 0 0 
17 0 0 0 0 0 
18 0 0 0 0 0 
19 0 0 0 0 0 
20 0 0 0 0 0 
21 0 0 0 0 0 
22 0 0 0 0 0 
23 0 0 0 0 0 
24 0 0 0 0 0 
25 0 0 0 0 0 
26 0 0 0 0 0 
27 0 0 0 0 0 
28 0 0 0 0 0 
1 7 29 0 0 0 
1 2 30 0 0 0 
2 3 31 0 0 0 
3 4 32 0 0 0 
4 5 33 0 0 0 
5 6 34 0 0 0 
6 7 35 0 0 0 
8 14 36 0 0 0 
8 9 37 0 0 0 
9 10 38 0 0 0 
10 11 39 0 0 0 
11 12 40 0 0 0 
12 13 41 0 0 0 
13 14 42 0 0 0 
15 21 43 0 0 0 
15 16 44 0 0 0 
16 17 45 0 0 0 
17 18 46 0 0 0 
18 19 47 0 0 0 
19 20 48 0 0 0 
20 21 49 0 0 0 
22 28 50 0 0 0 
22 23 51 0 0 0 
23 24 52 0 0 0 
24 25 53 0 0 0 
25 26 54 0 0 0 
26 27 55 0 0 0 
27 28 56 0 0 0 
29 35 57 0 0 0 
29 30 58 0 0 0 
30 31 59 0 0 0 
31 32 60 0 0 0 
32 33 61 0 0 0 
33 34 62 0 0 0 
34 35 63 0 0 0 
36 42 64 0 0 0 
36 37 65 0 0 0 
37 38 66 0 0 0 
38 39 67 0 0 0 
39 40 68 0 0 0 
40 41 69 0 0 0 
41 42 70 0 0 0 
43 49 71 0 0 0 
43 44 72 0 0 0 
44 45 73 0 0 0 
45 46 74 0 0 0 
46 47 75 0 0 0 
47 48 76 0 0 0 
48 49 77 0 0 0 
50 56 78 0 0 0 
50 51 79 0 0 0 
51 52 80 0 0 0 
52 53 81 0 0 0 
53 54 82 0 0 0 
54 55 83 0 0 0 
55 56 84 0 0 0 
57 63 85 86 87 88 
57 58 86 87 88 89 
58 59 87 88 89 90 
59 60 88 89 90 91 
60 61 85 89 90 91 
61 62 85 86 90 91 
62 63 85 86 87 91 
64 70 85 87 0 0 
64 65 86 88 0 0 
65 66 87 89 0 0 
66 67 88 90 0 0 
67 68 89 91 0 0 
68 69 85 90 0 0 
69 70 86 91 0 0 
71 77 85 86 0 0 
71 72 86 87 0 0 
72 73 87 88 0 0 
73 74 88 89 0 0 
74 75 89 90 0 0 
75 76 90 91 0 0 
76 77 85 91 0 0 
78 84 85 0 0 0 
78 79 86 0 0 0 
79 80 87 0 0 0 
80 81 88 0 0 0 
81 82 89 0 0 0 
82 83 90 0 0 0 
83 84 91 0 0 0 
1 8 9 0 0 0 
2 9 10 0 0 0 
3 10 11 0 0 0 
4 11 12 0 0 0 
5 12 13 0 0 0 
6 13 14 0 0 0 
7 8 14 0 0 0 
8 15 16 0 0 0 
9 16 17 0 0 0 
10 17 18 0 0 0 
11 18 19 0 0 0 
12 19 20 0 0 0 
13 20 21 0 0 0 
14 15 21 0 0 0 
15 22 23 0 0 0 
16 23 24 0 0 0 
17 24 25 0 0 0 
18 25 26 0 0 0 
19 26 27 0 0 0 
20 27 28 0 0 0 
21 22 28 0 0 0 
29 36 37 0 0 0 
30 37 38 0 0 0 
31 38 39 0 0 0 
32 39 40 0 0 0 
33 40 41 0 0 0 
34 41 42 0 0 0 
35 36 42 0 0 0 
36 43 44 0 0 0 
37 44 45 0 0 0 
38 45 46 0 0 0 
39 46 47 0 0 0 
40 47 48 0 0 0 
41 48 49 0 0 0 
42 43 49 0 0 0 
43 50 51 0 0 0 
44 51 52 0 0 0 
45 52 53 0 0 0 
46 53 54 0 0 0 
47 54 55 0 0 0 
48 55 56 0 0 0 
49 50 56 0 0 0 
57 64 65 0 0 0 
58 65 66 0 0 0 
59 66 67 0 0 0 
60 67 68 0 0 0 
61 68 69 0 0 0 
62 69 70 0 0 0 
63 64 70 0 0 0 
64 71 72 0 0 0 
65 72 73 0 0 0 
66 73 74 0 0 0 
67 74 75 0 0 0 
68 75 76 0 0 0 
69 76 77 0 0 0 
70 71 77 0 0 0 
71 78 79 0 0 0 
72 79 80 0 0 0 
73 80 81 0 0 0 
74 81 82 0 0 0 
75 82 83 0 0 0 
76 83 84 0 0 0 
77 78 84 0 0 0 
1 29 30 113 0 0 0 0 0 
2 30 31 114 0 0 0 0 0 
3 31 32 115 0 0 0 0 0 
4 32 33 116 0 0 0 0 0 
5 33 34 117 0 0 0 0 0 
6 34 35 118 0 0 0 0 0 
7 29 35 119 0 0 0 0 0 
8 36 37 113 119 120 0 0 0 
9 37 38 113 114 121 0 0 0 
10 38 39 114 115 122 0 0 0 
11 39 40 115 116 123 0 0 0 
12 40 41 116 117 124 0 0 0 
13 41 42 117 118 125 0 0 0 
14 36 42 118 119 126 0 0 0 
15 43 44 120 126 127 0 0 0 
16 44 45 120 121 128 0 0 0 
17 45 46 121 122 129 0 0 0 
18 46 47 122 123 130 0 0 0 
19 47 48 123 124 131 0 0 0 
20 48 49 124 125 132 0 0 0 
21 43 49 125 126 133 0 0 0 
22 50 51 127 133 0 0 0 0 
23 51 52 127 128 0 0 0 0 
24 52 53 128 129 0 0 0 0 
25 53 54 129 130 0 0 0 0 
26 54 55 130 131 0 0 0 0 
27 55 56 131 132 0 0 0 0 
28 50 56 132 133 0 0 0 0 
29 57 58 134 0 0 0 0 0 
30 58 59 135 0 0 0 0 0 
31 59 60 136 0 0 0 0 0 
32 60 61 137 0 0 0 0 0 
33 61 62 138 0 0 0 0 0 
34 62 63 139 0 0 0 0 0 
35 57 63 140 0 0 0 0 0 
36 64 65 134 140 141 0 0 0 
37 65 66 134 135 142 0 0 0 
38 66 67 135 136 143 0 0 0 
39 67 68 136 137 144 0 0 0 
40 68 69 137 138 145 0 0 0 
41 69 70 138 139 146 0 0 0 
42 64 70 139 140 147 0 0 0 
43 71 72 141 147 148 0 0 0 
44 72 73 141 142 149 0 0 0 
45 73 74 142 143 150 0 0 0 
46 74 75 143 144 151 0 0 0 
47 75 76 144 145 152 0 0 0 
48 76 77 145 146 153 0 0 0 
49 71 77 146 147 154 0 0 0 
50 78 79 148 154 0 0 0 0 
51 79 80 148 149 0 0 0 0 
52 80 81 149 150 0 0 0 0 
53 81 82 150 151 0 0 0 0 
54 82 83 151 152 0 0 0 0 
55 83 84 152 153 0 0 0 0 
56 78 84 153 154 0 0 0 0 
57 85 86 155 0 0 0 0 0 
58 86 87 156 0 0 0 0 0 
59 87 88 157 0 0 0 0 0 
60 88 89 158 0 0 0 0 0 
61 89 90 159 0 0 0 0 0 
62 90 91 160 0 0 0 0 0 
63 85 91 161 0 0 0 0 0 
64 92 93 155 161 162 0 0 0 
65 93 94 155 156 163 0 0 0 
66 94 95 156 157 164 0 0 0 
67 95 96 157 158 165 0 0 0 
68 96 97 158 159 166 0 0 0 
69 97 98 159 160 167 0 0 0 
70 92 98 160 161 168 0 0 0 
71 99 100 162 168 169 0 0 0 
72 100 101 162 163 170 0 0 0 
73 101 102 163 164 171 0 0 0 
74 102 103 164 165 172 0 0 0 
75 103 104 165 166 173 0 0 0 
76 104 105 166 167 174 0 0 0 
77 99 105 167 168 175 0 0 0 
78 106 107 169 175 0 0 0 0 
79 107 108 169 170 0 0 0 0 
80 108 109 170 171 0 0 0 0 
81 109 110 171 172 0 0 0 0 
82 110 111 172 173 0 0 0 0 
83 111 112 173 174 0 0 0 0 
84 106 112 174 175 0 0 0 0 
85 89 90 91 92 97 99 105 106 
85 86 90 91 93 98 99 100 107 
85 86 87 91 92 94 100 101 108 
85 86 87 88 93 95 101 102 109 
86 87 88 89 94 96 102 103 110 
87 88 89 90 95 97 103 104 111 
88 89 90 91 96 98 104 105 112 
