121 60
2 4
1 2 2 2 2 2 2 2 2 2 1 1 2 2 2 2 2 2 2 2 2 1 1 2 2 2 2 2 2 2 2 2 1 1 2 2 2 2 2 2 2 2 2 1 1 2 2 2 2 2 2 2 2 2 1 1 2 2 2 2 2 2 2 2 2 1 1 2 2 2 2 2 2 2 2 2 1 1 2 2 2 2 2 2 2 2 2 1 1 2 2 2 2 2 2 2 2 2 1 1 2 2 2 2 2 2 2 2 2 1 1 2 2 2 2 2 2 2 2 2 1 
2 2 2 2 2 4 4 4 4 4 4 4 4 4 4 4 4 4 4 4 4 4 4 4 4 4 4 4 4 4 4 4 4 4 4 4 4 4 4 4 4 4 4 4 4 4 4 4 4 4 4 4 4 4 4 2 2 2 2 2 
1 0 
1 6 
2 6 
2 7 
3 7 
3 8 
4 8 
4 9 
5 9 
5 10 
10 0 
11 0 
6 11 
6 12 
7 12 
7 13 
8 13 
8 14 
9 14 
9 15 
10 15 
10 0 
11 0 
11 16 
12 16 
12 17 
13 17 
13 18 
14 18 
14 19 
15 19 
15 20 
20 0 
21 0 
16 21 
16 22 
17 22 
17 23 
18 23 
18 24 
19 24 
19 25 
20 25 
20 0 
21 0 
21 26 
22 26 
22 27 
23 27 
23 28 
24 28 
24 29 
25 29 
25 30 
30 0 
31 0 
26 31 
26 32 
27 32 
27 33 
28 33 
28 34 
29 34 
29 35 
30 35 
30 0 
31 0 
31 36 
32 36 
32 37 
33 37 
33 38 
34 38 
34 39 
35 39 
35 40 
40 0 
41 0 
36 41 
36 42 
37 42 
37 43 
38 43 
38 44 
39 44 
39 45 
40 45 
40 0 
41 0 
41 46 
42 46 
42 47 
43 47 
43 48 
44 48 
44 49 
45 49 
45 50 
50 0 
51 0 
46 51 
46 52 
47 52 
47 53 
48 53 
48 54 
49 54 
49 55 
50 55 
50 0 
51 0 
51 56 
52 56 
52 57 
53 57 
53 58 
54 58 
54 59 
55 59 
55 60 
60 0 
1 2 0 0 
3 4 0 0 
5 6 0 0 
7 8 0 0 
9 10 0 0 
2 3 13 14 
4 5 15 16 
6 7 17 18 
8 9 19 20 
10 11 21 22 
12 13 23 24 
14 15 25 26 
16 17 27 28 
18 19 29 30 
20 21 31 32 
24 25 35 36 
26 27 37 38 
28 29 39 40 
30 31 41 42 
32 33 43 44 
34 35 45 46 
36 37 47 48 
38 39 49 50 
40 41 51 52 
42 43 53 54 
46 47 57 58 
48 49 59 60 
50 51 61 62 
52 53 63 64 
54 55 65 66 
56 57 67 68 
58 59 69 70 
60 61 71 72 
62 63 73 74 
64 65 75 76 
68 69 79 80 
70 71 81 82 
72 73 83 84 
74 75 85 86 
76 77 87 88 
78 79 89 90 
80 81 91 92 
82 83 93 94 
84 85 95 96 
86 87 97 98 
90 91 101 102 
92 93 103 104 
94 95 105 106 
96 97 107 108 
98 99 109 110 
100 101 111 112 
102 103 113 114 
104 105 115 116 
106 107 117 118 
108 109 119 120 
112 113 0 0 
114 115 0 0 
116 117 0 0 
118 119 0 0 
120 121 0 0 
