81 40
2 4
1 1 1 1 1 1 1 1 1 2 2 2 2 2 2 2 2 2 2 2 2 2 2 2 2 2 2 2 2 2 2 2 2 2 2 2 2 2 2 2 2 2 2 2 2 2 2 2 2 2 2 2 2 2 2 2 2 2 2 2 2 2 2 2 2 2 2 2 2 2 2 2 1 1 1 1 1 1 1 1 1 
4 4 4 4 2 2 4 4 4 4 4 4 4 4 2 2 4 4 4 4 4 4 4 4 2 2 4 4 4 4 4 4 4 4 2 2 4 4 4 4 
1 0 
1 0 
2 0 
2 0 
3 0 
3 0 
4 0 
4 0 
5 0 
1 6 
1 7 
2 7 
2 8 
3 8 
3 9 
4 9 
4 10 
5 10 
6 11 
7 11 
7 12 
8 12 
8 13 
9 13 
9 14 
10 14 
10 15 
11 16 
11 17 
12 17 
12 18 
13 18 
13 19 
14 19 
14 20 
15 20 
16 21 
17 21 
17 22 
18 22 
18 23 
19 23 
19 24 
20 24 
20 25 
21 26 
21 27 
22 27 
22 28 
23 28 
23 29 
24 29 
24 30 
25 30 
26 31 
27 31 
27 32 
28 32 
28 33 
29 33 
29 34 
30 34 
30 35 
31 36 
31 37 
32 37 
32 38 
33 38 
33 39 
34 39 
34 40 
35 40 
36 0 
37 0 
37 0 
38 0 
38 0 
39 0 
39 0 
40 0 
40 0 
1 2 10 11 
3 4 12 13 
5 6 14 15 
7 8 16 17 
9 18 0 0 
10 19 0 0 
11 12 20 21 
13 14 22 23 
15 16 24 25 
17 18 26 27 
19 20 28 29 
21 22 30 31 
23 24 32 33 
25 26 34 35 
27 36 0 0 
28 37 0 0 
29 30 38 39 
31 32 40 41 
33 34 42 43 
35 36 44 45 
37 38 46 47 
39 40 48 49 
41 42 50 51 
43 44 52 53 
45 54 0 0 
46 55 0 0 
47 48 56 57 
49 50 58 59 
51 52 60 61 
53 54 62 63 
55 56 64 65 
57 58 66 67 
59 60 68 69 
61 62 70 71 
63 72 0 0 
64 73 0 0 
65 66 74 75 
67 68 76 77 
69 70 78 79 
71 72 80 81 
