81 40
2 4
1 2 2 2 2 2 2 2 1 1 2 2 2 2 2 2 2 1 1 2 2 2 2 2 2 2 1 1 2 2 2 2 2 2 2 1 1 2 2 2 2 2 2 2 1 1 2 2 2 2 2 2 2 1 1 2 2 2 2 2 2 2 1 1 2 2 2 2 2 2 2 1 1 2 2 2 2 2 2 2 1 
2 2 2 2 4 4 4 4 4 4 4 4 4 4 4 4 4 4 4 4 4 4 4 4 4 4 4 4 4 4 4 4 4 4 4 4 2 2 2 2 
1 0 
1 5 
2 5 
2 6 
3 6 
3 7 
4 7 
4 8 
8 0 
9 0 
5 9 
5 10 
6 10 
6 11 
7 11 
7 12 
8 12 
8 0 
9 0 
9 13 
10 13 
10 14 
11 14 
11 15 
12 15 
12 16 
16 0 
17 0 
13 17 
13 18 
14 18 
14 19 
15 19 
15 20 
16 20 
16 0 
17 0 
17 21 
18 21 
18 22 
19 22 
19 23 
20 23 
20 24 
24 0 
25 0 
21 25 
21 26 
22 26 
22 27 
23 27 
23 28 
24 28 
24 0 
25 0 
25 29 
26 29 
26 30 
27 30 
27 31 
28 31 
28 32 
32 0 
33 0 
29 33 
29 34 
30 34 
30 35 
31 35 
31 36 
32 36 
32 0 
33 0 
33 37 
34 37 
34 38 
35 38 
35 39 
36 39 
36 40 
40 0 
1 2 0 0 
3 4 0 0 
5 6 0 0 
7 8 0 0 
2 3 11 12 
4 5 13 14 
6 7 15 16 
8 9 17 18 
10 11 19 20 
12 13 21 22 
14 15 23 24 
16 17 25 26 
20 21 29 30 
22 23 31 32 
24 25 33 34 
26 27 35 36 
28 29 37 38 
30 31 39 40 
32 33 41 42 
34 35 43 44 
38 39 47 48 
40 41 49 50 
42 43 51 52 
44 45 53 54 
46 47 55 56 
48 49 57 58 
50 51 59 60 
52 53 61 62 
56 57 65 66 
58 59 67 68 
60 61 69 70 
62 63 71 72 
64 65 73 74 
66 67 75 76 
68 69 77 78 
70 71 79 80 
74 75 0 0 
76 77 0 0 
78 79 0 0 
80 81 0 0 
