961 480
2 4
1 2 2 2 2 2 2 2 2 2 2 2 2 2 2 2 2 2 2 2 2 2 2 2 2 2 2 2 2 2 1 1 2 2 2 2 2 2 2 2 2 2 2 2 2 2 2 2 2 2 2 2 2 2 2 2 2 2 2 2 2 1 1 2 2 2 2 2 2 2 2 2 2 2 2 2 2 2 2 2 2 2 2 2 2 2 2 2 2 2 2 2 1 1 2 2 2 2 2 2 2 2 2 2 2 2 2 2 2 2 2 2 2 2 2 2 2 2 2 2 2 2 2 1 1 2 2 2 2 2 2 2 2 2 2 2 2 2 2 2 2 2 2 2 2 2 2 2 2 2 2 2 2 2 1 1 2 2 2 2 2 2 2 2 2 2 2 2 2 2 2 2 2 2 2 2 2 2 2 2 2 2 2 2 2 1 1 2 2 2 2 2 2 2 2 2 2 2 2 2 2 2 2 2 2 2 2 2 2 2 2 2 2 2 2 2 1 1 2 2 2 2 2 2 2 2 2 2 2 2 2 2 2 2 2 2 2 2 2 2 2 2 2 2 2 2 2 1 1 2 2 2 2 2 2 2 2 2 2 2 2 2 2 2 2 2 2 2 2 2 2 2 2 2 2 2 2 2 1 1 2 2 2 2 2 2 2 2 2 2 2 2 2 2 2 2 2 2 2 2 2 2 2 2 2 2 2 2 2 1 1 2 2 2 2 2 2 2 2 2 2 2 2 2 2 2 2 2 2 2 2 2 2 2 2 2 2 2 2 2 1 1 2 2 2 2 2 2 2 2 2 2 2 2 2 2 2 2 2 2 2 2 2 2 2 2 2 2 2 2 2 1 1 2 2 2 2 2 2 2 2 2 2 2 2 2 2 2 2 2 2 2 2 2 2 2 2 2 2 2 2 2 1 1 2 2 2 2 2 2 2 2 2 2 2 2 2 2 2 2 2 2 2 2 2 2 2 2 2 2 2 2 2 1 1 2 2 2 2 2 2 2 2 2 2 2 2 2 2 2 2 2 2 2 2 2 2 2 2 2 2 2 2 2 1 1 2 2 2 2 2 2 2 2 2 2 2 2 2 2 2 2 2 2 2 2 2 2 2 2 2 2 2 2 2 1 1 2 2 2 2 2 2 2 2 2 2 2 2 2 2 2 2 2 2 2 2 2 2 2 2 2 2 2 2 2 1 1 2 2 2 2 2 2 2 2 2 2 2 2 2 2 2 2 2 2 2 2 2 2 2 2 2 2 2 2 2 1 1 2 2 2 2 2 2 2 2 2 2 2 2 2 2 2 2 2 2 2 2 2 2 2 2 2 2 2 2 2 1 1 2 2 2 2 2 2 2 2 2 2 2 2 2 2 2 2 2 2 2 2 2 2 2 2 2 2 2 2 2 1 1 2 2 2 2 2 2 2 2 2 2 2 2 2 2 2 2 2 2 2 2 2 2 2 2 2 2 2 2 2 1 1 2 2 2 2 2 2 2 2 2 2 2 2 2 2 2 2 2 2 2 2 2 2 2 2 2 2 2 2 2 1 1 2 2 2 2 2 2 2 2 2 2 2 2 2 2 2 2 2 2 2 2 2 2 2 2 2 2 2 2 2 1 1 2 2 2 2 2 2 2 2 2 2 2 2 2 2 2 2 2 2 2 2 2 2 2 2 2 2 2 2 2 1 1 2 2 2 2 2 2 2 2 2 2 2 2 2 2 2 2 2 2 2 2 2 2 2 2 2 2 2 2 2 1 1 2 2 2 2 2 2 2 2 2 2 2 2 2 2 2 2 2 2 2 2 2 2 2 2 2 2 2 2 2 1 1 2 2 2 2 2 2 2 2 2 2 2 2 2 2 2 2 2 2 2 2 2 2 2 2 2 2 2 2 2 1 1 2 2 2 2 2 2 2 2 2 2 2 2 2 2 2 2 2 2 2 2 2 2 2 2 2 2 2 2 2 1 1 2 2 2 2 2 2 2 2 2 2 2 2 2 2 2 2 2 2 2 2 2 2 2 2 2 2 2 2 2 1 1 2 2 2 2 2 2 2 2 2 2 2 2 2 2 2 2 2 2 2 2 2 2 2 2 2 2 2 2 2 1 1 2 2 2 2 2 2 2 2 2 2 2 2 2 2 2 2 2 2 2 2 2 2 2 2 2 2 2 2 2 1 
2 2 2 2 2 2 2 2 2 2 2 2 2 2 2 4 4 4 4 4 4 4 4 4 4 4 4 4 4 4 4 4 4 4 4 4 4 4 4 4 4 4 4 4 4 4 4 4 4 4 4 4 4 4 4 4 4 4 4 4 4 4 4 4 4 4 4 4 4 4 4 4 4 4 4 4 4 4 4 4 4 4 4 4 4 4 4 4 4 4 4 4 4 4 4 4 4 4 4 4 4 4 4 4 4 4 4 4 4 4 4 4 4 4 4 4 4 4 4 4 4 4 4 4 4 4 4 4 4 4 4 4 4 4 4 4 4 4 4 4 4 4 4 4 4 4 4 4 4 4 4 4 4 4 4 4 4 4 4 4 4 4 4 4 4 4 4 4 4 4 4 4 4 4 4 4 4 4 4 4 4 4 4 4 4 4 4 4 4 4 4 4 4 4 4 4 4 4 4 4 4 4 4 4 4 4 4 4 4 4 4 4 4 4 4 4 4 4 4 4 4 4 4 4 4 4 4 4 4 4 4 4 4 4 4 4 4 4 4 4 4 4 4 4 4 4 4 4 4 4 4 4 4 4 4 4 4 4 4 4 4 4 4 4 4 4 4 4 4 4 4 4 4 4 4 4 4 4 4 4 4 4 4 4 4 4 4 4 4 4 4 4 4 4 4 4 4 4 4 4 4 4 4 4 4 4 4 4 4 4 4 4 4 4 4 4 4 4 4 4 4 4 4 4 4 4 4 4 4 4 4 4 4 4 4 4 4 4 4 4 4 4 4 4 4 4 4 4 4 4 4 4 4 4 4 4 4 4 4 4 4 4 4 4 4 4 4 4 4 4 4 4 4 4 4 4 4 4 4 4 4 4 4 4 4 4 4 4 4 4 4 4 4 4 4 4 4 4 4 4 4 4 4 4 4 4 4 4 4 4 4 4 4 4 4 4 4 4 4 4 4 4 4 4 4 4 4 4 4 4 4 4 4 4 4 4 4 4 4 4 4 4 4 4 4 4 4 4 4 4 4 4 4 4 4 4 4 4 4 4 4 4 4 4 4 2 2 2 2 2 2 2 2 2 2 2 2 2 2 2 
1 0 
1 16 
2 16 
2 17 
3 17 
3 18 
4 18 
4 19 
5 19 
5 20 
6 20 
6 21 
7 21 
7 22 
8 22 
8 23 
9 23 
9 24 
10 24 
10 25 
11 25 
11 26 
12 26 
12 27 
13 27 
13 28 
14 28 
14 29 
15 29 
15 30 
30 0 
31 0 
16 31 
16 32 
17 32 
17 33 
18 33 
18 34 
19 34 
19 35 
20 35 
20 36 
21 36 
21 37 
22 37 
22 38 
23 38 
23 39 
24 39 
24 40 
25 40 
25 41 
26 41 
26 42 
27 42 
27 43 
28 43 
28 44 
29 44 
29 45 
30 45 
30 0 
31 0 
31 46 
32 46 
32 47 
33 47 
33 48 
34 48 
34 49 
35 49 
35 50 
36 50 
36 51 
37 51 
37 52 
38 52 
38 53 
39 53 
39 54 
40 54 
40 55 
41 55 
41 56 
42 56 
42 57 
43 57 
43 58 
44 58 
44 59 
45 59 
45 60 
60 0 
61 0 
46 61 
46 62 
47 62 
47 63 
48 63 
48 64 
49 64 
49 65 
50 65 
50 66 
51 66 
51 67 
52 67 
52 68 
53 68 
53 69 
54 69 
54 70 
55 70 
55 71 
56 71 
56 72 
57 72 
57 73 
58 73 
58 74 
59 74 
59 75 
60 75 
60 0 
61 0 
61 76 
62 76 
62 77 
63 77 
63 78 
64 78 
64 79 
65 79 
65 80 
66 80 
66 81 
67 81 
67 82 
68 82 
68 83 
69 83 
69 84 
70 84 
70 85 
71 85 
71 86 
72 86 
72 87 
73 87 
73 88 
74 88 
74 89 
75 89 
75 90 
90 0 
91 0 
76 91 
76 92 
77 92 
77 93 
78 93 
78 94 
79 94 
79 95 
80 95 
80 96 
81 96 
81 97 
82 97 
82 98 
83 98 
83 99 
84 99 
84 100 
85 100 
85 101 
86 101 
86 102 
87 102 
87 103 
88 103 
88 104 
89 104 
89 105 
90 105 
90 0 
91 0 
91 106 
92 106 
92 107 
93 107 
93 108 
94 108 
94 109 
95 109 
95 110 
96 110 
96 111 
97 111 
97 112 
98 112 
98 113 
99 113 
99 114 
100 114 
100 115 
101 115 
101 116 
102 116 
102 117 
103 117 
103 118 
104 118 
104 119 
105 119 
105 120 
120 0 
121 0 
106 121 
106 122 
107 122 
107 123 
108 123 
108 124 
109 124 
109 125 
110 125 
110 126 
111 126 
111 127 
112 127 
112 128 
113 128 
113 129 
114 129 
114 130 
115 130 
115 131 
116 131 
116 132 
117 132 
117 133 
118 133 
118 134 
119 134 
119 135 
120 135 
120 0 
121 0 
121 136 
122 136 
122 137 
123 137 
123 138 
124 138 
124 139 
125 139 
125 140 
126 140 
126 141 
127 141 
127 142 
128 142 
128 143 
129 143 
129 144 
130 144 
130 145 
131 145 
131 146 
132 146 
132 147 
133 147 
133 148 
134 148 
134 149 
135 149 
135 150 
150 0 
151 0 
136 151 
136 152 
137 152 
137 153 
138 153 
138 154 
139 154 
139 155 
140 155 
140 156 
141 156 
141 157 
142 157 
142 158 
143 158 
143 159 
144 159 
144 160 
145 160 
145 161 
146 161 
146 162 
147 162 
147 163 
148 163 
148 164 
149 164 
149 165 
150 165 
150 0 
151 0 
151 166 
152 166 
152 167 
153 167 
153 168 
154 168 
154 169 
155 169 
155 170 
156 170 
156 171 
157 171 
157 172 
158 172 
158 173 
159 173 
159 174 
160 174 
160 175 
161 175 
161 176 
162 176 
162 177 
163 177 
163 178 
164 178 
164 179 
165 179 
165 180 
180 0 
181 0 
166 181 
166 182 
167 182 
167 183 
168 183 
168 184 
169 184 
169 185 
170 185 
170 186 
171 186 
171 187 
172 187 
172 188 
173 188 
173 189 
174 189 
174 190 
175 190 
175 191 
176 191 
176 192 
177 192 
177 193 
178 193 
178 194 
179 194 
179 195 
180 195 
180 0 
181 0 
181 196 
182 196 
182 197 
183 197 
183 198 
184 198 
184 199 
185 199 
185 200 
186 200 
186 201 
187 201 
187 202 
188 202 
188 203 
189 203 
189 204 
190 204 
190 205 
191 205 
191 206 
192 206 
192 207 
193 207 
193 208 
194 208 
194 209 
195 209 
195 210 
210 0 
211 0 
196 211 
196 212 
197 212 
197 213 
198 213 
198 214 
199 214 
199 215 
200 215 
200 216 
201 216 
201 217 
202 217 
202 218 
203 218 
203 219 
204 219 
204 220 
205 220 
205 221 
206 221 
206 222 
207 222 
207 223 
208 223 
208 224 
209 224 
209 225 
210 225 
210 0 
211 0 
211 226 
212 226 
212 227 
213 227 
213 228 
214 228 
214 229 
215 229 
215 230 
216 230 
216 231 
217 231 
217 232 
218 232 
218 233 
219 233 
219 234 
220 234 
220 235 
221 235 
221 236 
222 236 
222 237 
223 237 
223 238 
224 238 
224 239 
225 239 
225 240 
240 0 
241 0 
226 241 
226 242 
227 242 
227 243 
228 243 
228 244 
229 244 
229 245 
230 245 
230 246 
231 246 
231 247 
232 247 
232 248 
233 248 
233 249 
234 249 
234 250 
235 250 
235 251 
236 251 
236 252 
237 252 
237 253 
238 253 
238 254 
239 254 
239 255 
240 255 
240 0 
241 0 
241 256 
242 256 
242 257 
243 257 
243 258 
244 258 
244 259 
245 259 
245 260 
246 260 
246 261 
247 261 
247 262 
248 262 
248 263 
249 263 
249 264 
250 264 
250 265 
251 265 
251 266 
252 266 
252 267 
253 267 
253 268 
254 268 
254 269 
255 269 
255 270 
270 0 
271 0 
256 271 
256 272 
257 272 
257 273 
258 273 
258 274 
259 274 
259 275 
260 275 
260 276 
261 276 
261 277 
262 277 
262 278 
263 278 
263 279 
264 279 
264 280 
265 280 
265 281 
266 281 
266 282 
267 282 
267 283 
268 283 
268 284 
269 284 
269 285 
270 285 
270 0 
271 0 
271 286 
272 286 
272 287 
273 287 
273 288 
274 288 
274 289 
275 289 
275 290 
276 290 
276 291 
277 291 
277 292 
278 292 
278 293 
279 293 
279 294 
280 294 
280 295 
281 295 
281 296 
282 296 
282 297 
283 297 
283 298 
284 298 
284 299 
285 299 
285 300 
300 0 
301 0 
286 301 
286 302 
287 302 
287 303 
288 303 
288 304 
289 304 
289 305 
290 305 
290 306 
291 306 
291 307 
292 307 
292 308 
293 308 
293 309 
294 309 
294 310 
295 310 
295 311 
296 311 
296 312 
297 312 
297 313 
298 313 
298 314 
299 314 
299 315 
300 315 
300 0 
301 0 
301 316 
302 316 
302 317 
303 317 
303 318 
304 318 
304 319 
305 319 
305 320 
306 320 
306 321 
307 321 
307 322 
308 322 
308 323 
309 323 
309 324 
310 324 
310 325 
311 325 
311 326 
312 326 
312 327 
313 327 
313 328 
314 328 
314 329 
315 329 
315 330 
330 0 
331 0 
316 331 
316 332 
317 332 
317 333 
318 333 
318 334 
319 334 
319 335 
320 335 
320 336 
321 336 
321 337 
322 337 
322 338 
323 338 
323 339 
324 339 
324 340 
325 340 
325 341 
326 341 
326 342 
327 342 
327 343 
328 343 
328 344 
329 344 
329 345 
330 345 
330 0 
331 0 
331 346 
332 346 
332 347 
333 347 
333 348 
334 348 
334 349 
335 349 
335 350 
336 350 
336 351 
337 351 
337 352 
338 352 
338 353 
339 353 
339 354 
340 354 
340 355 
341 355 
341 356 
342 356 
342 357 
343 357 
343 358 
344 358 
344 359 
345 359 
345 360 
360 0 
361 0 
346 361 
346 362 
347 362 
347 363 
348 363 
348 364 
349 364 
349 365 
350 365 
350 366 
351 366 
351 367 
352 367 
352 368 
353 368 
353 369 
354 369 
354 370 
355 370 
355 371 
356 371 
356 372 
357 372 
357 373 
358 373 
358 374 
359 374 
359 375 
360 375 
360 0 
361 0 
361 376 
362 376 
362 377 
363 377 
363 378 
364 378 
364 379 
365 379 
365 380 
366 380 
366 381 
367 381 
367 382 
368 382 
368 383 
369 383 
369 384 
370 384 
370 385 
371 385 
371 386 
372 386 
372 387 
373 387 
373 388 
374 388 
374 389 
375 389 
375 390 
390 0 
391 0 
376 391 
376 392 
377 392 
377 393 
378 393 
378 394 
379 394 
379 395 
380 395 
380 396 
381 396 
381 397 
382 397 
382 398 
383 398 
383 399 
384 399 
384 400 
385 400 
385 401 
386 401 
386 402 
387 402 
387 403 
388 403 
388 404 
389 404 
389 405 
390 405 
390 0 
391 0 
391 406 
392 406 
392 407 
393 407 
393 408 
394 408 
394 409 
395 409 
395 410 
396 410 
396 411 
397 411 
397 412 
398 412 
398 413 
399 413 
399 414 
400 414 
400 415 
401 415 
401 416 
402 416 
402 417 
403 417 
403 418 
404 418 
404 419 
405 419 
405 420 
420 0 
421 0 
406 421 
406 422 
407 422 
407 423 
408 423 
408 424 
409 424 
409 425 
410 425 
410 426 
411 426 
411 427 
412 427 
412 428 
413 428 
413 429 
414 429 
414 430 
415 430 
415 431 
416 431 
416 432 
417 432 
417 433 
418 433 
418 434 
419 434 
419 435 
420 435 
420 0 
421 0 
421 436 
422 436 
422 437 
423 437 
423 438 
424 438 
424 439 
425 439 
425 440 
426 440 
426 441 
427 441 
427 442 
428 442 
428 443 
429 443 
429 444 
430 444 
430 445 
431 445 
431 446 
432 446 
432 447 
433 447 
433 448 
434 448 
434 449 
435 449 
435 450 
450 0 
451 0 
436 451 
436 452 
437 452 
437 453 
438 453 
438 454 
439 454 
439 455 
440 455 
440 456 
441 456 
441 457 
442 457 
442 458 
443 458 
443 459 
444 459 
444 460 
445 460 
445 461 
446 461 
446 462 
447 462 
447 463 
448 463 
448 464 
449 464 
449 465 
450 465 
450 0 
451 0 
451 466 
452 466 
452 467 
453 467 
453 468 
454 468 
454 469 
455 469 
455 470 
456 470 
456 471 
457 471 
457 472 
458 472 
458 473 
459 473 
459 474 
460 474 
460 475 
461 475 
461 476 
462 476 
462 477 
463 477 
463 478 
464 478 
464 479 
465 479 
465 480 
480 0 
1 2 0 0 
3 4 0 0 
5 6 0 0 
7 8 0 0 
9 10 0 0 
11 12 0 0 
13 14 0 0 
15 16 0 0 
17 18 0 0 
19 20 0 0 
21 22 0 0 
23 24 0 0 
25 26 0 0 
27 28 0 0 
29 30 0 0 
2 3 33 34 
4 5 35 36 
6 7 37 38 
8 9 39 40 
10 11 41 42 
12 13 43 44 
14 15 45 46 
16 17 47 48 
18 19 49 50 
20 21 51 52 
22 23 53 54 
24 25 55 56 
26 27 57 58 
28 29 59 60 
30 31 61 62 
32 33 63 64 
34 35 65 66 
36 37 67 68 
38 39 69 70 
40 41 71 72 
42 43 73 74 
44 45 75 76 
46 47 77 78 
48 49 79 80 
50 51 81 82 
52 53 83 84 
54 55 85 86 
56 57 87 88 
58 59 89 90 
60 61 91 92 
64 65 95 96 
66 67 97 98 
68 69 99 100 
70 71 101 102 
72 73 103 104 
74 75 105 106 
76 77 107 108 
78 79 109 110 
80 81 111 112 
82 83 113 114 
84 85 115 116 
86 87 117 118 
88 89 119 120 
90 91 121 122 
92 93 123 124 
94 95 125 126 
96 97 127 128 
98 99 129 130 
100 101 131 132 
102 103 133 134 
104 105 135 136 
106 107 137 138 
108 109 139 140 
110 111 141 142 
112 113 143 144 
114 115 145 146 
116 117 147 148 
118 119 149 150 
120 121 151 152 
122 123 153 154 
126 127 157 158 
128 129 159 160 
130 131 161 162 
132 133 163 164 
134 135 165 166 
136 137 167 168 
138 139 169 170 
140 141 171 172 
142 143 173 174 
144 145 175 176 
146 147 177 178 
148 149 179 180 
150 151 181 182 
152 153 183 184 
154 155 185 186 
156 157 187 188 
158 159 189 190 
160 161 191 192 
162 163 193 194 
164 165 195 196 
166 167 197 198 
168 169 199 200 
170 171 201 202 
172 173 203 204 
174 175 205 206 
176 177 207 208 
178 179 209 210 
180 181 211 212 
182 183 213 214 
184 185 215 216 
188 189 219 220 
190 191 221 222 
192 193 223 224 
194 195 225 226 
196 197 227 228 
198 199 229 230 
200 201 231 232 
202 203 233 234 
204 205 235 236 
206 207 237 238 
208 209 239 240 
210 211 241 242 
212 213 243 244 
214 215 245 246 
216 217 247 248 
218 219 249 250 
220 221 251 252 
222 223 253 254 
224 225 255 256 
226 227 257 258 
228 229 259 260 
230 231 261 262 
232 233 263 264 
234 235 265 266 
236 237 267 268 
238 239 269 270 
240 241 271 272 
242 243 273 274 
244 245 275 276 
246 247 277 278 
250 251 281 282 
252 253 283 284 
254 255 285 286 
256 257 287 288 
258 259 289 290 
260 261 291 292 
262 263 293 294 
264 265 295 296 
266 267 297 298 
268 269 299 300 
270 271 301 302 
272 273 303 304 
274 275 305 306 
276 277 307 308 
278 279 309 310 
280 281 311 312 
282 283 313 314 
284 285 315 316 
286 287 317 318 
288 289 319 320 
290 291 321 322 
292 293 323 324 
294 295 325 326 
296 297 327 328 
298 299 329 330 
300 301 331 332 
302 303 333 334 
304 305 335 336 
306 307 337 338 
308 309 339 340 
312 313 343 344 
314 315 345 346 
316 317 347 348 
318 319 349 350 
320 321 351 352 
322 323 353 354 
324 325 355 356 
326 327 357 358 
328 329 359 360 
330 331 361 362 
332 333 363 364 
334 335 365 366 
336 337 367 368 
338 339 369 370 
340 341 371 372 
342 343 373 374 
344 345 375 376 
346 347 377 378 
348 349 379 380 
350 351 381 382 
352 353 383 384 
354 355 385 386 
356 357 387 388 
358 359 389 390 
360 361 391 392 
362 363 393 394 
364 365 395 396 
366 367 397 398 
368 369 399 400 
370 371 401 402 
374 375 405 406 
376 377 407 408 
378 379 409 410 
380 381 411 412 
382 383 413 414 
384 385 415 416 
386 387 417 418 
388 389 419 420 
390 391 421 422 
392 393 423 424 
394 395 425 426 
396 397 427 428 
398 399 429 430 
400 401 431 432 
402 403 433 434 
404 405 435 436 
406 407 437 438 
408 409 439 440 
410 411 441 442 
412 413 443 444 
414 415 445 446 
416 417 447 448 
418 419 449 450 
420 421 451 452 
422 423 453 454 
424 425 455 456 
426 427 457 458 
428 429 459 460 
430 431 461 462 
432 433 463 464 
436 437 467 468 
438 439 469 470 
440 441 471 472 
442 443 473 474 
444 445 475 476 
446 447 477 478 
448 449 479 480 
450 451 481 482 
452 453 483 484 
454 455 485 486 
456 457 487 488 
458 459 489 490 
460 461 491 492 
462 463 493 494 
464 465 495 496 
466 467 497 498 
468 469 499 500 
470 471 501 502 
472 473 503 504 
474 475 505 506 
476 477 507 508 
478 479 509 510 
480 481 511 512 
482 483 513 514 
484 485 515 516 
486 487 517 518 
488 489 519 520 
490 491 521 522 
492 493 523 524 
494 495 525 526 
498 499 529 530 
500 501 531 532 
502 503 533 534 
504 505 535 536 
506 507 537 538 
508 509 539 540 
510 511 541 542 
512 513 543 544 
514 515 545 546 
516 517 547 548 
518 519 549 550 
520 521 551 552 
522 523 553 554 
524 525 555 556 
526 527 557 558 
528 529 559 560 
530 531 561 562 
532 533 563 564 
534 535 565 566 
536 537 567 568 
538 539 569 570 
540 541 571 572 
542 543 573 574 
544 545 575 576 
546 547 577 578 
548 549 579 580 
550 551 581 582 
552 553 583 584 
554 555 585 586 
556 557 587 588 
560 561 591 592 
562 563 593 594 
564 565 595 596 
566 567 597 598 
568 569 599 600 
570 571 601 602 
572 573 603 604 
574 575 605 606 
576 577 607 608 
578 579 609 610 
580 581 611 612 
582 583 613 614 
584 585 615 616 
586 587 617 618 
588 589 619 620 
590 591 621 622 
592 593 623 624 
594 595 625 626 
596 597 627 628 
598 599 629 630 
600 601 631 632 
602 603 633 634 
604 605 635 636 
606 607 637 638 
608 609 639 640 
610 611 641 642 
612 613 643 644 
614 615 645 646 
616 617 647 648 
618 619 649 650 
622 623 653 654 
624 625 655 656 
626 627 657 658 
628 629 659 660 
630 631 661 662 
632 633 663 664 
634 635 665 666 
636 637 667 668 
638 639 669 670 
640 641 671 672 
642 643 673 674 
644 645 675 676 
646 647 677 678 
648 649 679 680 
650 651 681 682 
652 653 683 684 
654 655 685 686 
656 657 687 688 
658 659 689 690 
660 661 691 692 
662 663 693 694 
664 665 695 696 
666 667 697 698 
668 669 699 700 
670 671 701 702 
672 673 703 704 
674 675 705 706 
676 677 707 708 
678 679 709 710 
680 681 711 712 
684 685 715 716 
686 687 717 718 
688 689 719 720 
690 691 721 722 
692 693 723 724 
694 695 725 726 
696 697 727 728 
698 699 729 730 
700 701 731 732 
702 703 733 734 
704 705 735 736 
706 707 737 738 
708 709 739 740 
710 711 741 742 
712 713 743 744 
714 715 745 746 
716 717 747 748 
718 719 749 750 
720 721 751 752 
722 723 753 754 
724 725 755 756 
726 727 757 758 
728 729 759 760 
730 731 761 762 
732 733 763 764 
734 735 765 766 
736 737 767 768 
738 739 769 770 
740 741 771 772 
742 743 773 774 
746 747 777 778 
748 749 779 780 
750 751 781 782 
752 753 783 784 
754 755 785 786 
756 757 787 788 
758 759 789 790 
760 761 791 792 
762 763 793 794 
764 765 795 796 
766 767 797 798 
768 769 799 800 
770 771 801 802 
772 773 803 804 
774 775 805 806 
776 777 807 808 
778 779 809 810 
780 781 811 812 
782 783 813 814 
784 785 815 816 
786 787 817 818 
788 789 819 820 
790 791 821 822 
792 793 823 824 
794 795 825 826 
796 797 827 828 
798 799 829 830 
800 801 831 832 
802 803 833 834 
804 805 835 836 
808 809 839 840 
810 811 841 842 
812 813 843 844 
814 815 845 846 
816 817 847 848 
818 819 849 850 
820 821 851 852 
822 823 853 854 
824 825 855 856 
826 827 857 858 
828 829 859 860 
830 831 861 862 
832 833 863 864 
834 835 865 866 
836 837 867 868 
838 839 869 870 
840 841 871 872 
842 843 873 874 
844 845 875 876 
846 847 877 878 
848 849 879 880 
850 851 881 882 
852 853 883 884 
854 855 885 886 
856 857 887 888 
858 859 889 890 
860 861 891 892 
862 863 893 894 
864 865 895 896 
866 867 897 898 
870 871 901 902 
872 873 903 904 
874 875 905 906 
876 877 907 908 
878 879 909 910 
880 881 911 912 
882 883 913 914 
884 885 915 916 
886 887 917 918 
888 889 919 920 
890 891 921 922 
892 893 923 924 
894 895 925 926 
896 897 927 928 
898 899 929 930 
900 901 931 932 
902 903 933 934 
904 905 935 936 
906 907 937 938 
908 909 939 940 
910 911 941 942 
912 913 943 944 
914 915 945 946 
916 917 947 948 
918 919 949 950 
920 921 951 952 
922 923 953 954 
924 925 955 956 
926 927 957 958 
928 929 959 960 
932 933 0 0 
934 935 0 0 
936 937 0 0 
938 939 0 0 
940 941 0 0 
942 943 0 0 
944 945 0 0 
946 947 0 0 
948 949 0 0 
950 951 0 0 
952 953 0 0 
954 955 0 0 
956 957 0 0 
958 959 0 0 
960 961 0 0 
