49 25
2 7
2 2 2 2 2 2 1 2 2 2 2 2 2 1 2 2 2 2 2 2 1 2 2 2 2 2 2 1 2 2 2 2 2 2 1 2 2 2 2 2 2 1 2 2 2 2 2 2 1
2 2 2 4 4 4 4 4 4 4 4 4 4 4 4 4 4 4 4 4 4 2 2 2 7
1 25
1 4
2 4
2 5
3 5
3 6
6 0
7 25
4 7
4 8
5 8
5 9
6 9
6 0
7 25
7 10
8 10
8 11
9 11
9 12
12 0
13 25
10 13
10 14
11 14
11 15
12 15
12 0
13 25
13 16
14 16
14 17
15 17
15 18
18 0
19 25
16 19
16 20
17 20
17 21
18 21
18 0
19 25
19 22
20 22
20 23
21 23
21 24
24 0
1 2 0 0 0 0 0
3 4 0 0 0 0 0
5 6 0 0 0 0 0
2 3 9 10 0 0 0
4 5 11 12 0 0 0
6 7 13 14 0 0 0
8 9 15 16 0 0 0
10 11 17 18 0 0 0
12 13 19 20 0 0 0
16 17 23 24 0 0 0
18 19 25 26 0 0 0
20 21 27 28 0 0 0
22 23 29 30 0 0 0
24 25 31 32 0 0 0
26 27 33 34 0 0 0
30 31 37 38 0 0 0
32 33 39 40 0 0 0
34 35 41 42 0 0 0
36 37 43 44 0 0 0
38 39 45 46 0 0 0
40 41 47 48 0 0 0
44 45 0 0 0 0 0
46 47 0 0 0 0 0
48 49 0 0 0 0 0
1 8 15 22 29 36 43
