81 41
2 9
2 2 2 2 2 2 2 2 2 2 2 2 2 2 2 2 2 2 2 2 2 2 2 2 2 2 2 2 2 2 2 2 2 2 2 2 2 2 2 2 2 2 2 2 2 2 2 2 2 2 2 2 2 2 2 2 2 2 2 2 2 2 2 2 2 2 2 2 2 2 2 2 1 1 1 1 1 1 1 1 1 
4 4 4 4 2 2 4 4 4 4 4 4 4 4 2 2 4 4 4 4 4 4 4 4 2 2 4 4 4 4 4 4 4 4 2 2 4 4 4 4 9 
1 41 
1 41 
2 41 
2 41 
3 41 
3 41 
4 41 
4 41 
5 41 
1 6 
1 7 
2 7 
2 8 
3 8 
3 9 
4 9 
4 10 
5 10 
6 11 
7 11 
7 12 
8 12 
8 13 
9 13 
9 14 
10 14 
10 15 
11 16 
11 17 
12 17 
12 18 
13 18 
13 19 
14 19 
14 20 
15 20 
16 21 
17 21 
17 22 
18 22 
18 23 
19 23 
19 24 
20 24 
20 25 
21 26 
21 27 
22 27 
22 28 
23 28 
23 29 
24 29 
24 30 
25 30 
26 31 
27 31 
27 32 
28 32 
28 33 
29 33 
29 34 
30 34 
30 35 
31 36 
31 37 
32 37 
32 38 
33 38 
33 39 
34 39 
34 40 
35 40 
36 0 
37 0 
37 0 
38 0 
38 0 
39 0 
39 0 
40 0 
40 0 
1 2 10 11 0 0 0 0 0 
3 4 12 13 0 0 0 0 0 
5 6 14 15 0 0 0 0 0 
7 8 16 17 0 0 0 0 0 
9 18 0 0 0 0 0 0 0 
10 19 0 0 0 0 0 0 0 
11 12 20 21 0 0 0 0 0 
13 14 22 23 0 0 0 0 0 
15 16 24 25 0 0 0 0 0 
17 18 26 27 0 0 0 0 0 
19 20 28 29 0 0 0 0 0 
21 22 30 31 0 0 0 0 0 
23 24 32 33 0 0 0 0 0 
25 26 34 35 0 0 0 0 0 
27 36 0 0 0 0 0 0 0 
28 37 0 0 0 0 0 0 0 
29 30 38 39 0 0 0 0 0 
31 32 40 41 0 0 0 0 0 
33 34 42 43 0 0 0 0 0 
35 36 44 45 0 0 0 0 0 
37 38 46 47 0 0 0 0 0 
39 40 48 49 0 0 0 0 0 
41 42 50 51 0 0 0 0 0 
43 44 52 53 0 0 0 0 0 
45 54 0 0 0 0 0 0 0 
46 55 0 0 0 0 0 0 0 
47 48 56 57 0 0 0 0 0 
49 50 58 59 0 0 0 0 0 
51 52 60 61 0 0 0 0 0 
53 54 62 63 0 0 0 0 0 
55 56 64 65 0 0 0 0 0 
57 58 66 67 0 0 0 0 0 
59 60 68 69 0 0 0 0 0 
61 62 70 71 0 0 0 0 0 
63 72 0 0 0 0 0 0 0 
64 73 0 0 0 0 0 0 0 
65 66 74 75 0 0 0 0 0 
67 68 76 77 0 0 0 0 0 
69 70 78 79 0 0 0 0 0 
71 72 80 81 0 0 0 0 0 
1 2 3 4 5 6 7 8 9 
