169 84
2 4
1 2 2 2 2 2 2 2 2 2 2 2 1 1 2 2 2 2 2 2 2 2 2 2 2 1 1 2 2 2 2 2 2 2 2 2 2 2 1 1 2 2 2 2 2 2 2 2 2 2 2 1 1 2 2 2 2 2 2 2 2 2 2 2 1 1 2 2 2 2 2 2 2 2 2 2 2 1 1 2 2 2 2 2 2 2 2 2 2 2 1 1 2 2 2 2 2 2 2 2 2 2 2 1 1 2 2 2 2 2 2 2 2 2 2 2 1 1 2 2 2 2 2 2 2 2 2 2 2 1 1 2 2 2 2 2 2 2 2 2 2 2 1 1 2 2 2 2 2 2 2 2 2 2 2 1 1 2 2 2 2 2 2 2 2 2 2 2 1 
2 2 2 2 2 2 4 4 4 4 4 4 4 4 4 4 4 4 4 4 4 4 4 4 4 4 4 4 4 4 4 4 4 4 4 4 4 4 4 4 4 4 4 4 4 4 4 4 4 4 4 4 4 4 4 4 4 4 4 4 4 4 4 4 4 4 4 4 4 4 4 4 4 4 4 4 4 4 2 2 2 2 2 2 
1 0 
1 7 
2 7 
2 8 
3 8 
3 9 
4 9 
4 10 
5 10 
5 11 
6 11 
6 12 
12 0 
13 0 
7 13 
7 14 
8 14 
8 15 
9 15 
9 16 
10 16 
10 17 
11 17 
11 18 
12 18 
12 0 
13 0 
13 19 
14 19 
14 20 
15 20 
15 21 
16 21 
16 22 
17 22 
17 23 
18 23 
18 24 
24 0 
25 0 
19 25 
19 26 
20 26 
20 27 
21 27 
21 28 
22 28 
22 29 
23 29 
23 30 
24 30 
24 0 
25 0 
25 31 
26 31 
26 32 
27 32 
27 33 
28 33 
28 34 
29 34 
29 35 
30 35 
30 36 
36 0 
37 0 
31 37 
31 38 
32 38 
32 39 
33 39 
33 40 
34 40 
34 41 
35 41 
35 42 
36 42 
36 0 
37 0 
37 43 
38 43 
38 44 
39 44 
39 45 
40 45 
40 46 
41 46 
41 47 
42 47 
42 48 
48 0 
49 0 
43 49 
43 50 
44 50 
44 51 
45 51 
45 52 
46 52 
46 53 
47 53 
47 54 
48 54 
48 0 
49 0 
49 55 
50 55 
50 56 
51 56 
51 57 
52 57 
52 58 
53 58 
53 59 
54 59 
54 60 
60 0 
61 0 
55 61 
55 62 
56 62 
56 63 
57 63 
57 64 
58 64 
58 65 
59 65 
59 66 
60 66 
60 0 
61 0 
61 67 
62 67 
62 68 
63 68 
63 69 
64 69 
64 70 
65 70 
65 71 
66 71 
66 72 
72 0 
73 0 
67 73 
67 74 
68 74 
68 75 
69 75 
69 76 
70 76 
70 77 
71 77 
71 78 
72 78 
72 0 
73 0 
73 79 
74 79 
74 80 
75 80 
75 81 
76 81 
76 82 
77 82 
77 83 
78 83 
78 84 
84 0 
1 2 0 0 
3 4 0 0 
5 6 0 0 
7 8 0 0 
9 10 0 0 
11 12 0 0 
2 3 15 16 
4 5 17 18 
6 7 19 20 
8 9 21 22 
10 11 23 24 
12 13 25 26 
14 15 27 28 
16 17 29 30 
18 19 31 32 
20 21 33 34 
22 23 35 36 
24 25 37 38 
28 29 41 42 
30 31 43 44 
32 33 45 46 
34 35 47 48 
36 37 49 50 
38 39 51 52 
40 41 53 54 
42 43 55 56 
44 45 57 58 
46 47 59 60 
48 49 61 62 
50 51 63 64 
54 55 67 68 
56 57 69 70 
58 59 71 72 
60 61 73 74 
62 63 75 76 
64 65 77 78 
66 67 79 80 
68 69 81 82 
70 71 83 84 
72 73 85 86 
74 75 87 88 
76 77 89 90 
80 81 93 94 
82 83 95 96 
84 85 97 98 
86 87 99 100 
88 89 101 102 
90 91 103 104 
92 93 105 106 
94 95 107 108 
96 97 109 110 
98 99 111 112 
100 101 113 114 
102 103 115 116 
106 107 119 120 
108 109 121 122 
110 111 123 124 
112 113 125 126 
114 115 127 128 
116 117 129 130 
118 119 131 132 
120 121 133 134 
122 123 135 136 
124 125 137 138 
126 127 139 140 
128 129 141 142 
132 133 145 146 
134 135 147 148 
136 137 149 150 
138 139 151 152 
140 141 153 154 
142 143 155 156 
144 145 157 158 
146 147 159 160 
148 149 161 162 
150 151 163 164 
152 153 165 166 
154 155 167 168 
158 159 0 0 
160 161 0 0 
162 163 0 0 
164 165 0 0 
166 167 0 0 
168 169 0 0 
