169 85
2 13
2 2 2 2 2 2 2 2 2 2 2 2 1 2 2 2 2 2 2 2 2 2 2 2 2 1 2 2 2 2 2 2 2 2 2 2 2 2 1 2 2 2 2 2 2 2 2 2 2 2 2 1 2 2 2 2 2 2 2 2 2 2 2 2 1 2 2 2 2 2 2 2 2 2 2 2 2 1 2 2 2 2 2 2 2 2 2 2 2 2 1 2 2 2 2 2 2 2 2 2 2 2 2 1 2 2 2 2 2 2 2 2 2 2 2 2 1 2 2 2 2 2 2 2 2 2 2 2 2 1 2 2 2 2 2 2 2 2 2 2 2 2 1 2 2 2 2 2 2 2 2 2 2 2 2 1 2 2 2 2 2 2 2 2 2 2 2 2 1 
2 2 2 2 2 2 4 4 4 4 4 4 4 4 4 4 4 4 4 4 4 4 4 4 4 4 4 4 4 4 4 4 4 4 4 4 4 4 4 4 4 4 4 4 4 4 4 4 4 4 4 4 4 4 4 4 4 4 4 4 4 4 4 4 4 4 4 4 4 4 4 4 4 4 4 4 4 4 2 2 2 2 2 2 13 
1 85 
1 7 
2 7 
2 8 
3 8 
3 9 
4 9 
4 10 
5 10 
5 11 
6 11 
6 12 
12 0 
13 85 
7 13 
7 14 
8 14 
8 15 
9 15 
9 16 
10 16 
10 17 
11 17 
11 18 
12 18 
12 0 
13 85 
13 19 
14 19 
14 20 
15 20 
15 21 
16 21 
16 22 
17 22 
17 23 
18 23 
18 24 
24 0 
25 85 
19 25 
19 26 
20 26 
20 27 
21 27 
21 28 
22 28 
22 29 
23 29 
23 30 
24 30 
24 0 
25 85 
25 31 
26 31 
26 32 
27 32 
27 33 
28 33 
28 34 
29 34 
29 35 
30 35 
30 36 
36 0 
37 85 
31 37 
31 38 
32 38 
32 39 
33 39 
33 40 
34 40 
34 41 
35 41 
35 42 
36 42 
36 0 
37 85 
37 43 
38 43 
38 44 
39 44 
39 45 
40 45 
40 46 
41 46 
41 47 
42 47 
42 48 
48 0 
49 85 
43 49 
43 50 
44 50 
44 51 
45 51 
45 52 
46 52 
46 53 
47 53 
47 54 
48 54 
48 0 
49 85 
49 55 
50 55 
50 56 
51 56 
51 57 
52 57 
52 58 
53 58 
53 59 
54 59 
54 60 
60 0 
61 85 
55 61 
55 62 
56 62 
56 63 
57 63 
57 64 
58 64 
58 65 
59 65 
59 66 
60 66 
60 0 
61 85 
61 67 
62 67 
62 68 
63 68 
63 69 
64 69 
64 70 
65 70 
65 71 
66 71 
66 72 
72 0 
73 85 
67 73 
67 74 
68 74 
68 75 
69 75 
69 76 
70 76 
70 77 
71 77 
71 78 
72 78 
72 0 
73 85 
73 79 
74 79 
74 80 
75 80 
75 81 
76 81 
76 82 
77 82 
77 83 
78 83 
78 84 
84 0 
1 2 0 0 0 0 0 0 0 0 0 0 0 
3 4 0 0 0 0 0 0 0 0 0 0 0 
5 6 0 0 0 0 0 0 0 0 0 0 0 
7 8 0 0 0 0 0 0 0 0 0 0 0 
9 10 0 0 0 0 0 0 0 0 0 0 0 
11 12 0 0 0 0 0 0 0 0 0 0 0 
2 3 15 16 0 0 0 0 0 0 0 0 0 
4 5 17 18 0 0 0 0 0 0 0 0 0 
6 7 19 20 0 0 0 0 0 0 0 0 0 
8 9 21 22 0 0 0 0 0 0 0 0 0 
10 11 23 24 0 0 0 0 0 0 0 0 0 
12 13 25 26 0 0 0 0 0 0 0 0 0 
14 15 27 28 0 0 0 0 0 0 0 0 0 
16 17 29 30 0 0 0 0 0 0 0 0 0 
18 19 31 32 0 0 0 0 0 0 0 0 0 
20 21 33 34 0 0 0 0 0 0 0 0 0 
22 23 35 36 0 0 0 0 0 0 0 0 0 
24 25 37 38 0 0 0 0 0 0 0 0 0 
28 29 41 42 0 0 0 0 0 0 0 0 0 
30 31 43 44 0 0 0 0 0 0 0 0 0 
32 33 45 46 0 0 0 0 0 0 0 0 0 
34 35 47 48 0 0 0 0 0 0 0 0 0 
36 37 49 50 0 0 0 0 0 0 0 0 0 
38 39 51 52 0 0 0 0 0 0 0 0 0 
40 41 53 54 0 0 0 0 0 0 0 0 0 
42 43 55 56 0 0 0 0 0 0 0 0 0 
44 45 57 58 0 0 0 0 0 0 0 0 0 
46 47 59 60 0 0 0 0 0 0 0 0 0 
48 49 61 62 0 0 0 0 0 0 0 0 0 
50 51 63 64 0 0 0 0 0 0 0 0 0 
54 55 67 68 0 0 0 0 0 0 0 0 0 
56 57 69 70 0 0 0 0 0 0 0 0 0 
58 59 71 72 0 0 0 0 0 0 0 0 0 
60 61 73 74 0 0 0 0 0 0 0 0 0 
62 63 75 76 0 0 0 0 0 0 0 0 0 
64 65 77 78 0 0 0 0 0 0 0 0 0 
66 67 79 80 0 0 0 0 0 0 0 0 0 
68 69 81 82 0 0 0 0 0 0 0 0 0 
70 71 83 84 0 0 0 0 0 0 0 0 0 
72 73 85 86 0 0 0 0 0 0 0 0 0 
74 75 87 88 0 0 0 0 0 0 0 0 0 
76 77 89 90 0 0 0 0 0 0 0 0 0 
80 81 93 94 0 0 0 0 0 0 0 0 0 
82 83 95 96 0 0 0 0 0 0 0 0 0 
84 85 97 98 0 0 0 0 0 0 0 0 0 
86 87 99 100 0 0 0 0 0 0 0 0 0 
88 89 101 102 0 0 0 0 0 0 0 0 0 
90 91 103 104 0 0 0 0 0 0 0 0 0 
92 93 105 106 0 0 0 0 0 0 0 0 0 
94 95 107 108 0 0 0 0 0 0 0 0 0 
96 97 109 110 0 0 0 0 0 0 0 0 0 
98 99 111 112 0 0 0 0 0 0 0 0 0 
100 101 113 114 0 0 0 0 0 0 0 0 0 
102 103 115 116 0 0 0 0 0 0 0 0 0 
106 107 119 120 0 0 0 0 0 0 0 0 0 
108 109 121 122 0 0 0 0 0 0 0 0 0 
110 111 123 124 0 0 0 0 0 0 0 0 0 
112 113 125 126 0 0 0 0 0 0 0 0 0 
114 115 127 128 0 0 0 0 0 0 0 0 0 
116 117 129 130 0 0 0 0 0 0 0 0 0 
118 119 131 132 0 0 0 0 0 0 0 0 0 
120 121 133 134 0 0 0 0 0 0 0 0 0 
122 123 135 136 0 0 0 0 0 0 0 0 0 
124 125 137 138 0 0 0 0 0 0 0 0 0 
126 127 139 140 0 0 0 0 0 0 0 0 0 
128 129 141 142 0 0 0 0 0 0 0 0 0 
132 133 145 146 0 0 0 0 0 0 0 0 0 
134 135 147 148 0 0 0 0 0 0 0 0 0 
136 137 149 150 0 0 0 0 0 0 0 0 0 
138 139 151 152 0 0 0 0 0 0 0 0 0 
140 141 153 154 0 0 0 0 0 0 0 0 0 
142 143 155 156 0 0 0 0 0 0 0 0 0 
144 145 157 158 0 0 0 0 0 0 0 0 0 
146 147 159 160 0 0 0 0 0 0 0 0 0 
148 149 161 162 0 0 0 0 0 0 0 0 0 
150 151 163 164 0 0 0 0 0 0 0 0 0 
152 153 165 166 0 0 0 0 0 0 0 0 0 
154 155 167 168 0 0 0 0 0 0 0 0 0 
158 159 0 0 0 0 0 0 0 0 0 0 0 
160 161 0 0 0 0 0 0 0 0 0 0 0 
162 163 0 0 0 0 0 0 0 0 0 0 0 
164 165 0 0 0 0 0 0 0 0 0 0 0 
166 167 0 0 0 0 0 0 0 0 0 0 0 
168 169 0 0 0 0 0 0 0 0 0 0 0 
1 14 27 40 53 66 79 92 105 118 131 144 157 
