169 85
2 13
2 2 2 2 2 2 2 2 2 2 2 2 2 2 2 2 2 2 2 2 2 2 2 2 2 2 2 2 2 2 2 2 2 2 2 2 2 2 2 2 2 2 2 2 2 2 2 2 2 2 2 2 2 2 2 2 2 2 2 2 2 2 2 2 2 2 2 2 2 2 2 2 2 2 2 2 2 2 2 2 2 2 2 2 2 2 2 2 2 2 2 2 2 2 2 2 2 2 2 2 2 2 2 2 2 2 2 2 2 2 2 2 2 2 2 2 2 2 2 2 2 2 2 2 2 2 2 2 2 2 2 2 2 2 2 2 2 2 2 2 2 2 2 2 2 2 2 2 2 2 2 2 2 2 2 2 1 1 1 1 1 1 1 1 1 1 1 1 1 
4 4 4 4 4 4 2 2 4 4 4 4 4 4 4 4 4 4 4 4 2 2 4 4 4 4 4 4 4 4 4 4 4 4 2 2 4 4 4 4 4 4 4 4 4 4 4 4 2 2 4 4 4 4 4 4 4 4 4 4 4 4 2 2 4 4 4 4 4 4 4 4 4 4 4 4 2 2 4 4 4 4 4 4 13 
1 85 
1 85 
2 85 
2 85 
3 85 
3 85 
4 85 
4 85 
5 85 
5 85 
6 85 
6 85 
7 85 
1 8 
1 9 
2 9 
2 10 
3 10 
3 11 
4 11 
4 12 
5 12 
5 13 
6 13 
6 14 
7 14 
8 15 
9 15 
9 16 
10 16 
10 17 
11 17 
11 18 
12 18 
12 19 
13 19 
13 20 
14 20 
14 21 
15 22 
15 23 
16 23 
16 24 
17 24 
17 25 
18 25 
18 26 
19 26 
19 27 
20 27 
20 28 
21 28 
22 29 
23 29 
23 30 
24 30 
24 31 
25 31 
25 32 
26 32 
26 33 
27 33 
27 34 
28 34 
28 35 
29 36 
29 37 
30 37 
30 38 
31 38 
31 39 
32 39 
32 40 
33 40 
33 41 
34 41 
34 42 
35 42 
36 43 
37 43 
37 44 
38 44 
38 45 
39 45 
39 46 
40 46 
40 47 
41 47 
41 48 
42 48 
42 49 
43 50 
43 51 
44 51 
44 52 
45 52 
45 53 
46 53 
46 54 
47 54 
47 55 
48 55 
48 56 
49 56 
50 57 
51 57 
51 58 
52 58 
52 59 
53 59 
53 60 
54 60 
54 61 
55 61 
55 62 
56 62 
56 63 
57 64 
57 65 
58 65 
58 66 
59 66 
59 67 
60 67 
60 68 
61 68 
61 69 
62 69 
62 70 
63 70 
64 71 
65 71 
65 72 
66 72 
66 73 
67 73 
67 74 
68 74 
68 75 
69 75 
69 76 
70 76 
70 77 
71 78 
71 79 
72 79 
72 80 
73 80 
73 81 
74 81 
74 82 
75 82 
75 83 
76 83 
76 84 
77 84 
78 0 
79 0 
79 0 
80 0 
80 0 
81 0 
81 0 
82 0 
82 0 
83 0 
83 0 
84 0 
84 0 
1 2 14 15 0 0 0 0 0 0 0 0 0 
3 4 16 17 0 0 0 0 0 0 0 0 0 
5 6 18 19 0 0 0 0 0 0 0 0 0 
7 8 20 21 0 0 0 0 0 0 0 0 0 
9 10 22 23 0 0 0 0 0 0 0 0 0 
11 12 24 25 0 0 0 0 0 0 0 0 0 
13 26 0 0 0 0 0 0 0 0 0 0 0 
14 27 0 0 0 0 0 0 0 0 0 0 0 
15 16 28 29 0 0 0 0 0 0 0 0 0 
17 18 30 31 0 0 0 0 0 0 0 0 0 
19 20 32 33 0 0 0 0 0 0 0 0 0 
21 22 34 35 0 0 0 0 0 0 0 0 0 
23 24 36 37 0 0 0 0 0 0 0 0 0 
25 26 38 39 0 0 0 0 0 0 0 0 0 
27 28 40 41 0 0 0 0 0 0 0 0 0 
29 30 42 43 0 0 0 0 0 0 0 0 0 
31 32 44 45 0 0 0 0 0 0 0 0 0 
33 34 46 47 0 0 0 0 0 0 0 0 0 
35 36 48 49 0 0 0 0 0 0 0 0 0 
37 38 50 51 0 0 0 0 0 0 0 0 0 
39 52 0 0 0 0 0 0 0 0 0 0 0 
40 53 0 0 0 0 0 0 0 0 0 0 0 
41 42 54 55 0 0 0 0 0 0 0 0 0 
43 44 56 57 0 0 0 0 0 0 0 0 0 
45 46 58 59 0 0 0 0 0 0 0 0 0 
47 48 60 61 0 0 0 0 0 0 0 0 0 
49 50 62 63 0 0 0 0 0 0 0 0 0 
51 52 64 65 0 0 0 0 0 0 0 0 0 
53 54 66 67 0 0 0 0 0 0 0 0 0 
55 56 68 69 0 0 0 0 0 0 0 0 0 
57 58 70 71 0 0 0 0 0 0 0 0 0 
59 60 72 73 0 0 0 0 0 0 0 0 0 
61 62 74 75 0 0 0 0 0 0 0 0 0 
63 64 76 77 0 0 0 0 0 0 0 0 0 
65 78 0 0 0 0 0 0 0 0 0 0 0 
66 79 0 0 0 0 0 0 0 0 0 0 0 
67 68 80 81 0 0 0 0 0 0 0 0 0 
69 70 82 83 0 0 0 0 0 0 0 0 0 
71 72 84 85 0 0 0 0 0 0 0 0 0 
73 74 86 87 0 0 0 0 0 0 0 0 0 
75 76 88 89 0 0 0 0 0 0 0 0 0 
77 78 90 91 0 0 0 0 0 0 0 0 0 
79 80 92 93 0 0 0 0 0 0 0 0 0 
81 82 94 95 0 0 0 0 0 0 0 0 0 
83 84 96 97 0 0 0 0 0 0 0 0 0 
85 86 98 99 0 0 0 0 0 0 0 0 0 
87 88 100 101 0 0 0 0 0 0 0 0 0 
89 90 102 103 0 0 0 0 0 0 0 0 0 
91 104 0 0 0 0 0 0 0 0 0 0 0 
92 105 0 0 0 0 0 0 0 0 0 0 0 
93 94 106 107 0 0 0 0 0 0 0 0 0 
95 96 108 109 0 0 0 0 0 0 0 0 0 
97 98 110 111 0 0 0 0 0 0 0 0 0 
99 100 112 113 0 0 0 0 0 0 0 0 0 
101 102 114 115 0 0 0 0 0 0 0 0 0 
103 104 116 117 0 0 0 0 0 0 0 0 0 
105 106 118 119 0 0 0 0 0 0 0 0 0 
107 108 120 121 0 0 0 0 0 0 0 0 0 
109 110 122 123 0 0 0 0 0 0 0 0 0 
111 112 124 125 0 0 0 0 0 0 0 0 0 
113 114 126 127 0 0 0 0 0 0 0 0 0 
115 116 128 129 0 0 0 0 0 0 0 0 0 
117 130 0 0 0 0 0 0 0 0 0 0 0 
118 131 0 0 0 0 0 0 0 0 0 0 0 
119 120 132 133 0 0 0 0 0 0 0 0 0 
121 122 134 135 0 0 0 0 0 0 0 0 0 
123 124 136 137 0 0 0 0 0 0 0 0 0 
125 126 138 139 0 0 0 0 0 0 0 0 0 
127 128 140 141 0 0 0 0 0 0 0 0 0 
129 130 142 143 0 0 0 0 0 0 0 0 0 
131 132 144 145 0 0 0 0 0 0 0 0 0 
133 134 146 147 0 0 0 0 0 0 0 0 0 
135 136 148 149 0 0 0 0 0 0 0 0 0 
137 138 150 151 0 0 0 0 0 0 0 0 0 
139 140 152 153 0 0 0 0 0 0 0 0 0 
141 142 154 155 0 0 0 0 0 0 0 0 0 
143 156 0 0 0 0 0 0 0 0 0 0 0 
144 157 0 0 0 0 0 0 0 0 0 0 0 
145 146 158 159 0 0 0 0 0 0 0 0 0 
147 148 160 161 0 0 0 0 0 0 0 0 0 
149 150 162 163 0 0 0 0 0 0 0 0 0 
151 152 164 165 0 0 0 0 0 0 0 0 0 
153 154 166 167 0 0 0 0 0 0 0 0 0 
155 156 168 169 0 0 0 0 0 0 0 0 0 
1 2 3 4 5 6 7 8 9 10 11 12 13 
