121 61
2 11
2 2 2 2 2 2 2 2 2 2 1 2 2 2 2 2 2 2 2 2 2 1 2 2 2 2 2 2 2 2 2 2 1 2 2 2 2 2 2 2 2 2 2 1 2 2 2 2 2 2 2 2 2 2 1 2 2 2 2 2 2 2 2 2 2 1 2 2 2 2 2 2 2 2 2 2 1 2 2 2 2 2 2 2 2 2 2 1 2 2 2 2 2 2 2 2 2 2 1 2 2 2 2 2 2 2 2 2 2 1 2 2 2 2 2 2 2 2 2 2 1 
2 2 2 2 2 4 4 4 4 4 4 4 4 4 4 4 4 4 4 4 4 4 4 4 4 4 4 4 4 4 4 4 4 4 4 4 4 4 4 4 4 4 4 4 4 4 4 4 4 4 4 4 4 4 4 2 2 2 2 2 11 
1 61 
1 6 
2 6 
2 7 
3 7 
3 8 
4 8 
4 9 
5 9 
5 10 
10 0 
11 61 
6 11 
6 12 
7 12 
7 13 
8 13 
8 14 
9 14 
9 15 
10 15 
10 0 
11 61 
11 16 
12 16 
12 17 
13 17 
13 18 
14 18 
14 19 
15 19 
15 20 
20 0 
21 61 
16 21 
16 22 
17 22 
17 23 
18 23 
18 24 
19 24 
19 25 
20 25 
20 0 
21 61 
21 26 
22 26 
22 27 
23 27 
23 28 
24 28 
24 29 
25 29 
25 30 
30 0 
31 61 
26 31 
26 32 
27 32 
27 33 
28 33 
28 34 
29 34 
29 35 
30 35 
30 0 
31 61 
31 36 
32 36 
32 37 
33 37 
33 38 
34 38 
34 39 
35 39 
35 40 
40 0 
41 61 
36 41 
36 42 
37 42 
37 43 
38 43 
38 44 
39 44 
39 45 
40 45 
40 0 
41 61 
41 46 
42 46 
42 47 
43 47 
43 48 
44 48 
44 49 
45 49 
45 50 
50 0 
51 61 
46 51 
46 52 
47 52 
47 53 
48 53 
48 54 
49 54 
49 55 
50 55 
50 0 
51 61 
51 56 
52 56 
52 57 
53 57 
53 58 
54 58 
54 59 
55 59 
55 60 
60 0 
1 2 0 0 0 0 0 0 0 0 0 
3 4 0 0 0 0 0 0 0 0 0 
5 6 0 0 0 0 0 0 0 0 0 
7 8 0 0 0 0 0 0 0 0 0 
9 10 0 0 0 0 0 0 0 0 0 
2 3 13 14 0 0 0 0 0 0 0 
4 5 15 16 0 0 0 0 0 0 0 
6 7 17 18 0 0 0 0 0 0 0 
8 9 19 20 0 0 0 0 0 0 0 
10 11 21 22 0 0 0 0 0 0 0 
12 13 23 24 0 0 0 0 0 0 0 
14 15 25 26 0 0 0 0 0 0 0 
16 17 27 28 0 0 0 0 0 0 0 
18 19 29 30 0 0 0 0 0 0 0 
20 21 31 32 0 0 0 0 0 0 0 
24 25 35 36 0 0 0 0 0 0 0 
26 27 37 38 0 0 0 0 0 0 0 
28 29 39 40 0 0 0 0 0 0 0 
30 31 41 42 0 0 0 0 0 0 0 
32 33 43 44 0 0 0 0 0 0 0 
34 35 45 46 0 0 0 0 0 0 0 
36 37 47 48 0 0 0 0 0 0 0 
38 39 49 50 0 0 0 0 0 0 0 
40 41 51 52 0 0 0 0 0 0 0 
42 43 53 54 0 0 0 0 0 0 0 
46 47 57 58 0 0 0 0 0 0 0 
48 49 59 60 0 0 0 0 0 0 0 
50 51 61 62 0 0 0 0 0 0 0 
52 53 63 64 0 0 0 0 0 0 0 
54 55 65 66 0 0 0 0 0 0 0 
56 57 67 68 0 0 0 0 0 0 0 
58 59 69 70 0 0 0 0 0 0 0 
60 61 71 72 0 0 0 0 0 0 0 
62 63 73 74 0 0 0 0 0 0 0 
64 65 75 76 0 0 0 0 0 0 0 
68 69 79 80 0 0 0 0 0 0 0 
70 71 81 82 0 0 0 0 0 0 0 
72 73 83 84 0 0 0 0 0 0 0 
74 75 85 86 0 0 0 0 0 0 0 
76 77 87 88 0 0 0 0 0 0 0 
78 79 89 90 0 0 0 0 0 0 0 
80 81 91 92 0 0 0 0 0 0 0 
82 83 93 94 0 0 0 0 0 0 0 
84 85 95 96 0 0 0 0 0 0 0 
86 87 97 98 0 0 0 0 0 0 0 
90 91 101 102 0 0 0 0 0 0 0 
92 93 103 104 0 0 0 0 0 0 0 
94 95 105 106 0 0 0 0 0 0 0 
96 97 107 108 0 0 0 0 0 0 0 
98 99 109 110 0 0 0 0 0 0 0 
100 101 111 112 0 0 0 0 0 0 0 
102 103 113 114 0 0 0 0 0 0 0 
104 105 115 116 0 0 0 0 0 0 0 
106 107 117 118 0 0 0 0 0 0 0 
108 109 119 120 0 0 0 0 0 0 0 
112 113 0 0 0 0 0 0 0 0 0 
114 115 0 0 0 0 0 0 0 0 0 
116 117 0 0 0 0 0 0 0 0 0 
118 119 0 0 0 0 0 0 0 0 0 
120 121 0 0 0 0 0 0 0 0 0 
1 12 23 34 45 56 67 78 89 100 111 
