121 61
2 11
2 2 2 2 2 2 2 2 2 2 2 2 2 2 2 2 2 2 2 2 2 2 2 2 2 2 2 2 2 2 2 2 2 2 2 2 2 2 2 2 2 2 2 2 2 2 2 2 2 2 2 2 2 2 2 2 2 2 2 2 2 2 2 2 2 2 2 2 2 2 2 2 2 2 2 2 2 2 2 2 2 2 2 2 2 2 2 2 2 2 2 2 2 2 2 2 2 2 2 2 2 2 2 2 2 2 2 2 2 2 1 1 1 1 1 1 1 1 1 1 1 
4 4 4 4 4 2 2 4 4 4 4 4 4 4 4 4 4 2 2 4 4 4 4 4 4 4 4 4 4 2 2 4 4 4 4 4 4 4 4 4 4 2 2 4 4 4 4 4 4 4 4 4 4 2 2 4 4 4 4 4 11 
1 61 
1 61 
2 61 
2 61 
3 61 
3 61 
4 61 
4 61 
5 61 
5 61 
6 61 
1 7 
1 8 
2 8 
2 9 
3 9 
3 10 
4 10 
4 11 
5 11 
5 12 
6 12 
7 13 
8 13 
8 14 
9 14 
9 15 
10 15 
10 16 
11 16 
11 17 
12 17 
12 18 
13 19 
13 20 
14 20 
14 21 
15 21 
15 22 
16 22 
16 23 
17 23 
17 24 
18 24 
19 25 
20 25 
20 26 
21 26 
21 27 
22 27 
22 28 
23 28 
23 29 
24 29 
24 30 
25 31 
25 32 
26 32 
26 33 
27 33 
27 34 
28 34 
28 35 
29 35 
29 36 
30 36 
31 37 
32 37 
32 38 
33 38 
33 39 
34 39 
34 40 
35 40 
35 41 
36 41 
36 42 
37 43 
37 44 
38 44 
38 45 
39 45 
39 46 
40 46 
40 47 
41 47 
41 48 
42 48 
43 49 
44 49 
44 50 
45 50 
45 51 
46 51 
46 52 
47 52 
47 53 
48 53 
48 54 
49 55 
49 56 
50 56 
50 57 
51 57 
51 58 
52 58 
52 59 
53 59 
53 60 
54 60 
55 0 
56 0 
56 0 
57 0 
57 0 
58 0 
58 0 
59 0 
59 0 
60 0 
60 0 
1 2 12 13 0 0 0 0 0 0 0 
3 4 14 15 0 0 0 0 0 0 0 
5 6 16 17 0 0 0 0 0 0 0 
7 8 18 19 0 0 0 0 0 0 0 
9 10 20 21 0 0 0 0 0 0 0 
11 22 0 0 0 0 0 0 0 0 0 
12 23 0 0 0 0 0 0 0 0 0 
13 14 24 25 0 0 0 0 0 0 0 
15 16 26 27 0 0 0 0 0 0 0 
17 18 28 29 0 0 0 0 0 0 0 
19 20 30 31 0 0 0 0 0 0 0 
21 22 32 33 0 0 0 0 0 0 0 
23 24 34 35 0 0 0 0 0 0 0 
25 26 36 37 0 0 0 0 0 0 0 
27 28 38 39 0 0 0 0 0 0 0 
29 30 40 41 0 0 0 0 0 0 0 
31 32 42 43 0 0 0 0 0 0 0 
33 44 0 0 0 0 0 0 0 0 0 
34 45 0 0 0 0 0 0 0 0 0 
35 36 46 47 0 0 0 0 0 0 0 
37 38 48 49 0 0 0 0 0 0 0 
39 40 50 51 0 0 0 0 0 0 0 
41 42 52 53 0 0 0 0 0 0 0 
43 44 54 55 0 0 0 0 0 0 0 
45 46 56 57 0 0 0 0 0 0 0 
47 48 58 59 0 0 0 0 0 0 0 
49 50 60 61 0 0 0 0 0 0 0 
51 52 62 63 0 0 0 0 0 0 0 
53 54 64 65 0 0 0 0 0 0 0 
55 66 0 0 0 0 0 0 0 0 0 
56 67 0 0 0 0 0 0 0 0 0 
57 58 68 69 0 0 0 0 0 0 0 
59 60 70 71 0 0 0 0 0 0 0 
61 62 72 73 0 0 0 0 0 0 0 
63 64 74 75 0 0 0 0 0 0 0 
65 66 76 77 0 0 0 0 0 0 0 
67 68 78 79 0 0 0 0 0 0 0 
69 70 80 81 0 0 0 0 0 0 0 
71 72 82 83 0 0 0 0 0 0 0 
73 74 84 85 0 0 0 0 0 0 0 
75 76 86 87 0 0 0 0 0 0 0 
77 88 0 0 0 0 0 0 0 0 0 
78 89 0 0 0 0 0 0 0 0 0 
79 80 90 91 0 0 0 0 0 0 0 
81 82 92 93 0 0 0 0 0 0 0 
83 84 94 95 0 0 0 0 0 0 0 
85 86 96 97 0 0 0 0 0 0 0 
87 88 98 99 0 0 0 0 0 0 0 
89 90 100 101 0 0 0 0 0 0 0 
91 92 102 103 0 0 0 0 0 0 0 
93 94 104 105 0 0 0 0 0 0 0 
95 96 106 107 0 0 0 0 0 0 0 
97 98 108 109 0 0 0 0 0 0 0 
99 110 0 0 0 0 0 0 0 0 0 
100 111 0 0 0 0 0 0 0 0 0 
101 102 112 113 0 0 0 0 0 0 0 
103 104 114 115 0 0 0 0 0 0 0 
105 106 116 117 0 0 0 0 0 0 0 
107 108 118 119 0 0 0 0 0 0 0 
109 110 120 121 0 0 0 0 0 0 0 
1 2 3 4 5 6 7 8 9 10 11 
