961 480
2 4
1 1 1 1 1 1 1 1 1 1 1 1 1 1 1 1 1 1 1 1 1 1 1 1 1 1 1 1 1 1 1 2 2 2 2 2 2 2 2 2 2 2 2 2 2 2 2 2 2 2 2 2 2 2 2 2 2 2 2 2 2 2 2 2 2 2 2 2 2 2 2 2 2 2 2 2 2 2 2 2 2 2 2 2 2 2 2 2 2 2 2 2 2 2 2 2 2 2 2 2 2 2 2 2 2 2 2 2 2 2 2 2 2 2 2 2 2 2 2 2 2 2 2 2 2 2 2 2 2 2 2 2 2 2 2 2 2 2 2 2 2 2 2 2 2 2 2 2 2 2 2 2 2 2 2 2 2 2 2 2 2 2 2 2 2 2 2 2 2 2 2 2 2 2 2 2 2 2 2 2 2 2 2 2 2 2 2 2 2 2 2 2 2 2 2 2 2 2 2 2 2 2 2 2 2 2 2 2 2 2 2 2 2 2 2 2 2 2 2 2 2 2 2 2 2 2 2 2 2 2 2 2 2 2 2 2 2 2 2 2 2 2 2 2 2 2 2 2 2 2 2 2 2 2 2 2 2 2 2 2 2 2 2 2 2 2 2 2 2 2 2 2 2 2 2 2 2 2 2 2 2 2 2 2 2 2 2 2 2 2 2 2 2 2 2 2 2 2 2 2 2 2 2 2 2 2 2 2 2 2 2 2 2 2 2 2 2 2 2 2 2 2 2 2 2 2 2 2 2 2 2 2 2 2 2 2 2 2 2 2 2 2 2 2 2 2 2 2 2 2 2 2 2 2 2 2 2 2 2 2 2 2 2 2 2 2 2 2 2 2 2 2 2 2 2 2 2 2 2 2 2 2 2 2 2 2 2 2 2 2 2 2 2 2 2 2 2 2 2 2 2 2 2 2 2 2 2 2 2 2 2 2 2 2 2 2 2 2 2 2 2 2 2 2 2 2 2 2 2 2 2 2 2 2 2 2 2 2 2 2 2 2 2 2 2 2 2 2 2 2 2 2 2 2 2 2 2 2 2 2 2 2 2 2 2 2 2 2 2 2 2 2 2 2 2 2 2 2 2 2 2 2 2 2 2 2 2 2 2 2 2 2 2 2 2 2 2 2 2 2 2 2 2 2 2 2 2 2 2 2 2 2 2 2 2 2 2 2 2 2 2 2 2 2 2 2 2 2 2 2 2 2 2 2 2 2 2 2 2 2 2 2 2 2 2 2 2 2 2 2 2 2 2 2 2 2 2 2 2 2 2 2 2 2 2 2 2 2 2 2 2 2 2 2 2 2 2 2 2 2 2 2 2 2 2 2 2 2 2 2 2 2 2 2 2 2 2 2 2 2 2 2 2 2 2 2 2 2 2 2 2 2 2 2 2 2 2 2 2 2 2 2 2 2 2 2 2 2 2 2 2 2 2 2 2 2 2 2 2 2 2 2 2 2 2 2 2 2 2 2 2 2 2 2 2 2 2 2 2 2 2 2 2 2 2 2 2 2 2 2 2 2 2 2 2 2 2 2 2 2 2 2 2 2 2 2 2 2 2 2 2 2 2 2 2 2 2 2 2 2 2 2 2 2 2 2 2 2 2 2 2 2 2 2 2 2 2 2 2 2 2 2 2 2 2 2 2 2 2 2 2 2 2 2 2 2 2 2 2 2 2 2 2 2 2 2 2 2 2 2 2 2 2 2 2 2 2 2 2 2 2 2 2 2 2 2 2 2 2 2 2 2 2 2 2 2 2 2 2 2 2 2 2 2 2 2 2 2 2 2 2 2 2 2 2 2 2 2 2 2 2 2 2 2 2 2 2 2 2 2 2 2 2 2 2 2 2 2 2 2 2 2 2 2 2 2 2 2 2 2 2 2 2 2 2 2 2 2 2 2 2 2 2 2 2 2 2 2 2 2 2 2 2 2 2 2 2 2 2 2 2 2 2 2 2 2 2 2 2 2 2 2 2 2 2 2 2 2 2 2 2 2 2 2 2 2 2 2 2 2 2 2 2 2 2 2 2 2 2 2 2 2 2 2 2 2 2 2 2 2 2 2 2 2 2 2 2 2 2 2 2 2 2 2 2 2 2 2 2 2 1 1 1 1 1 1 1 1 1 1 1 1 1 1 1 1 1 1 1 1 1 1 1 1 1 1 1 1 1 1 1 
4 4 4 4 4 4 4 4 4 4 4 4 4 4 4 2 2 4 4 4 4 4 4 4 4 4 4 4 4 4 4 4 4 4 4 4 4 4 4 4 4 4 4 4 4 4 4 2 2 4 4 4 4 4 4 4 4 4 4 4 4 4 4 4 4 4 4 4 4 4 4 4 4 4 4 4 4 4 4 2 2 4 4 4 4 4 4 4 4 4 4 4 4 4 4 4 4 4 4 4 4 4 4 4 4 4 4 4 4 4 4 2 2 4 4 4 4 4 4 4 4 4 4 4 4 4 4 4 4 4 4 4 4 4 4 4 4 4 4 4 4 4 4 2 2 4 4 4 4 4 4 4 4 4 4 4 4 4 4 4 4 4 4 4 4 4 4 4 4 4 4 4 4 4 4 2 2 4 4 4 4 4 4 4 4 4 4 4 4 4 4 4 4 4 4 4 4 4 4 4 4 4 4 4 4 4 4 2 2 4 4 4 4 4 4 4 4 4 4 4 4 4 4 4 4 4 4 4 4 4 4 4 4 4 4 4 4 4 4 2 2 4 4 4 4 4 4 4 4 4 4 4 4 4 4 4 4 4 4 4 4 4 4 4 4 4 4 4 4 4 4 2 2 4 4 4 4 4 4 4 4 4 4 4 4 4 4 4 4 4 4 4 4 4 4 4 4 4 4 4 4 4 4 2 2 4 4 4 4 4 4 4 4 4 4 4 4 4 4 4 4 4 4 4 4 4 4 4 4 4 4 4 4 4 4 2 2 4 4 4 4 4 4 4 4 4 4 4 4 4 4 4 4 4 4 4 4 4 4 4 4 4 4 4 4 4 4 2 2 4 4 4 4 4 4 4 4 4 4 4 4 4 4 4 4 4 4 4 4 4 4 4 4 4 4 4 4 4 4 2 2 4 4 4 4 4 4 4 4 4 4 4 4 4 4 4 4 4 4 4 4 4 4 4 4 4 4 4 4 4 4 2 2 4 4 4 4 4 4 4 4 4 4 4 4 4 4 4 4 4 4 4 4 4 4 4 4 4 4 4 4 4 4 2 2 4 4 4 4 4 4 4 4 4 4 4 4 4 4 4 
1 0 
1 0 
2 0 
2 0 
3 0 
3 0 
4 0 
4 0 
5 0 
5 0 
6 0 
6 0 
7 0 
7 0 
8 0 
8 0 
9 0 
9 0 
10 0 
10 0 
11 0 
11 0 
12 0 
12 0 
13 0 
13 0 
14 0 
14 0 
15 0 
15 0 
16 0 
1 17 
1 18 
2 18 
2 19 
3 19 
3 20 
4 20 
4 21 
5 21 
5 22 
6 22 
6 23 
7 23 
7 24 
8 24 
8 25 
9 25 
9 26 
10 26 
10 27 
11 27 
11 28 
12 28 
12 29 
13 29 
13 30 
14 30 
14 31 
15 31 
15 32 
16 32 
17 33 
18 33 
18 34 
19 34 
19 35 
20 35 
20 36 
21 36 
21 37 
22 37 
22 38 
23 38 
23 39 
24 39 
24 40 
25 40 
25 41 
26 41 
26 42 
27 42 
27 43 
28 43 
28 44 
29 44 
29 45 
30 45 
30 46 
31 46 
31 47 
32 47 
32 48 
33 49 
33 50 
34 50 
34 51 
35 51 
35 52 
36 52 
36 53 
37 53 
37 54 
38 54 
38 55 
39 55 
39 56 
40 56 
40 57 
41 57 
41 58 
42 58 
42 59 
43 59 
43 60 
44 60 
44 61 
45 61 
45 62 
46 62 
46 63 
47 63 
47 64 
48 64 
49 65 
50 65 
50 66 
51 66 
51 67 
52 67 
52 68 
53 68 
53 69 
54 69 
54 70 
55 70 
55 71 
56 71 
56 72 
57 72 
57 73 
58 73 
58 74 
59 74 
59 75 
60 75 
60 76 
61 76 
61 77 
62 77 
62 78 
63 78 
63 79 
64 79 
64 80 
65 81 
65 82 
66 82 
66 83 
67 83 
67 84 
68 84 
68 85 
69 85 
69 86 
70 86 
70 87 
71 87 
71 88 
72 88 
72 89 
73 89 
73 90 
74 90 
74 91 
75 91 
75 92 
76 92 
76 93 
77 93 
77 94 
78 94 
78 95 
79 95 
79 96 
80 96 
81 97 
82 97 
82 98 
83 98 
83 99 
84 99 
84 100 
85 100 
85 101 
86 101 
86 102 
87 102 
87 103 
88 103 
88 104 
89 104 
89 105 
90 105 
90 106 
91 106 
91 107 
92 107 
92 108 
93 108 
93 109 
94 109 
94 110 
95 110 
95 111 
96 111 
96 112 
97 113 
97 114 
98 114 
98 115 
99 115 
99 116 
100 116 
100 117 
101 117 
101 118 
102 118 
102 119 
103 119 
103 120 
104 120 
104 121 
105 121 
105 122 
106 122 
106 123 
107 123 
107 124 
108 124 
108 125 
109 125 
109 126 
110 126 
110 127 
111 127 
111 128 
112 128 
113 129 
114 129 
114 130 
115 130 
115 131 
116 131 
116 132 
117 132 
117 133 
118 133 
118 134 
119 134 
119 135 
120 135 
120 136 
121 136 
121 137 
122 137 
122 138 
123 138 
123 139 
124 139 
124 140 
125 140 
125 141 
126 141 
126 142 
127 142 
127 143 
128 143 
128 144 
129 145 
129 146 
130 146 
130 147 
131 147 
131 148 
132 148 
132 149 
133 149 
133 150 
134 150 
134 151 
135 151 
135 152 
136 152 
136 153 
137 153 
137 154 
138 154 
138 155 
139 155 
139 156 
140 156 
140 157 
141 157 
141 158 
142 158 
142 159 
143 159 
143 160 
144 160 
145 161 
146 161 
146 162 
147 162 
147 163 
148 163 
148 164 
149 164 
149 165 
150 165 
150 166 
151 166 
151 167 
152 167 
152 168 
153 168 
153 169 
154 169 
154 170 
155 170 
155 171 
156 171 
156 172 
157 172 
157 173 
158 173 
158 174 
159 174 
159 175 
160 175 
160 176 
161 177 
161 178 
162 178 
162 179 
163 179 
163 180 
164 180 
164 181 
165 181 
165 182 
166 182 
166 183 
167 183 
167 184 
168 184 
168 185 
169 185 
169 186 
170 186 
170 187 
171 187 
171 188 
172 188 
172 189 
173 189 
173 190 
174 190 
174 191 
175 191 
175 192 
176 192 
177 193 
178 193 
178 194 
179 194 
179 195 
180 195 
180 196 
181 196 
181 197 
182 197 
182 198 
183 198 
183 199 
184 199 
184 200 
185 200 
185 201 
186 201 
186 202 
187 202 
187 203 
188 203 
188 204 
189 204 
189 205 
190 205 
190 206 
191 206 
191 207 
192 207 
192 208 
193 209 
193 210 
194 210 
194 211 
195 211 
195 212 
196 212 
196 213 
197 213 
197 214 
198 214 
198 215 
199 215 
199 216 
200 216 
200 217 
201 217 
201 218 
202 218 
202 219 
203 219 
203 220 
204 220 
204 221 
205 221 
205 222 
206 222 
206 223 
207 223 
207 224 
208 224 
209 225 
210 225 
210 226 
211 226 
211 227 
212 227 
212 228 
213 228 
213 229 
214 229 
214 230 
215 230 
215 231 
216 231 
216 232 
217 232 
217 233 
218 233 
218 234 
219 234 
219 235 
220 235 
220 236 
221 236 
221 237 
222 237 
222 238 
223 238 
223 239 
224 239 
224 240 
225 241 
225 242 
226 242 
226 243 
227 243 
227 244 
228 244 
228 245 
229 245 
229 246 
230 246 
230 247 
231 247 
231 248 
232 248 
232 249 
233 249 
233 250 
234 250 
234 251 
235 251 
235 252 
236 252 
236 253 
237 253 
237 254 
238 254 
238 255 
239 255 
239 256 
240 256 
241 257 
242 257 
242 258 
243 258 
243 259 
244 259 
244 260 
245 260 
245 261 
246 261 
246 262 
247 262 
247 263 
248 263 
248 264 
249 264 
249 265 
250 265 
250 266 
251 266 
251 267 
252 267 
252 268 
253 268 
253 269 
254 269 
254 270 
255 270 
255 271 
256 271 
256 272 
257 273 
257 274 
258 274 
258 275 
259 275 
259 276 
260 276 
260 277 
261 277 
261 278 
262 278 
262 279 
263 279 
263 280 
264 280 
264 281 
265 281 
265 282 
266 282 
266 283 
267 283 
267 284 
268 284 
268 285 
269 285 
269 286 
270 286 
270 287 
271 287 
271 288 
272 288 
273 289 
274 289 
274 290 
275 290 
275 291 
276 291 
276 292 
277 292 
277 293 
278 293 
278 294 
279 294 
279 295 
280 295 
280 296 
281 296 
281 297 
282 297 
282 298 
283 298 
283 299 
284 299 
284 300 
285 300 
285 301 
286 301 
286 302 
287 302 
287 303 
288 303 
288 304 
289 305 
289 306 
290 306 
290 307 
291 307 
291 308 
292 308 
292 309 
293 309 
293 310 
294 310 
294 311 
295 311 
295 312 
296 312 
296 313 
297 313 
297 314 
298 314 
298 315 
299 315 
299 316 
300 316 
300 317 
301 317 
301 318 
302 318 
302 319 
303 319 
303 320 
304 320 
305 321 
306 321 
306 322 
307 322 
307 323 
308 323 
308 324 
309 324 
309 325 
310 325 
310 326 
311 326 
311 327 
312 327 
312 328 
313 328 
313 329 
314 329 
314 330 
315 330 
315 331 
316 331 
316 332 
317 332 
317 333 
318 333 
318 334 
319 334 
319 335 
320 335 
320 336 
321 337 
321 338 
322 338 
322 339 
323 339 
323 340 
324 340 
324 341 
325 341 
325 342 
326 342 
326 343 
327 343 
327 344 
328 344 
328 345 
329 345 
329 346 
330 346 
330 347 
331 347 
331 348 
332 348 
332 349 
333 349 
333 350 
334 350 
334 351 
335 351 
335 352 
336 352 
337 353 
338 353 
338 354 
339 354 
339 355 
340 355 
340 356 
341 356 
341 357 
342 357 
342 358 
343 358 
343 359 
344 359 
344 360 
345 360 
345 361 
346 361 
346 362 
347 362 
347 363 
348 363 
348 364 
349 364 
349 365 
350 365 
350 366 
351 366 
351 367 
352 367 
352 368 
353 369 
353 370 
354 370 
354 371 
355 371 
355 372 
356 372 
356 373 
357 373 
357 374 
358 374 
358 375 
359 375 
359 376 
360 376 
360 377 
361 377 
361 378 
362 378 
362 379 
363 379 
363 380 
364 380 
364 381 
365 381 
365 382 
366 382 
366 383 
367 383 
367 384 
368 384 
369 385 
370 385 
370 386 
371 386 
371 387 
372 387 
372 388 
373 388 
373 389 
374 389 
374 390 
375 390 
375 391 
376 391 
376 392 
377 392 
377 393 
378 393 
378 394 
379 394 
379 395 
380 395 
380 396 
381 396 
381 397 
382 397 
382 398 
383 398 
383 399 
384 399 
384 400 
385 401 
385 402 
386 402 
386 403 
387 403 
387 404 
388 404 
388 405 
389 405 
389 406 
390 406 
390 407 
391 407 
391 408 
392 408 
392 409 
393 409 
393 410 
394 410 
394 411 
395 411 
395 412 
396 412 
396 413 
397 413 
397 414 
398 414 
398 415 
399 415 
399 416 
400 416 
401 417 
402 417 
402 418 
403 418 
403 419 
404 419 
404 420 
405 420 
405 421 
406 421 
406 422 
407 422 
407 423 
408 423 
408 424 
409 424 
409 425 
410 425 
410 426 
411 426 
411 427 
412 427 
412 428 
413 428 
413 429 
414 429 
414 430 
415 430 
415 431 
416 431 
416 432 
417 433 
417 434 
418 434 
418 435 
419 435 
419 436 
420 436 
420 437 
421 437 
421 438 
422 438 
422 439 
423 439 
423 440 
424 440 
424 441 
425 441 
425 442 
426 442 
426 443 
427 443 
427 444 
428 444 
428 445 
429 445 
429 446 
430 446 
430 447 
431 447 
431 448 
432 448 
433 449 
434 449 
434 450 
435 450 
435 451 
436 451 
436 452 
437 452 
437 453 
438 453 
438 454 
439 454 
439 455 
440 455 
440 456 
441 456 
441 457 
442 457 
442 458 
443 458 
443 459 
444 459 
444 460 
445 460 
445 461 
446 461 
446 462 
447 462 
447 463 
448 463 
448 464 
449 465 
449 466 
450 466 
450 467 
451 467 
451 468 
452 468 
452 469 
453 469 
453 470 
454 470 
454 471 
455 471 
455 472 
456 472 
456 473 
457 473 
457 474 
458 474 
458 475 
459 475 
459 476 
460 476 
460 477 
461 477 
461 478 
462 478 
462 479 
463 479 
463 480 
464 480 
465 0 
466 0 
466 0 
467 0 
467 0 
468 0 
468 0 
469 0 
469 0 
470 0 
470 0 
471 0 
471 0 
472 0 
472 0 
473 0 
473 0 
474 0 
474 0 
475 0 
475 0 
476 0 
476 0 
477 0 
477 0 
478 0 
478 0 
479 0 
479 0 
480 0 
480 0 
1 2 32 33 
3 4 34 35 
5 6 36 37 
7 8 38 39 
9 10 40 41 
11 12 42 43 
13 14 44 45 
15 16 46 47 
17 18 48 49 
19 20 50 51 
21 22 52 53 
23 24 54 55 
25 26 56 57 
27 28 58 59 
29 30 60 61 
31 62 0 0 
32 63 0 0 
33 34 64 65 
35 36 66 67 
37 38 68 69 
39 40 70 71 
41 42 72 73 
43 44 74 75 
45 46 76 77 
47 48 78 79 
49 50 80 81 
51 52 82 83 
53 54 84 85 
55 56 86 87 
57 58 88 89 
59 60 90 91 
61 62 92 93 
63 64 94 95 
65 66 96 97 
67 68 98 99 
69 70 100 101 
71 72 102 103 
73 74 104 105 
75 76 106 107 
77 78 108 109 
79 80 110 111 
81 82 112 113 
83 84 114 115 
85 86 116 117 
87 88 118 119 
89 90 120 121 
91 92 122 123 
93 124 0 0 
94 125 0 0 
95 96 126 127 
97 98 128 129 
99 100 130 131 
101 102 132 133 
103 104 134 135 
105 106 136 137 
107 108 138 139 
109 110 140 141 
111 112 142 143 
113 114 144 145 
115 116 146 147 
117 118 148 149 
119 120 150 151 
121 122 152 153 
123 124 154 155 
125 126 156 157 
127 128 158 159 
129 130 160 161 
131 132 162 163 
133 134 164 165 
135 136 166 167 
137 138 168 169 
139 140 170 171 
141 142 172 173 
143 144 174 175 
145 146 176 177 
147 148 178 179 
149 150 180 181 
151 152 182 183 
153 154 184 185 
155 186 0 0 
156 187 0 0 
157 158 188 189 
159 160 190 191 
161 162 192 193 
163 164 194 195 
165 166 196 197 
167 168 198 199 
169 170 200 201 
171 172 202 203 
173 174 204 205 
175 176 206 207 
177 178 208 209 
179 180 210 211 
181 182 212 213 
183 184 214 215 
185 186 216 217 
187 188 218 219 
189 190 220 221 
191 192 222 223 
193 194 224 225 
195 196 226 227 
197 198 228 229 
199 200 230 231 
201 202 232 233 
203 204 234 235 
205 206 236 237 
207 208 238 239 
209 210 240 241 
211 212 242 243 
213 214 244 245 
215 216 246 247 
217 248 0 0 
218 249 0 0 
219 220 250 251 
221 222 252 253 
223 224 254 255 
225 226 256 257 
227 228 258 259 
229 230 260 261 
231 232 262 263 
233 234 264 265 
235 236 266 267 
237 238 268 269 
239 240 270 271 
241 242 272 273 
243 244 274 275 
245 246 276 277 
247 248 278 279 
249 250 280 281 
251 252 282 283 
253 254 284 285 
255 256 286 287 
257 258 288 289 
259 260 290 291 
261 262 292 293 
263 264 294 295 
265 266 296 297 
267 268 298 299 
269 270 300 301 
271 272 302 303 
273 274 304 305 
275 276 306 307 
277 278 308 309 
279 310 0 0 
280 311 0 0 
281 282 312 313 
283 284 314 315 
285 286 316 317 
287 288 318 319 
289 290 320 321 
291 292 322 323 
293 294 324 325 
295 296 326 327 
297 298 328 329 
299 300 330 331 
301 302 332 333 
303 304 334 335 
305 306 336 337 
307 308 338 339 
309 310 340 341 
311 312 342 343 
313 314 344 345 
315 316 346 347 
317 318 348 349 
319 320 350 351 
321 322 352 353 
323 324 354 355 
325 326 356 357 
327 328 358 359 
329 330 360 361 
331 332 362 363 
333 334 364 365 
335 336 366 367 
337 338 368 369 
339 340 370 371 
341 372 0 0 
342 373 0 0 
343 344 374 375 
345 346 376 377 
347 348 378 379 
349 350 380 381 
351 352 382 383 
353 354 384 385 
355 356 386 387 
357 358 388 389 
359 360 390 391 
361 362 392 393 
363 364 394 395 
365 366 396 397 
367 368 398 399 
369 370 400 401 
371 372 402 403 
373 374 404 405 
375 376 406 407 
377 378 408 409 
379 380 410 411 
381 382 412 413 
383 384 414 415 
385 386 416 417 
387 388 418 419 
389 390 420 421 
391 392 422 423 
393 394 424 425 
395 396 426 427 
397 398 428 429 
399 400 430 431 
401 402 432 433 
403 434 0 0 
404 435 0 0 
405 406 436 437 
407 408 438 439 
409 410 440 441 
411 412 442 443 
413 414 444 445 
415 416 446 447 
417 418 448 449 
419 420 450 451 
421 422 452 453 
423 424 454 455 
425 426 456 457 
427 428 458 459 
429 430 460 461 
431 432 462 463 
433 434 464 465 
435 436 466 467 
437 438 468 469 
439 440 470 471 
441 442 472 473 
443 444 474 475 
445 446 476 477 
447 448 478 479 
449 450 480 481 
451 452 482 483 
453 454 484 485 
455 456 486 487 
457 458 488 489 
459 460 490 491 
461 462 492 493 
463 464 494 495 
465 496 0 0 
466 497 0 0 
467 468 498 499 
469 470 500 501 
471 472 502 503 
473 474 504 505 
475 476 506 507 
477 478 508 509 
479 480 510 511 
481 482 512 513 
483 484 514 515 
485 486 516 517 
487 488 518 519 
489 490 520 521 
491 492 522 523 
493 494 524 525 
495 496 526 527 
497 498 528 529 
499 500 530 531 
501 502 532 533 
503 504 534 535 
505 506 536 537 
507 508 538 539 
509 510 540 541 
511 512 542 543 
513 514 544 545 
515 516 546 547 
517 518 548 549 
519 520 550 551 
521 522 552 553 
523 524 554 555 
525 526 556 557 
527 558 0 0 
528 559 0 0 
529 530 560 561 
531 532 562 563 
533 534 564 565 
535 536 566 567 
537 538 568 569 
539 540 570 571 
541 542 572 573 
543 544 574 575 
545 546 576 577 
547 548 578 579 
549 550 580 581 
551 552 582 583 
553 554 584 585 
555 556 586 587 
557 558 588 589 
559 560 590 591 
561 562 592 593 
563 564 594 595 
565 566 596 597 
567 568 598 599 
569 570 600 601 
571 572 602 603 
573 574 604 605 
575 576 606 607 
577 578 608 609 
579 580 610 611 
581 582 612 613 
583 584 614 615 
585 586 616 617 
587 588 618 619 
589 620 0 0 
590 621 0 0 
591 592 622 623 
593 594 624 625 
595 596 626 627 
597 598 628 629 
599 600 630 631 
601 602 632 633 
603 604 634 635 
605 606 636 637 
607 608 638 639 
609 610 640 641 
611 612 642 643 
613 614 644 645 
615 616 646 647 
617 618 648 649 
619 620 650 651 
621 622 652 653 
623 624 654 655 
625 626 656 657 
627 628 658 659 
629 630 660 661 
631 632 662 663 
633 634 664 665 
635 636 666 667 
637 638 668 669 
639 640 670 671 
641 642 672 673 
643 644 674 675 
645 646 676 677 
647 648 678 679 
649 650 680 681 
651 682 0 0 
652 683 0 0 
653 654 684 685 
655 656 686 687 
657 658 688 689 
659 660 690 691 
661 662 692 693 
663 664 694 695 
665 666 696 697 
667 668 698 699 
669 670 700 701 
671 672 702 703 
673 674 704 705 
675 676 706 707 
677 678 708 709 
679 680 710 711 
681 682 712 713 
683 684 714 715 
685 686 716 717 
687 688 718 719 
689 690 720 721 
691 692 722 723 
693 694 724 725 
695 696 726 727 
697 698 728 729 
699 700 730 731 
701 702 732 733 
703 704 734 735 
705 706 736 737 
707 708 738 739 
709 710 740 741 
711 712 742 743 
713 744 0 0 
714 745 0 0 
715 716 746 747 
717 718 748 749 
719 720 750 751 
721 722 752 753 
723 724 754 755 
725 726 756 757 
727 728 758 759 
729 730 760 761 
731 732 762 763 
733 734 764 765 
735 736 766 767 
737 738 768 769 
739 740 770 771 
741 742 772 773 
743 744 774 775 
745 746 776 777 
747 748 778 779 
749 750 780 781 
751 752 782 783 
753 754 784 785 
755 756 786 787 
757 758 788 789 
759 760 790 791 
761 762 792 793 
763 764 794 795 
765 766 796 797 
767 768 798 799 
769 770 800 801 
771 772 802 803 
773 774 804 805 
775 806 0 0 
776 807 0 0 
777 778 808 809 
779 780 810 811 
781 782 812 813 
783 784 814 815 
785 786 816 817 
787 788 818 819 
789 790 820 821 
791 792 822 823 
793 794 824 825 
795 796 826 827 
797 798 828 829 
799 800 830 831 
801 802 832 833 
803 804 834 835 
805 806 836 837 
807 808 838 839 
809 810 840 841 
811 812 842 843 
813 814 844 845 
815 816 846 847 
817 818 848 849 
819 820 850 851 
821 822 852 853 
823 824 854 855 
825 826 856 857 
827 828 858 859 
829 830 860 861 
831 832 862 863 
833 834 864 865 
835 836 866 867 
837 868 0 0 
838 869 0 0 
839 840 870 871 
841 842 872 873 
843 844 874 875 
845 846 876 877 
847 848 878 879 
849 850 880 881 
851 852 882 883 
853 854 884 885 
855 856 886 887 
857 858 888 889 
859 860 890 891 
861 862 892 893 
863 864 894 895 
865 866 896 897 
867 868 898 899 
869 870 900 901 
871 872 902 903 
873 874 904 905 
875 876 906 907 
877 878 908 909 
879 880 910 911 
881 882 912 913 
883 884 914 915 
885 886 916 917 
887 888 918 919 
889 890 920 921 
891 892 922 923 
893 894 924 925 
895 896 926 927 
897 898 928 929 
899 930 0 0 
900 931 0 0 
901 902 932 933 
903 904 934 935 
905 906 936 937 
907 908 938 939 
909 910 940 941 
911 912 942 943 
913 914 944 945 
915 916 946 947 
917 918 948 949 
919 920 950 951 
921 922 952 953 
923 924 954 955 
925 926 956 957 
927 928 958 959 
929 930 960 961 
