49 25
2 7
2 2 2 2 2 2 2 2 2 2 2 2 2 2 2 2 2 2 2 2 2 2 2 2 2 2 2 2 2 2 2 2 2 2 2 2 2 2 2 2 2 2 1 1 1 1 1 1 1
4 4 4 2 2 4 4 4 4 4 4 2 2 4 4 4 4 4 4 2 2 4 4 4 7
1 25
1 25
2 25
2 25
3 25
3 25
4 25
1 5
1 6
2 6
2 7
3 7
3 8
4 8
5 9
6 9
6 10
7 10
7 11
8 11
8 12
9 13
9 14
10 14
10 15
11 15
11 16
12 16
13 17
14 17
14 18
15 18
15 19
16 19
16 20
17 21
17 22
18 22
18 23
19 23
19 24
20 24
21 0
22 0
22 0
23 0
23 0
24 0
24 0
1 2 8 9 0 0 0
3 4 10 11 0 0 0
5 6 12 13 0 0 0
7 14 0 0 0 0 0
8 15 0 0 0 0 0
9 10 16 17 0 0 0
11 12 18 19 0 0 0
13 14 20 21 0 0 0
15 16 22 23 0 0 0
17 18 24 25 0 0 0
19 20 26 27 0 0 0
21 28 0 0 0 0 0
22 29 0 0 0 0 0
23 24 30 31 0 0 0
25 26 32 33 0 0 0
27 28 34 35 0 0 0
29 30 36 37 0 0 0
31 32 38 39 0 0 0
33 34 40 41 0 0 0
35 42 0 0 0 0 0
36 43 0 0 0 0 0
37 38 44 45 0 0 0
39 40 46 47 0 0 0
41 42 48 49 0 0 0
1 2 3 4 5 6 7
