49 24
2 4
1 1 1 1 1 1 1 2 2 2 2 2 2 2 2 2 2 2 2 2 2 2 2 2 2 2 2 2 2 2 2 2 2 2 2 2 2 2 2 2 2 2 1 1 1 1 1 1 1
4 4 4 2 2 4 4 4 4 4 4 2 2 4 4 4 4 4 4 2 2 4 4 4
1 0
1 0
2 0
2 0
3 0
3 0
4 0
1 5
1 6
2 6
2 7
3 7
3 8
4 8
5 9
6 9
6 10
7 10
7 11
8 11
8 12
9 13
9 14
10 14
10 15
11 15
11 16
12 16
13 17
14 17
14 18
15 18
15 19
16 19
16 20
17 21
17 22
18 22
18 23
19 23
19 24
20 24
21 0
22 0
22 0
23 0
23 0
24 0
24 0
1 2 8 9
3 4 10 11
5 6 12 13
7 14 0 0
8 15 0 0
9 10 16 17
11 12 18 19
13 14 20 21
15 16 22 23
17 18 24 25
19 20 26 27
21 28 0 0
22 29 0 0
23 24 30 31
25 26 32 33
27 28 34 35
29 30 36 37
31 32 38 39
33 34 40 41
35 42 0 0
36 43 0 0
37 38 44 45
39 40 46 47
41 42 48 49
