49 24
2 4
1 2 2 2 2 2 1 1 2 2 2 2 2 1 1 2 2 2 2 2 1 1 2 2 2 2 2 1 1 2 2 2 2 2 1 1 2 2 2 2 2 1 1 2 2 2 2 2 1
2 2 2 4 4 4 4 4 4 4 4 4 4 4 4 4 4 4 4 4 4 2 2 2
1 0
1 4
2 4
2 5
3 5
3 6
6 0
7 0
4 7
4 8
5 8
5 9
6 9
6 0
7 0
7 10
8 10
8 11
9 11
9 12
12 0
13 0
10 13
10 14
11 14
11 15
12 15
12 0
13 0
13 16
14 16
14 17
15 17
15 18
18 0
19 0
16 19
16 20
17 20
17 21
18 21
18 0
19 0
19 22
20 22
20 23
21 23
21 24
24 0
1 2 0 0
3 4 0 0
5 6 0 0
2 3 9 10
4 5 11 12
6 7 13 14
8 9 15 16
10 11 17 18
12 13 19 20
16 17 23 24
18 19 25 26
20 21 27 28
22 23 29 30
24 25 31 32
26 27 33 34
30 31 37 38
32 33 39 40
34 35 41 42
36 37 43 44
38 39 45 46
40 41 47 48
44 45 0 0
46 47 0 0
48 49 0 0
