81 41
2 9
2 2 2 2 2 2 2 2 1 2 2 2 2 2 2 2 2 1 2 2 2 2 2 2 2 2 1 2 2 2 2 2 2 2 2 1 2 2 2 2 2 2 2 2 1 2 2 2 2 2 2 2 2 1 2 2 2 2 2 2 2 2 1 2 2 2 2 2 2 2 2 1 2 2 2 2 2 2 2 2 1 
2 2 2 2 4 4 4 4 4 4 4 4 4 4 4 4 4 4 4 4 4 4 4 4 4 4 4 4 4 4 4 4 4 4 4 4 2 2 2 2 9 
1 41 
1 5 
2 5 
2 6 
3 6 
3 7 
4 7 
4 8 
8 0 
9 41 
5 9 
5 10 
6 10 
6 11 
7 11 
7 12 
8 12 
8 0 
9 41 
9 13 
10 13 
10 14 
11 14 
11 15 
12 15 
12 16 
16 0 
17 41 
13 17 
13 18 
14 18 
14 19 
15 19 
15 20 
16 20 
16 0 
17 41 
17 21 
18 21 
18 22 
19 22 
19 23 
20 23 
20 24 
24 0 
25 41 
21 25 
21 26 
22 26 
22 27 
23 27 
23 28 
24 28 
24 0 
25 41 
25 29 
26 29 
26 30 
27 30 
27 31 
28 31 
28 32 
32 0 
33 41 
29 33 
29 34 
30 34 
30 35 
31 35 
31 36 
32 36 
32 0 
33 41 
33 37 
34 37 
34 38 
35 38 
35 39 
36 39 
36 40 
40 0 
1 2 0 0 0 0 0 0 0 
3 4 0 0 0 0 0 0 0 
5 6 0 0 0 0 0 0 0 
7 8 0 0 0 0 0 0 0 
2 3 11 12 0 0 0 0 0 
4 5 13 14 0 0 0 0 0 
6 7 15 16 0 0 0 0 0 
8 9 17 18 0 0 0 0 0 
10 11 19 20 0 0 0 0 0 
12 13 21 22 0 0 0 0 0 
14 15 23 24 0 0 0 0 0 
16 17 25 26 0 0 0 0 0 
20 21 29 30 0 0 0 0 0 
22 23 31 32 0 0 0 0 0 
24 25 33 34 0 0 0 0 0 
26 27 35 36 0 0 0 0 0 
28 29 37 38 0 0 0 0 0 
30 31 39 40 0 0 0 0 0 
32 33 41 42 0 0 0 0 0 
34 35 43 44 0 0 0 0 0 
38 39 47 48 0 0 0 0 0 
40 41 49 50 0 0 0 0 0 
42 43 51 52 0 0 0 0 0 
44 45 53 54 0 0 0 0 0 
46 47 55 56 0 0 0 0 0 
48 49 57 58 0 0 0 0 0 
50 51 59 60 0 0 0 0 0 
52 53 61 62 0 0 0 0 0 
56 57 65 66 0 0 0 0 0 
58 59 67 68 0 0 0 0 0 
60 61 69 70 0 0 0 0 0 
62 63 71 72 0 0 0 0 0 
64 65 73 74 0 0 0 0 0 
66 67 75 76 0 0 0 0 0 
68 69 77 78 0 0 0 0 0 
70 71 79 80 0 0 0 0 0 
74 75 0 0 0 0 0 0 0 
76 77 0 0 0 0 0 0 0 
78 79 0 0 0 0 0 0 0 
80 81 0 0 0 0 0 0 0 
1 10 19 28 37 46 55 64 73 
